epoch,phase,loss,accuracy,accuracy_nn,temperature,length,length_nn,lexicon_size,actual_vocab_size,entropy_msg,entropy_max,entropy_msg_mc_ml,entropy_msg_mc_perks,entropy_msg_mc_james-stein,entropy_msg_mc_minimax,entropy_msg_1_ml,entropy_msg_1_perks,entropy_msg_1_james-stein,entropy_msg_1_minimax,redundancy,kld_train_test,kld_test_train,mutual_info_sent_received,topsim,topsim_norm_max,entropy_target,mutual_info_msg_target,proficiency_msg_target,mutual_info_msg_target_shape,proficiency_msg_target_shape,mutual_info_msg_target_color,proficiency_msg_target_color,mutual_info_msg_target_x,proficiency_msg_target_x,mutual_info_msg_target_y,proficiency_msg_target_y,entropy_selected,mutual_info_msg_selected,proficiency_msg_selected,mutual_info_msg_selected_shape,proficiency_msg_selected_shape,mutual_info_msg_selected_color,proficiency_msg_selected_color,mutual_info_msg_selected_x,proficiency_msg_selected_x,mutual_info_msg_selected_y,proficiency_msg_selected_y,lexicon_size_nn,actual_vocab_size_nn,entropy_msg_nn,entropy_max_nn,entropy_msg_mc_ml_nn,entropy_msg_mc_perks_nn,entropy_msg_mc_james-stein_nn,entropy_msg_mc_minimax_nn,entropy_msg_1_ml_nn,entropy_msg_1_perks_nn,entropy_msg_1_james-stein_nn,entropy_msg_1_minimax_nn,redundancy_nn,kld_train_test_nn,kld_test_train_nn,topsim_nn,topsim_norm_max_nn,mutual_info_msg_target_nn,proficiency_msg_target_nn,mutual_info_msg_target_shape_nn,proficiency_msg_target_shape_nn,mutual_info_msg_target_color_nn,proficiency_msg_target_color_nn,mutual_info_msg_target_x_nn,proficiency_msg_target_x_nn,mutual_info_msg_target_y_nn,proficiency_msg_target_y_nn,entropy_selected_nn,mutual_info_msg_selected_nn,proficiency_msg_selected_nn,mutual_info_msg_selected_shape_nn,proficiency_msg_selected_shape_nn,mutual_info_msg_selected_color_nn,proficiency_msg_selected_color_nn,mutual_info_msg_selected_x_nn,proficiency_msg_selected_x_nn,mutual_info_msg_selected_y_nn,proficiency_msg_selected_y_nn,messages
1,train,1.1300644874572754,30.546875,30.5,1.5,2.66015625,2.66015625,804,11,4.14453125,6.77734375,4.140914985798558,4.140937752766341,4.140984278479769,4.1547060161559735,4.016653715944551,4.017854528881028,4.020141177611646,4.115299205669362,0.388671875,,,3.443359375,0.5595278277903921,0.5600457313223469,7.162105003080282,0.9584457765052337,0.1338217990511204,0.21235864183175224,0.03967099132857467,0.23650014965186728,0.04106492446340363,0.7741102288073858,0.1854347582967032,0.12183058905411404,0.029180489121434904,6.9097690668726495,0.718278510937143,0.10395116015971786,0.1920066078457685,0.03462742638840226,0.23163926861064787,0.039766109002677553,0.48930823153546754,0.11327735669356802,0.1249834989143288,0.02867918276132049,670,10,3.564453125,6.52734375,3.5602557785668942,3.5602917348896743,3.560335902378855,3.578064704879123,3.4879558491627165,3.48939875367195,3.4911420583323114,3.5995575754117235,0.453857421875,,,0.5841735935634811,0.5841735935634811,0.9071463748092503,0.12665918391577677,0.17977172861068347,0.03724809452384724,0.19865733501403504,0.0379659406201096,0.763889449345772,0.20940490022523545,0.10845712483343828,0.029727252997485798,6.9097690668726495,0.6774015496392538,0.09803533853061817,0.16509172692727336,0.0329933644925706,0.2021638381862978,0.038260349161323176,0.48149125347091903,0.12743205485513456,0.11436845492070624,0.029964147862599697,received
2,train,0.8592309355735779,39.53125,39.625,1.4951171875,2.51953125,2.51953125,9,3,1.7265625,6.0546875,1.7274030997943863,1.7274776946082508,1.7275200697941333,1.75824061758301,1.7358956887450987,1.7383631626085159,1.7397433369907545,1.9036421269060662,0.71484375,,,0.8662109375,0.5584009219278624,0.5595797959919704,7.162105003080282,1.0032313873764498,0.14007493424698178,0.002390656299039229,0.0008238696263708872,0.0027375292090523473,0.0008275676474854214,0.9942289580009831,0.5769269677336497,0.0014105606061933784,0.000818276264806594,6.898809999375775,1.003469876015863,0.1454555026311291,0.0023594904308330555,0.0008402028643891637,0.0026412642213271553,0.0008511340383427175,0.8498152368577836,0.5393567816602926,0.0013231842076582012,0.0008077792882122936,2,2,1.0146484375,5.8203125,1.0150348232910504,1.0151123187801123,1.015112729324094,1.0472695585604808,1.0085384552848953,1.0111017792136192,1.0111122223086462,1.18472247703902,0.82568359375,,,0.5835896873476016,0.5835896873476016,1.0020126922570225,0.1399047754572261,0.0015972290040791037,0.0007308478749186167,0.0017251525281896107,0.0006656637562800873,0.9942347566350049,0.9872997888548759,0.0008171624584125681,0.0008110591292971076,6.898809999375775,1.0016586197418649,0.14519295644212524,0.0013672452650741462,0.0006523081205133221,0.0015530112089026105,0.0006495232025081636,0.8497364538328718,0.9841961849349459,0.0007385625576601385,0.0007977352597154762,received
3,train,0.8526880741119385,40.65625,40.59375,1.490234375,2.521484375,2.521484375,11,3,1.728515625,6.05859375,1.726266206774062,1.7263407145911531,1.7263831121453088,1.7571025698503664,1.71875875025375,1.721230397161466,1.722588458406164,1.8867806252406187,0.71484375,,,0.8642578125,0.5485985309844877,0.5499319711773004,7.162105003080282,0.9986249466090924,0.13943176568614998,0.003883572102822086,0.001337258602758914,0.004891732856033393,0.0014777263327083391,0.988213068700798,0.5726424403583786,0.0022348168007582103,0.0012946393787805412,6.9834758501619705,1.0041304282426875,0.14378662571295328,0.002548824839385233,0.0008941605287066574,0.003299224147508717,0.0010444614291897582,0.8938285617102544,0.5520487339083456,0.0014049584830582162,0.0008480933229489899,4,2,1.015625,5.828125,1.0154740527426813,1.0155514931886442,1.0155519214579514,1.0477132315648974,1.006736389583388,1.0093021098739992,1.0093113358573635,1.1830271136380186,0.82568359375,,,0.573602545851557,0.5736030605739122,0.9963392964277706,0.13911263462337742,0.003177486302484489,0.0014495470283895236,0.004166215849231492,0.00160347885941138,0.9880567251018846,0.9747684597833093,0.0018379184908505763,0.0018123048498460376,6.9834758501619705,1.0028936142186045,0.14360951992056276,0.0018172669168512456,0.000849934099238103,0.00258494596019343,0.0010566392981494817,0.8938930873406035,0.9858579268723833,0.0009164341628471462,0.0009705803277441072,received
4,train,0.842328667640686,41.46875,41.34375,1.484375,2.56640625,2.56640625,48,11,2.005859375,6.34375,2.0093542133205666,2.009419656682066,2.0094684386525135,2.037997448671602,1.9975408290999144,1.9999093859576806,2.001645172103648,2.159351274535871,0.68359375,,,1.126953125,0.5495684061346834,0.5260416968177412,7.162105003080282,1.0366461776414986,0.14474043276322496,0.011707514620482584,0.0037261892700483214,0.013266022206746442,0.0037388721314280684,0.9931212646348211,0.5057832912156421,0.024562658476049215,0.0125062405789639,6.9308292339824815,1.0297847589479283,0.1485803104048215,0.011868647408613597,0.003848235767805675,0.014076883788460393,0.004155616441561695,0.873250477300429,0.4730147977245542,0.012733282730931883,0.006880723129212861,32,10,1.287109375,6.10546875,1.2857690750614053,1.285838471501658,1.285845776070591,1.3160443381683733,1.273311365131049,1.2757797784131328,1.276030444423619,1.4436975896093063,0.7890625,,,0.5665852251433477,0.541380713797354,1.0340186189716525,0.14437356315314298,0.00967594796455451,0.003988470429676624,0.011039388701703068,0.0038978682368883996,0.9930596250720898,0.7960034207407073,0.02390208085638612,0.019151419248029686,6.9308292339824815,1.0270877769762115,0.148191182079672,0.010822829323200445,0.004567687864803196,0.012957388042956097,0.004848070512370173,0.8732665017657322,0.7718516289889009,0.012008788471322696,0.010572724447672162,received
5,train,0.6903923749923706,49.53125,49.65625,1.4794921875,3.220703125,3.220703125,146,11,3.44140625,8.4296875,3.4389363993252937,3.43898543374631,3.4391117014572945,3.4619409894700945,3.421899843274476,3.4239309214255034,3.4290377309729894,3.560160093055872,0.591796875,,,2.259765625,0.5867287807900368,0.49394765755077646,7.162105003080282,1.5198261730747182,0.21220383845546392,0.025938831722765343,0.006338589670312099,0.029107225581457286,0.006470587908480122,0.9938394972307485,0.3410818898888075,0.4835539493488694,0.16592532704786572,7.055908547839477,1.4246258407747248,0.20190537208860876,0.03066908305104743,0.007428546347129896,0.03577083295783101,0.007936508436225552,0.9414278558278202,0.3189710654712629,0.3746332780541479,0.12706402195372749,94,10,2.48046875,8.09375,2.48227339269044,2.482331796623527,2.482387242618907,2.5084544200869545,2.4580883072845494,2.460303439129037,2.4623499540308114,2.6101281662929887,0.693359375,,,0.6012535897796251,0.49908200373410055,1.511735876525293,0.2110742408656568,0.019179276112442523,0.006109144513486543,0.02173675771861383,0.0061305973320862,0.9942337070305758,0.5069997363900298,0.48295889366763145,0.2462172569460677,7.055908547839477,1.4168185105577997,0.20079887670761126,0.023986101320294217,0.007536492962337341,0.02856858784669125,0.008022087316084926,0.9417288927489373,0.46955701513809467,0.3740579916579385,0.186795632100572,received
6,train,0.6476611495018005,52.40625,52.28125,1.474609375,3.265625,3.265625,18,5,2.65625,8.328125,2.6544871460743718,2.6545559609412437,2.6547023732212365,2.683034473152933,2.6694530562552385,2.671782422969425,2.6766454123037624,2.825659931592847,0.68115234375,,,1.3779296875,0.5864111954832592,0.49900742288154,7.162105003080282,1.4997518781428734,0.20940099000194207,0.005039155657790673,0.0015140037717407482,0.005625948255673308,0.0015064615175689883,0.993973470435904,0.46232583069313166,0.4909675599984782,0.22831002416765667,7.039145513685317,1.4981890487251097,0.21283677767597942,0.0056095018623327775,0.0017172752870982574,0.006158253552968063,0.0016876801331489047,0.9250253905815349,0.4430983764053631,0.46717423750286535,0.2239295746170229,4,4,1.60546875,7.98828125,1.604252104200172,1.6043264065098668,1.6043743419605232,1.6351556545650388,1.6055569974266997,1.6080394928254893,1.6096212614381358,1.7747310584908402,0.798828125,,,0.6003391387200024,0.50423761546019,1.4966835188274925,0.20897257415016926,0.0023444136219845646,0.0010270996271318665,0.0025265781509586915,0.000939689191718822,0.9943383737682359,0.9005589370826274,0.49056077766652884,0.4440928309939917,7.039145513685317,1.4949964523183814,0.2123832288183061,0.0030288396948012775,0.0013669128544763843,0.003350608212555173,0.0012895594448479669,0.9254285020436388,0.8924592444704997,0.466634516843234,0.4506075824039251,received
7,train,0.6447570323944092,53.0,52.96875,1.4697265625,3.265625,3.265625,16,4,2.607421875,8.328125,2.607368104860084,2.6074380222044646,2.60758416777163,2.63620739176607,2.6199095826216747,2.6222553535887605,2.6271589786992133,2.777187648082353,0.68701171875,,,1.3935546875,0.5807821556544827,0.5017015249586074,7.162105003080282,1.4984042873046022,0.2092128343078142,0.004068333636457311,0.0012393828613215287,0.004401959914138942,0.0011933541527521473,0.9939326581363268,0.4723732998383246,0.49110200042850405,0.23334403214053814,7.0433875857243,1.4920310155055345,0.2118342910064494,0.0056205621482030566,0.0017457805817676425,0.006077817335233604,0.001688615250753666,0.9123909206032499,0.449214514631773,0.47388106686682363,0.23045204004755468,3,3,1.5517578125,7.984375,1.5518906062621034,1.551965948681501,1.5520130220094834,1.5830508035480777,1.566234621171417,1.568721757099845,1.5702650694133067,1.7358498468580763,0.8056640625,,,0.5983993269680109,0.5094874201220669,1.4960430761618626,0.20888315313981623,0.002169121706172561,0.0009723035131423008,0.0023765160022506393,0.0009011884611724155,0.9943377374569753,0.9447500558739558,0.4906070181599489,0.46591865139094407,7.0433875857243,1.489773304014945,0.2115137475941906,0.003619257175222934,0.0016694126852317024,0.003891401554582785,0.0015273810697635428,0.912747173052395,0.9318018665455616,0.4733901384383108,0.4711376135862043,received
8,train,0.6411098837852478,54.25,54.25,1.46484375,3.265625,3.265625,17,5,2.587890625,8.328125,2.590835259834285,2.59090557869785,2.5910522311986237,2.6197952669199305,2.5862752866010936,2.5886295268401676,2.5933784730907687,2.7441156690087607,0.689453125,,,1.3056640625,0.5839487681844572,0.49813856324259637,7.162105003080282,1.4980114035943197,0.20915797840858996,0.003308790663444583,0.0010148175420745917,0.003795983539438552,0.001035270308288729,0.9939223742630094,0.4773754549151802,0.4911032291019657,0.23581744295510504,7.049485101098418,1.4942856558458883,0.2119708935356223,0.004209348405733948,0.0013114066121335853,0.004826007089047124,0.0013447712966356594,0.9224896434024235,0.4564872902489334,0.4683301111295268,0.2310242055576356,4,4,1.5302734375,7.984375,1.5294941513338913,1.529569603014109,1.529616181258943,1.5607311747401835,1.5252974938651145,1.5277938034374714,1.5293071734291277,1.695600844864236,0.80810546875,,,0.6004586152999775,0.5049468997636497,1.4957526771350136,0.20884260653700545,0.001814871269974816,0.000822436106215317,0.002008930556200994,0.0007688559798728693,0.9943730954932608,0.9670261779178292,0.4905292702850179,0.4768066065530379,7.049485101098418,1.4922560956657098,0.21168299163199783,0.0023764252315130463,0.0011034856974649337,0.002838059459949527,0.0011206617365936953,0.9228181433578433,0.9566749235597819,0.4678329713404077,0.4818269069710167,received
9,train,0.6389801502227783,54.65625,54.5,1.4599609375,3.265625,3.265625,17,5,2.578125,8.328125,2.577786275320961,2.577857303730302,2.578004516503328,2.606907623559246,2.5585613165892815,2.560922532336066,2.565555893245641,2.716881301129548,0.6904296875,,,1.2958984375,0.5887440465579201,0.5060970361916937,7.162105003080282,1.4974471753582659,0.20907919874314088,0.002960425237420239,0.000910211878527437,0.0034224812257939163,0.0009354522167671485,0.9939962527944015,0.4792572752329704,0.4909117521952817,0.23663692334028597,7.052558188373435,1.4948851775191572,0.21196353686008076,0.0033463199780561226,0.001048906256261359,0.004022017750576978,0.0011243871747933663,0.9280156737668097,0.4610865250013873,0.4679860519339538,0.2318041614962967,4,4,1.51953125,7.984375,1.519306536519998,1.5193822240243027,1.5194286882591514,1.5506062932211089,1.508886455350571,1.5113896944223904,1.512893364217414,1.6796047449511637,0.8095703125,,,0.602991593229365,0.5109375045212456,1.4954842690285806,0.20880513038909676,0.0014867625759125147,0.000677148286148701,0.0016545888797150354,0.0006359390265038378,0.9943731630216632,0.9775582847963598,0.490469798619964,0.4819385919667056,7.052558188373435,1.4930175316936638,0.21169871865148063,0.0017781041504649764,0.0008328999065194107,0.002359384993968483,0.0009356638124343094,0.9283546499351027,0.969852499303035,0.4675439435155484,0.4852929293224299,received
10,train,0.637146532535553,54.75,54.65625,1.455078125,3.265625,3.265625,16,4,2.572265625,8.328125,2.5702850692108035,2.570356315571334,2.5705030898954213,2.59946930314105,2.5605969289244483,2.562961422141976,2.5676915975053043,2.7190465690292513,0.69091796875,,,1.2900390625,0.5877019486523831,0.4986652912386942,7.162105003080282,1.4966280395890998,0.20896482793053567,0.00286779395894321,0.0008820451655999609,0.003105499844096471,0.0008490814843781651,0.9939322513136428,0.47949382778223504,0.4910490669781469,0.23683516368287552,7.059351030073804,1.4943482603005545,0.21168351792316684,0.0033408068494278353,0.0010443012563130605,0.003745573847977468,0.0010473418682130533,0.9301398081765786,0.4628512808936976,0.4675853859054193,0.23137407404895718,3,3,1.513671875,7.984375,1.5142820765173477,1.5143578081562126,1.5144041877218046,1.5456080628256599,1.5225170176623426,1.5250096321714643,1.5265203435089179,1.6927103195428215,0.810546875,,,0.601815882548968,0.5031484811180444,1.495288946680736,0.20877785874929805,0.0012456429258840274,0.0005687385319525091,0.0014162221161813093,0.0005454630950772664,0.9943732259890883,0.9828122654199344,0.49041974359813967,0.48447805596487814,7.059351030073804,1.4927965964192789,0.211463715299007,0.001953205369166433,0.0009123308697109909,0.0022031141599052617,0.0008749185633663024,0.9304376161647436,0.977967588466918,0.4671092935648362,0.48519793911307046,received
11,train,0.6345486640930176,54.90625,54.9375,1.4501953125,3.265625,3.265625,16,4,2.568359375,8.328125,2.570481878749245,2.570553410092144,2.570701676664968,2.599730682639786,2.572061829093649,2.574427476531542,2.579203798302219,2.730499494164838,0.69140625,,,1.28515625,0.5867911438657358,0.4992499025314873,7.162105003080282,1.4963190641279378,0.20892168761619664,0.0026541059331428585,0.0008179018831062868,0.0029775228018831257,0.0008154919093817457,0.9939098810402989,0.48094080662488775,0.4909934034766765,0.2375281100085159,7.061223416052806,1.4938477131065628,0.21155650021078323,0.0030719449913272356,0.0009626858717433251,0.003370185590434005,0.0009438435214114996,0.9314364202435783,0.4647564852236636,0.4688035535922257,0.23299873577893526,3,3,1.5087890625,7.984375,1.5083690563454355,1.5084448782653752,1.5084911702798651,1.5397345662132806,1.500081579992617,1.5025905827300667,1.504092432845619,1.6711045245591318,0.81103515625,,,0.6007303442959591,0.5041197930375136,1.4948884243421336,0.2087219363160986,0.001191044521871909,0.0005446080303745333,0.001340614916657934,0.000516981850932953,0.9943732660432403,0.985940257722884,0.49039548242999764,0.4859951735964928,7.061223416052806,1.4923528278968685,0.2113447967818426,0.0017550245634883055,0.0008217697390686063,0.0019593603134699933,0.0007789602395443829,0.9318129896800187,0.9821083532345338,0.46835777709867976,0.4895590657756255,received
12,train,0.6331619620323181,55.5,55.4375,1.4443359375,3.265625,3.265625,16,4,2.56640625,8.328125,2.569060117515973,2.5691315444245792,2.56927919716047,2.5982993011327307,2.5466017004611428,2.548971422344268,2.553652333430217,2.705366016102533,0.69189453125,,,1.283203125,0.5882505080616515,0.5026829328010081,7.162105003080282,1.4962730948707788,0.20891526921586054,0.0023565648435290854,0.000726536321693823,0.002696231892446832,0.0007387459078190435,0.9939435514561108,0.48129632186260013,0.49080681259754666,0.23760526887262823,7.0827358847949515,1.4944630376673036,0.21100081408874516,0.0028345349044363033,0.0008882737026484887,0.003144013397419876,0.0008776625857963306,0.9480072738225598,0.4695046653142161,0.4726416791753074,0.23370287679202287,3,3,1.505859375,7.984375,1.5069635452716392,1.5070394882052578,1.507085816048222,1.5383498421308437,1.5065117244165522,1.509016488074863,1.510521114564982,1.677313878429112,0.8115234375,,,0.6022406601236562,0.5077406973593219,1.4949861073088555,0.20873557517879046,0.0011053221372421262,0.0005058373903885605,0.0011704284311626623,0.0004516736720683975,0.9943732908335825,0.9877446332516606,0.49039535102601217,0.48688401148211863,7.0827358847949515,1.493418979298766,0.21085340517988285,0.0017156082669904649,0.0008040247565126331,0.0018494890021560906,0.0007324788131525913,0.9482992752813137,0.9858810704206882,0.47219719195116294,0.48926296215357246,received
13,train,0.6302027702331543,55.8125,55.84375,1.439453125,3.265625,3.265625,16,4,2.564453125,8.328125,2.562997567658537,2.563069610413913,2.5632183628501886,2.5923553705614415,2.5707379703948097,2.5730992020064862,2.577877146520841,2.728998823597127,0.69189453125,,,1.2802734375,0.5853528776138908,0.5025715702590893,7.162105003080282,1.495895437393187,0.2088625392604313,0.002186979321018967,0.0006750936490696705,0.002469166957700608,0.0006772818316925947,0.9939061189977174,0.48222180056570196,0.49078828564010823,0.2380620230778395,7.081935074818461,1.4958387135172422,0.21121892501331446,0.0023219631200301905,0.0007270907435765325,0.00258275403374153,0.0007200146468338359,0.9444321905077979,0.4688684412088365,0.4752926175307959,0.23469112198002212,3,3,1.50390625,7.984375,1.5037466078216788,1.5038227318304078,1.503869092760297,1.5351752482240528,1.501448874820415,1.503956600281554,1.505458596888799,1.6724109991164675,0.8115234375,,,0.600233330256127,0.5086204441825362,1.4946843969700327,0.2086934492481188,0.0009662765160021181,0.00044298342455904654,0.0011035829121546215,0.00042650981510081436,0.9943733452780714,0.9915273643254673,0.4903654632199377,0.4887178690695525,7.081935074818461,1.4947435753972058,0.21106428675294261,0.0008917480006269685,0.0004182646069642175,0.0010439474874743837,0.0004133453783851285,0.9447788328783444,0.9915812971698411,0.4747341715920106,0.4926140491749649,received
14,train,0.628253698348999,56.59375,56.6875,1.4345703125,3.265625,3.265625,16,4,2.5625,8.328125,2.5612409592461427,2.561312972182365,2.561461716355974,2.5906065141752608,2.591662536687866,2.5940284759489476,2.5989745367767556,2.750006424162513,0.6923828125,,,1.2763671875,0.5832804491270475,0.4987037772633665,7.162105003080282,1.4957136799476447,0.20883716160323917,0.0020786775094876475,0.0006411190787069202,0.0022429207151208885,0.0006147606871803107,0.994001120092781,0.4816265956690375,0.4908488603103267,0.23777487943022313,7.082838375575289,1.4949329342124762,0.2110641038157324,0.002322159117978728,0.0007270825816498106,0.00251456882839296,0.0007014681674061679,0.9487166863716023,0.4703507997389568,0.4743650505373598,0.23470441997876407,3,3,1.501953125,7.984375,1.5013261273764207,1.501402256535733,1.5014485701866374,1.532770211162529,1.5001828193388969,1.5026907797560745,1.5041911509150205,1.671166995019914,0.81201171875,,,0.6003488930310291,0.5063478940257973,1.4946234180270221,0.20868493513907066,0.0008221203150116096,0.0003771831223937725,0.0009770482759590138,0.00037784959110312335,0.9943733715180407,0.9931722729597038,0.49034832010853346,0.48951110241426665,7.082838375575289,1.493958297021224,0.21092649836159508,0.001056538491041259,0.0004951368360883775,0.001294154924166513,0.0005125873208004941,0.9491626117497223,0.9917397473577659,0.47387043096864545,0.49302730369803915,received
15,train,0.6265161633491516,57.4375,57.46875,1.4296875,3.265625,3.265625,17,5,2.5625,8.328125,2.561279699916107,2.5613518105473485,2.5615005222074396,2.59066365050026,2.520723410940596,2.523100665677791,2.5277086534587094,2.679960805908432,0.6923828125,,,1.27734375,0.5879142817092772,0.4927005637392042,7.162105003080282,1.4956704505357599,0.20883112575039056,0.0019978814276431223,0.0006169971528532058,0.0022229608571286974,0.0006099907633576759,0.9939147898553635,0.48256492253834454,0.4908456307333653,0.23825713103727705,7.100076878427432,1.49323000445062,0.2103118078886703,0.002683239003594018,0.0008374396526423776,0.0030488427196502244,0.0008472568474776028,0.956670670972307,0.4714560618967163,0.4810958746680605,0.23645946515229624,4,4,1.5009765625,7.984375,1.5008842615197129,1.5009603975336003,1.5010067048384612,1.5323322521590133,1.5016701938440127,1.5041778952310527,1.5056816574112244,1.6726300306044521,0.81201171875,,,0.6022906399841126,0.4973734750582496,1.4946179475054973,0.20868417132430914,0.0007791373681680369,0.00035747419939016994,0.0009140008683319323,0.0003534770091661746,0.9943733700951309,0.9932409625507305,0.49035383378219866,0.4895504462955568,7.100076878427432,1.4920877353098803,0.2101509266531149,0.0014833540618841567,0.0006924078275993485,0.0017726647759443992,0.0006988070622837827,0.9570410037909092,0.9892944928222192,0.4805923124395779,0.4940323977295691,received
16,train,0.6235239505767822,57.34375,57.21875,1.4248046875,3.265625,3.265625,16,4,2.560546875,8.328125,2.5631691020339105,2.5632412591561753,2.5633903879877185,2.592566944738549,2.551706853661353,2.554079406596011,2.558829624366299,2.71055836131933,0.6923828125,,,1.2744140625,0.586089954426293,0.505629503084943,7.162105003080282,1.4953374417188101,0.20878462980865187,0.002085481753132612,0.000644213393228598,0.0024123499823112127,0.0006621088797140089,0.9940337552321683,0.482814749027142,0.4908894112058304,0.23837318530580837,7.106140076272183,1.4945144172557834,0.2103131096790583,0.002174734313761917,0.000678467528282157,0.002356033921787848,0.0006547942474434727,0.960458586764779,0.4735728026259087,0.4800228584895976,0.23604388010014626,3,3,1.5,7.984375,1.4997898110442887,1.4998659931839602,1.4999123041191391,1.5312521648042785,1.4976753372974907,1.5001858275628748,1.5016877013956436,1.6687788060909436,0.81201171875,,,0.6006058330157544,0.5116170859671033,1.4944419076576325,0.20865959197957892,0.0006911370036357667,0.0003173377030674145,0.000837619578976323,0.0003241431755926594,0.9943734007414378,0.9948704918486374,0.49032907779534174,0.4903284383043368,7.106140076272183,1.4935682725947648,0.21017996501108618,0.0009622263891397864,0.00044866644616935094,0.0010766337346197474,0.00042430544308307016,0.9608822549399854,0.9932771563159891,0.47940655522507836,0.49276487327720175,received
17,train,0.6231871843338013,58.03125,57.96875,1.4208984375,3.265625,3.265625,16,4,2.560546875,8.328125,2.5585146720425294,2.5585870258844494,2.5587359164625787,2.5879515375174194,2.5808234952543003,2.583193923928784,2.5880361150772337,2.7394123719015213,0.6923828125,,,1.2841796875,0.5878721597319837,0.5008221562644296,7.162105003080282,1.4950781080665032,0.20874842067011012,0.001741597560677377,0.000538166760362637,0.001993450935589891,0.0005472983124293148,0.9939499512626675,0.48302881649139956,0.49076907647918144,0.23844048555765054,7.1058181923448425,1.4905533252757959,0.2097651931035305,0.0029993509870998025,0.0009364843296771574,0.002761646487428493,0.0007664073666053794,0.9545080502500358,0.47102194421202054,0.4803862832352044,0.23592663646434048,3,3,1.4990234375,7.984375,1.4992851895181887,1.4993614495483365,1.4994077965376784,1.530766614810624,1.4999678729566166,1.502476888062954,1.5039778388444884,1.6709919928224481,0.81201171875,,,0.6018610251990253,0.5052894447235822,1.4943382500635154,0.20864511891697057,0.0006877817713695222,0.00031577749370703635,0.0008234086460197076,0.0003186271035242282,0.9943734020075947,0.9947356535623635,0.4903205534056072,0.49025349181105976,7.1058181923448425,1.4892610683355283,0.20958333411061963,0.0019867380308493665,0.0009268128444518204,0.001584781775965105,0.0006228967759751319,0.9548305739076106,0.9871006466891363,0.47988826920390615,0.49117832955976176,received
18,train,0.6202394366264343,58.03125,58.1875,1.416015625,3.265625,3.265625,16,4,2.560546875,8.328125,2.5611014319556524,2.5611736374047944,2.5613228537697474,2.5905145167391326,2.545434848741522,2.5478093017720767,2.5524864946649735,2.7044060455685144,0.69287109375,,,1.2734375,0.5871028395749541,0.5066080319579055,7.162105003080282,1.4953703013853343,0.20878921779870646,0.001859986076365061,0.0005744544263145907,0.0019129461086748734,0.0005249561160663762,0.9938561520060976,0.482593116142132,0.49083200251741044,0.23827848642332963,7.111474676892805,1.493481607780628,0.21001011402506609,0.0022039132201321365,0.000687595433156007,0.0025450593973133095,0.0007061624284978119,0.9628804310456989,0.4742839781712596,0.4824875745287063,0.2369394459893141,3,3,1.4990234375,7.984375,1.498803711297107,1.498879993651399,1.4989263442332834,1.5302864860548213,1.4990428374717542,1.5015520504384683,1.503054072524887,1.6700854838700925,0.8125,,,0.6017239082838692,0.5126773971461582,1.4942907209934893,0.20863848272970362,0.000641442374882395,0.0002946155488425753,0.0007122541934592164,0.0002757042623581762,0.9943734166421283,0.9955721539545405,0.4902946198393856,0.49063959366341686,7.111474676892805,1.4925936968895153,0.2098852579394503,0.001007227394725696,0.00046963538942604516,0.0011759726062736675,0.0004623397844194355,0.9632908601921573,0.9934614409206859,0.4819738450356672,0.4939336218277397,received
19,train,0.6182044744491577,58.5625,58.625,1.4111328125,3.265625,3.265625,16,4,2.55859375,8.328125,2.5557031293189074,2.5557756319363714,2.555924569418036,2.5851757804177122,2.5673706477661717,2.569741484355882,2.574542192056912,2.726058817965181,0.69287109375,,,1.494140625,0.5863692974311808,0.49966610934818373,7.162105003080282,1.4949010116024835,0.20872369379666392,0.0016581493464666863,0.0005126945563569912,0.001883831949342607,0.0005174841407279687,0.9939443959853183,0.48349169420699767,0.49081492166671925,0.2386925520690771,7.112548353290142,1.4927023189343025,0.20986884654974672,0.0026994618847888674,0.0008421384826578786,0.0028687002845595444,0.0007963072821926524,0.9588889314539699,0.4734009369053931,0.4806844373332648,0.23653201266875717,3,3,1.498046875,7.984375,1.4971405960617783,1.497216969270581,1.4972633394386186,1.5286506831388997,1.4975616638039009,1.5000721664345276,1.501573141029164,1.6686663075502581,0.8125,,,0.6023074556032756,0.5055485692562776,1.4942726242050735,0.20863595598813697,0.0005633192943896859,0.000258823114901034,0.0006274289056555915,0.00024294040508117452,0.9943734318601214,0.9963242413401537,0.49030794574783876,0.49102339056567706,7.112548353290142,1.4917493581116963,0.2097348635136714,0.001491822431032297,0.000694651948854742,0.0015758274611510359,0.0006192824416383981,0.9592453441944127,0.9913343362221552,0.480269798750113,0.49293053799423797,received
20,train,0.6151818633079529,59.3125,59.40625,1.40625,3.267578125,3.267578125,19,5,2.580078125,8.3515625,2.581367870912631,2.581440460789237,2.581591766377867,2.6107902041104527,2.61615742550517,2.6185189263232016,2.6235059890169565,2.7741410675268696,0.69140625,,,1.5029296875,0.5799304986866614,0.5008460625866826,7.162105003080282,1.4997908962335438,0.2094064378543058,0.0020610219836338928,0.0006340201960507225,0.005782360180974777,0.0015812188065071342,0.9939645858612618,0.47964381733556877,0.49079407574566236,0.23677850685782778,7.121322297920676,1.49315772014929,0.2096742230842818,0.003952343110116274,0.0012243831703110841,0.00675827701886611,0.0018605075456297224,0.9676621967192034,0.4704952394518932,0.4835728185032062,0.23514428685570649,5,4,1.5166015625,8.0078125,1.5159299413873364,1.516006201685302,1.5160530309886793,1.5473850095250425,1.5167275064894068,1.5192332510813953,1.5207481757510137,1.6875016608977016,0.810546875,,,0.5960872398425414,0.5077482133964585,1.4992729369148392,0.20933411842887406,0.0007777277985505648,0.0003552399635524241,0.004230140609584154,0.0016298082532330916,0.9943734150453292,0.9836708212959062,0.49027846422267896,0.48476129042120464,7.121322297920676,1.4921388393059065,0.20953114841348913,0.002569276745335358,0.0011860335693787134,0.005421617399561818,0.00210897176923341,0.96811093442121,0.9730371409291837,0.48308764169928775,0.48564080106294455,received
21,train,0.6130223274230957,59.59375,59.625,1.4013671875,3.265625,3.265625,17,4,2.55859375,8.328125,2.559566936891907,2.5596395276297197,2.5597895670301645,2.5890408473893713,2.553713725246547,2.5560872831713293,2.5608850137277988,2.712599912255206,0.69287109375,,,1.2734375,0.5870887838303239,0.5105554466268989,7.162105003080282,1.4954072565562884,0.2087943776184715,0.0018226535640319952,0.0005629302040810197,0.001975962177340307,0.0005422541964611513,0.9939552129450178,0.48264914168766904,0.4907701706774974,0.23825238019691997,7.120876250159871,1.4946842498661899,0.20990173082036537,0.0020120601553266226,0.000626954398788746,0.0022775080707049256,0.0006310740870262352,0.9687565031403409,0.4764028654963966,0.4844083433055877,0.237672804761641,4,3,1.498046875,7.984375,1.4982521597956402,1.498328522848995,1.4983749025737079,1.5297558691483983,1.497447887409267,1.4999584024163346,1.5014584772751844,1.668553707172606,0.8125,,,0.6002949875444342,0.5159711713304674,1.4946140641817918,0.20868362912006838,0.0006672338256015209,0.0003066022488349337,0.0007617274205466984,0.00029496873339821005,0.9943734538493398,0.9965686876537452,0.49029652884708685,0.4911323545749738,7.120876250159871,1.4937194748249978,0.2097662453818745,0.0008476931996694859,0.00039434321406292067,0.0010368561758182793,0.00040672006971905443,0.969168686740268,0.9951888755360151,0.4839286070563613,0.4945599312066725,received
22,train,0.6112162470817566,59.9375,60.03125,1.396484375,3.265625,3.265625,16,4,2.55859375,8.328125,2.556139383118433,2.5562120817913434,2.556361473322216,2.585649989302495,2.5548009400080014,2.557177701876803,2.561971810396571,2.713809944569724,0.69287109375,,,1.4833984375,0.5850707755604966,0.5057457032009195,7.162105003080282,1.4947768185543322,0.20870635349683617,0.0014649788421063903,0.0004525276596919266,0.0016894996386795924,0.0004637017020891566,0.9939023683953643,0.4827341908909087,0.49076518501313426,0.2383045990301305,7.123626579312999,1.4925299629358544,0.20951827644505666,0.0023003541109991588,0.0007161495114807341,0.0025873669121061482,0.0007162072737747932,0.9672520398676703,0.4752919494633919,0.48432727337542403,0.23736348934187246,3,3,1.49609375,7.984375,1.4958454457477963,1.49592194479873,1.4959683616330572,1.527389615968528,1.4974521583803728,1.4999626729223692,1.5014627708200134,1.66855793395236,0.8125,,,0.599932915753653,0.5120554948035088,1.4939981190325387,0.20859762854495978,0.0003658424406820515,0.00016820290485494794,0.0004530186434896777,0.0001755078320694103,0.9943734622500751,0.9977816093039501,0.49029969659975237,0.4917329832634728,7.123626579312999,1.4916364318515818,0.20939284439519776,0.0012200533533626157,0.0005671088411871668,0.001364068350786063,0.0005345435983026319,0.9676103924328485,0.9931221025733024,0.4838478791351477,0.4938796211996853,received
23,train,0.6089913845062256,59.90625,59.96875,1.3916015625,3.265625,3.265625,16,4,2.556640625,8.328125,2.5582647696572076,2.5583377066444433,2.5584880197824407,2.5878128119409642,2.553762553351492,2.556138239403068,2.5609129200742506,2.712729887978841,0.69287109375,,,1.3349609375,0.5906067432714582,0.5055287773894723,7.162105003080282,1.4948389990440552,0.20871503537034908,0.0013603695716408737,0.00042008799286915536,0.0015528488902170068,0.0004260827010150901,0.9938955210711775,0.4825030051938,0.490729718375575,0.23817492749370642,7.125612507308607,1.49412398339846,0.20968358605887777,0.0017422674164979668,0.000542955849012582,0.0019887758113394938,0.0005507244623780057,0.9718468341624877,0.4775221674425562,0.4861782175832552,0.23833304573973857,3,3,1.49609375,7.984375,1.4957132451513675,1.4957897789263574,1.4958362154338811,1.5272647198032934,1.4933496578874732,1.4958640043254772,1.4973636529252574,1.664637900644493,0.8125,,,0.6040976083384892,0.5103438481510432,1.493950718233409,0.20859101026735713,0.0004398414815884877,0.00020220569587993707,0.000488981717727377,0.00018942508167503624,0.9943734604332457,0.9975700124626395,0.4903073019431812,0.49163638202148263,7.125612507308607,1.493190374416299,0.20955256448266893,0.0005452653848037059,0.00025383052621481676,0.0006472009394293821,0.0002537555079979559,0.9722346776230948,0.9976981379436416,0.48556780573427805,0.4958811360462287,received
24,train,0.6074798703193665,60.09375,60.15625,1.38671875,3.265625,3.265625,16,4,2.556640625,8.328125,2.557544836419841,2.5576177094307884,2.557768093709472,2.5870812679459676,2.5767452143506024,2.579119540067422,2.5840150519475302,2.735522740389914,0.69287109375,,,1.482421875,0.5880982632637443,0.5014149939224517,7.162105003080282,1.4944828261797065,0.20866530517731288,0.0013133758981389576,0.0004062611100582477,0.0014393851988625528,0.0003955422228716549,0.9939097641985324,0.4837922461217162,0.49079765101188055,0.23884080942638222,7.125440655216671,1.4913320772174155,0.20929682097984814,0.0024582068045200245,0.0007661290724501884,0.0026642162336179,0.000738174979735005,0.969713936870809,0.4770177872150418,0.48414151022077156,0.2379699598032387,3,3,1.4951171875,7.984375,1.4953005443289644,1.4953772489062875,1.4954237698695136,1.5268765818161019,1.4960803188459972,1.4985921111591822,1.50009203644935,1.667246961712047,0.8125,,,0.603939487751971,0.5075287985500265,1.4938009168978348,0.20857009444225966,0.00039414087162192857,0.00018120539336105538,0.00046646857799181873,0.00018071165824427916,0.9943734598690153,0.997682540516796,0.4903121080051127,0.4916966317198308,7.125440655216671,1.4906527675472439,0.2092014851679255,0.0013437496815100758,0.0006240359448041763,0.0015039068894839858,0.0005888650095731173,0.9700868220289962,0.9923330654754853,0.48365055040482297,0.4939346479155367,received
25,train,0.6061739325523376,60.21875,60.1875,1.3818359375,3.265625,3.265625,16,4,2.556640625,8.328125,2.5555360636252464,2.555609060011906,2.5557595888444595,2.585094398803303,2.559033344837984,2.5614072551068325,2.5662088076221483,2.717892763481533,0.69287109375,,,1.2802734375,0.58705571203845,0.5000677391322905,7.162105003080282,1.4945706076609269,0.208677561557411,0.0014688370899058611,0.0004543367638386422,0.0015837484958201031,0.00043520252736974785,0.9939185127224981,0.48377554183014637,0.49082808429651426,0.2388452724322904,7.127293249903916,1.4945827631795545,0.2096985083642662,0.0014324210785128244,0.000446523903003195,0.0015755546531703857,0.0004361225007153918,0.9739362215488514,0.4783935562104969,0.48237922778085096,0.23726612151316365,3,3,1.4951171875,7.984375,1.4953474511898797,1.4954240488949233,1.4954705164377537,1.5269110163551476,1.4975616638039009,1.5000721664345278,1.501573141029164,1.668666307550258,0.8125,,,0.6028572582040505,0.5068365948428792,1.4938247540266447,0.2085734226717117,0.00020152921067140284,9.271345587524866e-05,0.00021607432923254066,8.375431505000265e-05,0.9943734931584549,0.9991135602960957,0.4902748560114354,0.4923641117135108,7.127293249903916,1.4938540910440077,0.20959627149677706,0.00026141778754418254,0.00012171716790780263,0.000273285083362218,0.0001070676631155235,0.9743854965589245,0.9986967410753328,0.4818993811919441,0.49533166061924644,received
26,train,0.6029998064041138,60.59375,60.59375,1.3779296875,3.265625,3.265625,16,4,2.556640625,8.328125,2.5569663734035966,2.5570393804264686,2.557189789527431,2.5865299985612538,2.561440623057697,2.5638155223218972,2.568639667144884,2.7203331951568526,0.69287109375,,,1.2685546875,0.5878095638011773,0.5050079398136836,7.162105003080282,1.494405072220594,0.2086544488775129,0.0014649214501947228,0.0004527006276112878,0.0016029799256145338,0.00044012014662596946,0.9939225089201962,0.4830639252676126,0.4907430867221878,0.23845176614488742,7.130557839969304,1.4929301576756968,0.20937073805183853,0.001817977068265364,0.0005654024946775446,0.002127514109934836,0.0005879026014452516,0.972964252147035,0.47708358783005134,0.4847813164330743,0.23718501416199922,3,3,1.4951171875,7.984375,1.494885536149614,1.4949623129537373,1.4950088724155841,1.5264778041503446,1.494717226450743,1.4972302955826298,1.4987300948938573,1.665944646105052,0.8125,,,0.6011338366951777,0.5095642103511538,1.4937349805016935,0.20856088815498616,0.00020918391579805018,9.622817157321809e-05,0.00024473911985012364,9.485963377519543e-05,0.9943734884880158,0.9989587185801706,0.4902945316012497,0.4923076026376345,7.130557839969304,1.4921115354051664,0.2092559332513022,0.0007037788485257934,0.0003267392698500814,0.0008520605192519071,0.00033317464207931386,0.9733069711595492,0.995223394618688,0.48423330595080394,0.49287154905541164,received
27,train,0.6023783683776855,60.625,60.6875,1.373046875,3.265625,3.265625,16,4,2.556640625,8.328125,2.558929022606115,2.5590018921158064,2.5591522890272675,2.588463455044746,2.55474797230365,2.557124648784523,2.5618235439049153,2.713748879907415,0.69287109375,,,1.4814453125,0.5863461030735159,0.501322341299307,7.162105003080282,1.4944310632568798,0.20865807784361637,0.001327553894784117,0.0004105597315835367,0.0013876200401714556,0.0003812454170108093,0.9940117927908805,0.48368062425993136,0.49074127059255535,0.238733785376445,7.126646491934538,1.4938575085339623,0.209615772330592,0.001429024718080818,0.0004455062988181681,0.0016671555815284123,0.0004614514649671343,0.9719443160227916,0.4776977077600273,0.4853801587861799,0.23815688974848084,3,3,1.4951171875,7.984375,1.4952280277220191,1.4953047096205032,1.4953512188237,1.526803114573512,1.4990428374717542,1.5015520504384683,1.503054072524887,1.6700854838700925,0.8125,,,0.6001337372742218,0.5065831021073548,1.4938374599078004,0.20857519671455946,0.00025291557948570187,0.0001163285747973414,0.00029936444895195535,0.0001160179240759606,0.9943734813447076,0.9986417177405338,0.4903030530937338,0.49216001389914665,7.126646491934538,1.492902146595983,0.209481717422851,0.0003968905737501416,0.00018485001640382483,0.000484056451982795,0.00018965465890864557,0.9723132288649907,0.9981695642703261,0.4848635205708325,0.4960128246116934,received
28,train,0.598188042640686,61.46875,61.625,1.3681640625,3.265625,3.265625,78,11,2.990234375,8.328125,2.9972302404158806,2.997292743638578,2.997454606909902,3.023901158052562,2.9895994186745627,2.991817846579169,2.997331501278146,3.138913385424819,0.64111328125,,,1.75,0.5917357478009203,0.5139154925031757,7.162105003080282,1.551054300456832,0.21656402688731227,0.013496888127281892,0.003741171159454212,0.014662527751097443,0.003652988174619739,0.993912484156132,0.4091452512547182,0.5320274694315144,0.21896458301146662,7.131501873184922,1.5244590890167045,0.21376410132468807,0.020162976267294574,0.005577714164732279,0.02227036406067029,0.00554233636921405,0.9689607758495296,0.3972120232768191,0.5071642130913796,0.20767588670007275,42,10,1.9697265625,7.984375,1.9675505572835819,1.9676200595914044,1.9676874991714872,1.9969366942599527,1.944784636465281,1.947176769168747,1.9494224299295624,2.107925374514251,0.75341796875,,,0.6159911611661284,0.5281054706348033,1.5481033863536708,0.21615200917717092,0.009410903072382126,0.00362845440493978,0.010193470974503072,0.0033980269079097675,0.9943659483900102,0.702624389266868,0.5340454112804656,0.3772258628814127,7.131501873184922,1.5180702166866598,0.21286823500597232,0.015324502751840718,0.005885955839601836,0.016875535969996136,0.005612307644826242,0.9693237920912576,0.6787706594307187,0.5053389142699656,0.3531990350723221,received
29,train,0.44039055705070496,69.9375,70.125,1.36328125,3.267578125,3.267578125,73,10,3.376953125,8.34375,3.3757941580918995,3.375855774565707,3.376107056775228,3.4018969776163446,3.36464125425514,3.3668259799122366,3.3753574544333174,3.5103265716488283,0.59521484375,,,2.189453125,0.6511472994339687,0.5269733961464269,7.162105003080282,2.0056970413939683,0.2800429539264444,0.01210177800645873,0.0034158452791958884,0.013910983255684073,0.0035226450313093787,0.9930103809505848,0.4199818114116405,0.9866071858601879,0.41718526613742096,7.139415466328427,1.9736901430513543,0.2764498231486674,0.017667479492823546,0.004961617305683906,0.02005653871127233,0.0050607027410419425,0.9679839091755174,0.4060850931669853,0.9527415041930283,0.3997213343444841,42,9,2.3515625,8.0,2.3525800427204118,2.352648891217093,2.35279679110349,2.3814336041006983,2.333953633899159,2.3363147379029834,2.3412287503823106,2.4935395481065084,0.7060546875,,,0.6723065459803227,0.5338138048830441,2.005165422491193,0.27996872729858197,0.007802177501125662,0.003100311010163784,0.009386134232077126,0.0032113941914656136,0.9934699908113771,0.7424169707957627,0.9903272613670575,0.7397914673613001,7.139415466328427,1.972127373744521,0.2762309299753812,0.013602602144526799,0.005356846597985201,0.0154333425194908,0.005246483768795661,0.9682526654573831,0.7108218581427413,0.9558118589584774,0.7017829656275552,received
30,train,0.41244742274284363,70.625,70.75,1.3583984375,3.265625,3.265625,30,6,3.12109375,8.328125,3.118899967425587,3.118968822650642,3.1192253868594215,3.146882333171639,3.118694818607448,3.1209790226654985,3.129304850409646,3.2703087909497075,0.62548828125,,,1.8466796875,0.6523732716734197,0.5313907889325106,7.162105003080282,2.003371700168461,0.2797182810510108,0.0038378774741154587,0.0011673839318725161,0.004166084947966553,0.0011278682944804563,0.9939515183716097,0.47125344205370956,0.9941347984658266,0.47122841524143866,7.145143999846228,1.9916186371799398,0.27873736865524357,0.006554242481994876,0.0019946562258723907,0.007684295931874807,0.002081989107933866,0.9780168563421938,0.4639082154736749,0.9766577369562848,0.4628580672714916,9,5,2.06640625,7.984375,2.0652300244085002,2.0653038967700508,2.065443471797801,2.095547782591231,2.065567818418044,2.0679946464903973,2.0724758718582192,2.2297552552188633,0.7412109375,,,0.6723969892495724,0.5378082416952287,2.0018063199294747,0.27949971678278057,0.0014769510998124957,0.0006599134406441127,0.001576376903134502,0.0005961461710973684,0.9943028878884697,0.9383086007192615,0.9948685348564199,0.9383987682237767,7.145143999846228,1.990152153682399,0.2785321266758556,0.004169857593200987,0.0018654073502629455,0.005191960362524561,0.0019664259466846395,0.9782992611631167,0.9249556029325203,0.9773847717774693,0.9224802178282796,received
31,train,0.4128222167491913,70.625,70.75,1.3544921875,3.265625,3.265625,25,6,3.095703125,8.328125,3.09101598682181,3.0910854873566738,3.0913416902201076,3.1191737662566603,3.0947254917740903,3.0970145695787665,3.1052755972776613,3.2467395241968697,0.62841796875,,,1.865234375,0.6521005720441994,0.5300005505510387,7.162105003080282,2.0030232046022176,0.2796696227911705,0.00327323909435151,0.0010026991885625012,0.0034830716066380774,0.000948908439528353,0.9939732563513317,0.4764960397132499,0.9943464945450069,0.47656051761736024,7.143565835596053,1.9923338950083442,0.2788990737763818,0.006147250892507117,0.0018842097650822712,0.006487876668117565,0.0017698144474415064,0.9794668398542186,0.47001292531629907,0.9746391603755544,0.4674532793757626,6,5,2.037109375,7.984375,2.0371087429563612,2.0371830738454455,2.037321767524446,2.0675569559296503,2.041865629470703,2.0443033229631373,2.048760329022063,2.206661043152918,0.74462890625,,,0.6731073612310587,0.5365812618649065,2.0015149903465534,0.279459040252236,0.0013067452705364246,0.0005915303948037814,0.0014008073854299141,0.0005356256215118756,0.9943396182105335,0.9647507981595069,0.9948740770356315,0.9648004106052948,7.143565835596053,1.9908973990291279,0.2786979842907837,0.0041715209230028805,0.0018882124615802744,0.004316078685315361,0.0016520331713878714,0.9797907303252238,0.9506537777296193,0.9750252850369829,0.9450367092739996,received
32,train,0.41056886315345764,70.8125,70.875,1.349609375,3.265625,3.265625,25,6,3.0859375,8.328125,3.0850537223518524,3.0851233986587263,3.0853802851455123,3.113275852818954,3.0608612666488426,3.0631562125810716,3.071163707498943,3.2133117888551714,0.62939453125,,,1.802734375,0.653530881948825,0.5321251214006512,7.162105003080282,2.002578017848904,0.2796074641446382,0.003010407154688366,0.0009252217495526382,0.003196019636931169,0.0008732544238223954,0.993996726867092,0.47896723055485396,0.994356177535054,0.4790248028073537,7.145413370702167,1.9945654520010363,0.2791392671807081,0.004801504700537862,0.0014775783527737956,0.00566873396251566,0.001550555832759014,0.981243172979422,0.47303979794706835,0.9784430382960938,0.4716172083743741,6,5,2.02734375,7.984375,2.0266250099106133,2.0266996548564675,2.026838356273735,2.057144252640423,2.025625603046097,2.0280669939694262,2.0325027665407815,2.1907102635547693,0.74609375,,,0.6731102173750617,0.5384958614919546,2.0013496818596392,0.2794359592604266,0.0012795368974600763,0.0005822091365587288,0.001401497162362375,0.000538228326301796,0.9943732032858916,0.9755405477147084,0.994874161582298,0.9755525629097105,7.145413370702167,1.9936545534426315,0.27901178700410423,0.0029536622205901253,0.0013463735348455796,0.003690721019316001,0.0014194258108605096,0.9815385907455028,0.9636631964005502,0.9789859337513391,0.9608554019974004,received
33,train,0.4050356149673462,71.0,71.125,1.3447265625,3.265625,3.265625,24,6,3.083984375,8.328125,3.0833507250818215,3.0834206476272565,3.083678787813112,3.1116276469079267,3.086403442188301,3.088696788353182,3.096929683409717,3.2386413978777124,0.6298828125,,,1.8046875,0.6564130455609853,0.5416687811051545,7.162105003080282,2.0022231656785836,0.2795579183518625,0.00274564818007228,0.0008437831773018001,0.0029930323614593135,0.0008177338760622879,0.993959594083611,0.47888948185331853,0.994373808174772,0.4789734443102809,7.14820189119833,1.9975255341083789,0.27944447631899666,0.004197607846840867,0.0012927533297283395,0.004573253479450479,0.0012526512009157843,0.9836059408554823,0.47530664226327973,0.9837350986455204,0.47508712837176637,5,5,2.025390625,7.984375,2.025464365798288,2.0255388514910675,2.0256772613269223,2.0559663054220687,2.0224697765312794,2.024916059708803,2.029357885076245,2.187776868049927,0.74658203125,,,0.6740950829262868,0.5472600097242123,2.001426191870956,0.27944664187556334,0.0011741182971336528,0.0005347617386172004,0.0012915504231134634,0.00049641176472252,0.9943732233803475,0.9775889840087105,0.9948741816767521,0.9776000160571071,7.14820189119833,1.9965707155869423,0.2793109016751954,0.002661568786789026,0.0012139480575364332,0.002829764881369101,0.001089913726362209,0.983970000444125,0.9695488436843263,0.9842201679717038,0.9686232766074115,received
34,train,0.406060129404068,71.3125,71.5,1.3408203125,3.265625,3.265625,25,5,3.083984375,8.328125,3.085590140512381,3.0856600052448626,3.0859178185319336,3.1138703267923935,3.0593795248593465,3.061678192937936,3.06972569893853,3.2120015715151577,0.6298828125,,,1.8046875,0.6551653274837062,0.5448406024641541,7.162105003080282,2.0020575034122965,0.27953478796404835,0.002511012650744604,0.0007714124661645,0.002717235907995885,0.000742157610370066,0.9939924982266763,0.4786491782116022,0.9944228862035756,0.4787409402522426,7.147907111995117,1.994819674733792,0.2790774479128618,0.004507147297731606,0.0013841528373789505,0.004515963423657787,0.0012344961725851767,0.9834395065957775,0.47376846302534553,0.9817291930791203,0.47257750807269067,5,4,2.025390625,7.984375,2.0249629589664977,2.025037725419538,2.0251766763840737,2.0555152934870273,2.0146836869371123,2.0171355257239822,2.021575413256948,2.180275938067806,0.74609375,,,0.6735291120343418,0.5507857256483467,2.0012221953357616,0.27941815911314827,0.00114108027210591,0.0005192880351224012,0.0012212203492971696,0.0004690552418518059,0.9943382367483169,0.9758255508214875,0.9948742273155284,0.9758717930423856,7.147907111995117,1.9940732147717704,0.27897301735013547,0.003011479126524108,0.001370802509663222,0.002942620458267875,0.0011323143989741477,0.9838096540409049,0.9679314422980385,0.9822443187498804,0.964861010972743,received
35,train,0.4012456238269806,71.625,71.75,1.3359375,3.265625,3.265625,24,5,3.083984375,8.328125,3.078243380087854,3.0783134128299086,3.0785709014360156,3.1065598174979487,3.0486235854696586,3.05092905383301,3.0589611597817585,3.2015893053775235,0.6298828125,,,1.814453125,0.6531219436229792,0.5329839509708773,7.162105003080282,2.001896062520669,0.2795122469804188,0.002552010648946279,0.0007842434260693376,0.002815911476952593,0.0007693145636178448,0.9939471940991726,0.4788531326152938,0.994303315525829,0.4789091180157361,7.145522724843251,1.998714259982585,0.27971561171214804,0.003426114107796252,0.00105600282917887,0.003956046689351567,0.00108385611921751,0.9813563351376509,0.47422751672394525,0.9830894089061646,0.4750178464107141,5,4,2.025390625,7.984375,2.0252138051108113,2.0252884557905864,2.025427241918824,2.0557491740372766,2.0218446592240857,2.0242921674698056,2.028735941869903,2.187207433337921,0.74658203125,,,0.672992722038281,0.5393823283793586,2.0011109606819946,0.27940262811301364,0.0009319947985408916,0.0004245941546745621,0.0010530704460167684,0.0004048393145825422,0.9943732923717681,0.9781337161001371,0.9948742506681736,0.978144485992832,7.145522724843251,1.9980450114253534,0.2796219518662554,0.001861313621049021,0.0008518357604509162,0.0023557921420591654,0.0009093552395776914,0.9817762836842068,0.9720337252983691,0.9836040017678158,0.9736452762899356,received
36,train,0.39836323261260986,72.125,72.0625,1.3310546875,3.265625,3.265625,25,5,3.08203125,8.328125,3.08250023737579,3.082570270665228,3.082828516306099,3.1108156197461256,3.0792392504367734,3.0815425291695333,3.089812870619576,3.231936320084698,0.6298828125,,,1.8095703125,0.6552540870629161,0.5232318066370071,7.162105003080282,2.001869914815982,0.27950859613968476,0.002401556967122076,0.0007373707477642802,0.0026078347302558313,0.0007119201237823312,0.993917776553717,0.47819068200543824,0.9942425130095538,0.47823165505040266,7.148417410255391,2.0003274819297814,0.27982801886471204,0.003086150326501169,0.000952348529655946,0.0031855035099646045,0.0008740445919469381,0.9851918179621553,0.4776314936848582,0.9844060698838568,0.4770235830361996,5,4,2.0234375,7.984375,2.02464371127803,2.02471844036742,2.024857368472154,2.0551994345414073,2.0207724994095826,2.02322018103349,2.0276624105805165,2.186151654885076,0.74658203125,,,0.6736611400338809,0.5288649202425398,2.0012041433365177,0.27941563862521407,0.0009808114119644884,0.0004467810777264233,0.001088852501703208,0.00041855357168332975,0.9943732932242462,0.9778844828611644,0.9948742515206535,0.9778953727356146,7.148417410255391,1.9996211507170347,0.27972920941190454,0.0014599829045272017,0.0006676333910586501,0.001388621273914481,0.0005359837144198325,0.9855888341522503,0.9768982237687646,0.984926787388094,0.9752932723568319,received
37,train,0.39912474155426025,72.5625,72.6875,1.3271484375,3.265625,3.265625,24,5,3.083984375,8.328125,3.082202144885163,3.0822723379016024,3.0825307024597204,3.110535582860199,3.0753135517586143,3.077611323869031,3.0857674678368068,3.2277907285976375,0.6298828125,,,1.8125,0.652660826995331,0.5385935934408624,7.162105003080282,2.0018038447534936,0.2794993711894138,0.0025390094678297004,0.0007800399738562569,0.002768076799020136,0.0007560666495124206,0.9940712310577311,0.478712638384231,0.9943784221505991,0.47874507667892047,7.147842676618714,1.9979253192031758,0.2795144506661546,0.0035063689313696855,0.0010796171485064822,0.004274572898649964,0.001170185525481492,0.9827795471220666,0.47439836562533927,0.9833673138528738,0.47468138754266664,5,4,2.025390625,7.984375,2.0243424771404634,2.0244172061465995,2.024556101065663,2.0548979138579213,2.0243560024514595,2.0268033360890008,2.0312541366830064,2.1897018335983645,0.74609375,,,0.6731496421090273,0.5451185473916605,2.0012241205071692,0.2794184279128108,0.0010147943327885045,0.00046194997154424535,0.001082128268873106,0.0004157325460577315,0.9943732973615642,0.976464939201346,0.9948742556579724,0.9764765112568026,7.147842676618714,1.997132587140038,0.27940354558625813,0.0019378498269366773,0.0008848989372315647,0.002574404614728465,0.0009920544294915515,0.983205734506341,0.9698650011817886,0.9839438430717067,0.9705901719527316,received
38,train,0.3970116376876831,72.0,72.0625,1.322265625,3.265625,3.265625,24,5,3.083984375,8.328125,3.0844354106163743,3.0845056277872556,3.08476433343372,3.1127699252656416,3.0837883212215935,3.086084094550783,3.094260150158184,3.2361356747388426,0.62939453125,,,1.802734375,0.6549550382525888,0.5400668369984454,7.162105003080282,2.001923540607595,0.2795160835741177,0.0023258022797278954,0.000715169418733337,0.0025100701323133023,0.0006861338285152022,0.9939286247511561,0.4793072896663314,0.9942895310259035,0.47936552637457824,7.147597987779578,2.0004666055010603,0.27987956358504024,0.00296055183487276,0.0009142150594059823,0.0032419485505990053,0.000890010636001706,0.9832312026097352,0.4772197890006826,0.9839500821709848,0.4773592319932637,5,4,2.025390625,7.984375,2.026034786601906,2.0261095918719376,2.0262487128615403,2.0565968724938912,2.023213385852412,2.0256596166659167,2.0301031419362654,2.1885153248816267,0.74609375,,,0.6733048520428926,0.545926528525952,2.0010984210070406,0.2794008772765,0.0009818668632943783,0.00044655932718922934,0.0010905821083415645,0.0004186626237500373,0.9943732745525748,0.97457444651894,0.9948742328489804,0.974586923927229,7.147597987779578,1.9995618468984833,0.2797529813955937,0.0015164843321660015,0.0006929415872926458,0.001592662251206356,0.0006142835773653632,0.9835446527623848,0.9733711878535748,0.9844453242302311,0.9733916021599495,received
39,train,0.39456045627593994,72.8125,72.6875,1.3173828125,3.265625,3.265625,25,5,3.083984375,8.328125,3.0852271226881802,3.085297234032375,3.0855558636308023,3.113550586824887,3.0935407251466325,3.095836437507129,3.1040702588757227,3.2458219565295097,0.62939453125,,,1.8115234375,0.6550134827896286,0.5336727424920987,7.162105003080282,2.0019486646208224,0.27951959148320543,0.002595511393773009,0.0007975794075495843,0.002763658548513348,0.0007550120119811817,0.994029418999185,0.4788626475461368,0.9943393303790922,0.47889637132656615,7.149569698741922,2.000216695363184,0.279767423725536,0.0026565853572364517,0.0008171782443936483,0.0031482906411257616,0.0008614178771205307,0.9847398325879295,0.47489087290025395,0.9855960246228861,0.47544631544935895,6,5,2.02734375,7.984375,2.0271755499701376,2.027250261709562,2.0273892931613116,2.057720755555279,2.025054253491243,2.0274992316143954,2.031944434319386,2.190297440922972,0.74609375,,,0.6727317642820576,0.539165314665852,2.0012733293764025,0.279425298639952,0.000972131314174618,0.00044230313934513353,0.0010857604217076045,0.0004169481719269513,0.9943733065060334,0.9753899665864361,0.9948742648024416,0.9754020538848938,7.149569698741922,1.9995298330578999,0.27967135328574366,0.0011342331338761724,0.0005179973774826689,0.001576182360436107,0.0006077427365219268,0.985086315569653,0.9730803726244,0.986078737725216,0.9746592515280444,received
40,train,0.39534392952919006,72.5,72.5625,1.3134765625,3.265625,3.265625,27,5,3.08984375,8.328125,3.0904853984854994,3.090555658420909,3.0908150628000315,3.1188192347703594,3.0618988493954604,3.0642004130359632,3.0722675535052586,3.214614920939001,0.62890625,,,1.87109375,0.6554962629185223,0.5265730074899047,7.162105003080282,2.001444787490561,0.2794492382658141,0.00234321650903091,0.0007186458333036646,0.0026915559499727237,0.0007340378621636569,0.9939775479786999,0.47737409718597207,0.9942069325699618,0.47736941094949376,7.150455442489815,1.9974370528047185,0.27934403184102685,0.0035124854099510827,0.001079711978166536,0.0038969489599027796,0.0010651977703387352,0.9851663550345453,0.474413965965365,0.985375793102941,0.4742529163473531,8,4,2.033203125,7.984375,2.0338621080130608,2.03393671397398,2.0340760951160934,2.0643832264933235,2.0280523697726354,2.0304992681447116,2.0349584466706485,2.1933568486179515,0.74560546875,,,0.6730630351829899,0.5322160785304851,2.0010090905840134,0.2793884046273293,0.0009583028638147084,0.0004348290611249481,0.0010002920338516574,0.0003832474751122021,0.9943733038387963,0.9697052562253173,0.9948742621352036,0.9697200489112332,7.150455442489815,1.997178514181312,0.2793078748961321,0.002215689400752119,0.0010079746053640037,0.0025158930003197355,0.0009663804770618065,0.9855951211868543,0.9647681195198891,0.9859651292927092,0.9640481009441872,received
41,train,0.3930523097515106,72.625,72.5625,1.30859375,3.265625,3.265625,31,5,3.1484375,8.328125,3.1452818235743636,3.1453519729396695,3.145616194002512,3.1735072351044087,3.1388433421505813,3.1411294507760363,3.149479234699219,3.2903958613948046,0.6220703125,,,1.916015625,0.6555226835666743,0.521680060957351,7.162105003080282,2.0015216801125932,0.2794599743024959,0.0041074588510401355,0.0012387369082927722,0.003857645432320922,0.0010364371717664221,0.9940160536092559,0.46505374109015585,0.9927445806344375,0.46435004614871833,7.1508917584742475,1.9988709099460453,0.27952750194788784,0.004300168726265596,0.0012981329735682196,0.00444603374628727,0.001195795147712078,0.9879718412044269,0.46240162831380494,0.9822065848878294,0.46000354280886996,8,4,2.099609375,7.984375,2.0979513450329548,2.098025885659515,2.0981701202685916,2.1283783767847715,2.1051163725479074,2.107550166858748,2.112170616771877,2.269359010338778,0.7373046875,,,0.6742683609547129,0.5277385237418077,2.002055563774399,0.2795345171445202,0.0023874996654553726,0.0010519627523422213,0.001790472610331939,0.000669148524364287,0.9943732472403699,0.9113123182542059,0.9939601388567985,0.9105156878117955,7.1508917584742475,1.9990286294874338,0.2795495578741577,0.002762755816477558,0.0012197757677697648,0.0025419537683015747,0.0009518832291195066,0.9883447135902754,0.9075704373046489,0.9837588339528445,0.9045176259935075,received
42,train,0.39351344108581543,72.6875,72.75,1.3046875,3.265625,3.265625,30,5,3.1796875,8.328125,3.1785349835935537,3.178605026081824,3.1788741977195563,3.2066854061454717,3.1898182363748147,3.192095986441482,3.2006456509731445,3.340698176512568,0.6181640625,,,1.9560546875,0.6523617783337099,0.5403525713834585,7.162105003080282,2.0045700165170324,0.2798855944802409,0.007458972024110722,0.002228317223666172,0.0044967725939546455,0.0011980092703787637,0.9939917020906783,0.458285833679362,0.9919226751244041,0.4572262909149387,7.150892211312899,1.998797949135711,0.27951728121052644,0.0066725695159002285,0.001996050690340953,0.0058615288601000515,0.001564105354949179,0.9865750673957852,0.4555742326676237,0.983085534104414,0.45398462380965615,9,4,2.1328125,7.984375,2.132942698613293,2.1330170874761736,2.1331655633729474,2.1633038187879805,2.1410268557177576,2.1434535479059056,2.148205383134916,2.304775847497829,0.73291015625,,,0.6709748672407783,0.546863215192199,2.0053584319184763,0.279995675999725,0.006042084295200922,0.0026284765382497246,0.002812578863813364,0.0010398153678151491,0.9943382900656745,0.8875804787099947,0.9937422518788663,0.8866519481445235,7.150892211312899,1.999512650464807,0.27961722696666097,0.005198966316828368,0.0022604107194042263,0.0040084194222247405,0.0014820463091529063,0.9870055433028186,0.8791452665163453,0.9849617744973305,0.8774059811801804,received
43,train,0.3903771638870239,73.125,73.25,1.2998046875,3.265625,3.265625,27,5,3.16015625,8.328125,3.1607377331899302,3.1608079784772722,3.1610761691366833,3.188968940325912,3.1536202614879243,3.1559060417647014,3.1643443063574708,3.3050805493603,0.62060546875,,,1.8916015625,0.6529083025075954,0.5246412032757674,7.162105003080282,2.0053446744241086,0.27999375512669095,0.005954426768347787,0.0017902702167077848,0.00289568751689373,0.0007758714668393235,0.9939601605690846,0.46282998014922944,0.9933090220691101,0.4624189151993692,7.151449048978027,2.0014217161017993,0.2798624030451299,0.004811737834410579,0.0014463017905158007,0.0034678812966948414,0.0009296807166492993,0.9853795992000061,0.458664296842546,0.9862194433285474,0.4589587633558583,6,4,2.111328125,7.984375,2.1117323106649803,2.1118067642790304,2.111953644014094,2.1421448763513755,2.116839063168183,2.1192766770048466,2.1240028072024564,2.281201594379275,0.7353515625,,,0.6737410110272634,0.5309685822708361,2.005831171351712,0.2800616816549105,0.004781895196868113,0.0020984722528481713,0.0010498846907731618,0.0003910284557436853,0.9943733021669718,0.9037059972426611,0.9948742604633773,0.9037498180970885,7.151449048978027,2.001460934581557,0.2798678870357853,0.003242202919395254,0.0014245023630405466,0.0015403343578421769,0.0005749049997202803,0.9858226671349453,0.8982703766438448,0.9878914837080535,0.8997852822182045,received
44,train,0.38915976881980896,73.375,73.3125,1.2958984375,3.265625,3.265625,27,5,3.1015625,8.328125,3.102669901625444,3.1027403291106905,3.1030019109840916,3.131023555824928,3.10430922657347,3.1066021913406705,3.114894635769023,3.2563909181505837,0.62744140625,,,2.041015625,0.6519634337265725,0.5324186748364798,7.162105003080282,2.001483315647931,0.2794546177118503,0.0024972313687676717,0.0007629315612170481,0.002374099991145684,0.0006452435413779275,0.9939272316562988,0.4744775381249941,0.9942155723558352,0.474501710148478,7.147435937429416,1.9970991386827501,0.27941476582174296,0.003522356307833263,0.0010767381966556339,0.0036689411002210903,0.0009983289389195733,0.9826608057451933,0.46934994105696043,0.9832064238075988,0.46960896172885597,6,4,2.046875,7.984375,2.0471074718681392,2.0471823377091125,2.047323367390748,2.077676877852724,2.0548396374457063,2.0572866819287112,2.0618233587103143,2.2199765844825894,0.74365234375,,,0.6728568544170094,0.539085998588039,2.001117992434611,0.2794036099127239,0.0011225240921923785,0.0005064672771030419,0.0006498319932042307,0.00024778525027890387,0.994373366088519,0.9580093591415311,0.9948743243849272,0.9580296156592486,7.147435937429416,1.9971672928746247,0.2794243012960685,0.0020357804631849774,0.0009199756284236208,0.0019582206325097218,0.0007483765389333832,0.9829727319370001,0.9495431739443121,0.9838630670489348,0.9503967473588832,received
45,train,0.38925519585609436,73.0,73.0,1.291015625,3.265625,3.265625,26,5,3.115234375,8.328125,3.1136155278779913,3.113686012016558,3.1139488447996717,3.1419515726642984,3.1202919622200547,3.122579432281618,3.130870364546468,3.272033758437712,0.6259765625,,,1.86328125,0.6566249927665305,0.54557034503603,7.162105003080282,2.0025603445550004,0.27960499653296594,0.003175161167328966,0.000966187549467057,0.0025415873800422872,0.0006883183313874002,0.9939410506650646,0.4715412933418891,0.9939166838703093,0.4714176950388117,7.150216984114152,1.9993989116933002,0.2796277254432171,0.00376669389011397,0.0011486567060326853,0.003321290974712454,0.0009016137979381141,0.9860380015873815,0.46902616024805943,0.9845149392795474,0.46854551295865116,6,4,2.060546875,7.984375,2.058338167599748,2.058413093547849,2.0585551016827788,2.088891775478011,2.052762541644508,2.0552085800264352,2.059731123342642,2.2178647222293892,0.74169921875,,,0.6733016230042882,0.5510290528260445,2.002050439072694,0.27953380161442076,0.0017874788091960525,0.0008015014455706147,0.000735834608316388,0.00027911177138868596,0.9943733312166492,0.9454550057949088,0.99486886492911,0.9454758186825031,7.150216984114152,1.9991047974748417,0.2795865918357879,0.0019987825084619715,0.0008982860076511175,0.001572547951099068,0.0005980159656625334,0.9864927710275468,0.9411303836616,0.9854058472858798,0.9410756437844519,received
46,train,0.3877820372581482,73.4375,73.5,1.287109375,3.265625,3.265625,30,5,3.1328125,8.328125,3.1314414043161483,3.131511729963217,3.1317758762275485,3.159721660562965,3.12523113350165,3.127518944567551,3.1358394222291204,3.276945302506728,0.62353515625,,,1.9072265625,0.6525405266136299,0.5361068197267278,7.162105003080282,2.003089131313187,0.2796788277261639,0.0039827866454693606,0.0012082564466848575,0.002644236905281261,0.0007141780035253859,0.9939440635209014,0.46930939953156603,0.9939037034992184,0.4691793645600109,7.152040379490798,1.9990860512659907,0.27951269081178187,0.004411269206587853,0.0013377979862850813,0.004039552977984862,0.0010907207685851128,0.9863292569160453,0.4652876536939778,0.9865170197400701,0.46517035999379736,7,4,2.08203125,7.984375,2.082063699770289,2.0821382821300216,2.082281835760332,2.1125286121967273,2.0735070870852046,2.0759462902045764,2.0805128898680465,2.2382019748894466,0.7392578125,,,0.6728138893765133,0.5423815284834006,2.002910225140507,0.27965384817439765,0.0026759446317692337,0.0011881551105429444,0.0008525025981347412,0.00032068674757521835,0.9943732937922958,0.926064747032254,0.9948742520887031,0.9260992250640722,7.152040379490798,1.99879773036084,0.2794723777137214,0.002717147290478117,0.0012085417537293888,0.002088579547320002,0.0007868254657351045,0.9866624913605762,0.9215097460093318,0.9876262848815234,0.9216023779174132,received
47,train,0.38721683621406555,73.1875,73.3125,1.2822265625,3.265625,3.265625,30,6,3.171875,8.328125,3.170182501265841,3.1702522903435164,3.1705187086026774,3.1982985276307785,3.183276961451912,3.1855497224191067,3.1940220868322187,3.3339860279829034,0.619140625,,,2.134765625,0.655656666566469,0.5258350303381629,7.162105003080282,2.006209209098859,0.28011446470500323,0.008225001819184286,0.0024656506209161993,0.0033410433702663056,0.0008928460158787241,0.9939866111875073,0.4607310622242407,0.9930843134020266,0.4602059692375547,7.149295768857074,2.00085590270213,0.27986755162907434,0.007058737987520658,0.0021155336016109097,0.004347758709854155,0.0011617147396786084,0.9843187972664094,0.4557999453775961,0.980986327589684,0.45417274725436174,8,5,2.125,7.984375,2.125633038998443,2.1257073287476587,2.125854110492103,2.155975985079933,2.119448951918297,2.1218789643457105,2.1265450772586663,2.2834534696867674,0.73388671875,,,0.6732847279041038,0.5313049782755549,2.0077734761596964,0.28033287354711944,0.006870373935211838,0.002998161029114934,0.0013165940528798714,0.0004880413082753533,0.9943732314020677,0.8933312951628215,0.9947581848652645,0.8932751099806558,7.149295768857074,2.0006986144772227,0.2798455511090242,0.005539066639643764,0.0024221301841146486,0.0022841241568469783,0.0008482432812157876,0.9847488929186197,0.8873402942335938,0.982636801429706,0.8851183399820071,received
48,train,0.3860160708427429,73.25,73.25,1.2783203125,3.265625,3.265625,31,6,3.12890625,8.328125,3.129311726604181,3.1293813447033068,3.1296418727872197,3.1574451787097346,3.132933459821491,3.135219015170264,3.1435786553377723,3.284494453540313,0.62451171875,,,2.068359375,0.6553888135283215,0.5253420278930782,7.162105003080282,2.005282799065009,0.2799851158566617,0.0062835746082576804,0.0019044029085540978,0.0033862786063441064,0.0009138077436248551,0.9939648197016524,0.468613479642897,0.9938982121814854,0.4684714327918739,7.15246226663991,2.0020645706883333,0.2799126365232633,0.0052201331028305376,0.00158796276893143,0.0040031882381219575,0.0010838371010932404,0.9879506631221169,0.46780298595808867,0.9867680356906927,0.467349914878374,9,5,2.076171875,7.984375,2.0784456416917076,2.078519933395546,2.0786615543929607,2.108842901618541,2.074729054776343,2.077165071991526,2.081696660259639,2.239243902489862,0.73974609375,,,0.6732877127274961,0.5308243239319755,2.0047339093345693,0.2799084778109749,0.004711089461149953,0.0020993665373749038,0.0012231506610929088,0.0004615255690746899,0.9943390332590747,0.9330993325631995,0.994755325231643,0.9330513535987758,7.15246226663991,2.001866188952257,0.27988490037748853,0.0035170191016229424,0.001570989762435977,0.0018922326033470327,0.0007154142401513842,0.9884247321583803,0.9295747673230876,0.9877887841195596,0.9293989660182653,received
49,train,0.3843979239463806,73.5,73.5,1.2734375,3.263671875,3.263671875,41,7,3.21484375,8.328125,3.216364117303103,3.2164319782219084,3.2166930434929935,3.24397454710957,3.2008021222341796,3.2030616113382546,3.211473159220698,3.3507975126773255,0.6142578125,,,2.01171875,0.6547288576720045,0.5366874487287073,7.162105003080282,2.0127395844543563,0.28102626023895433,0.013294454793905786,0.003940288373699594,0.0054961630594281274,0.0014539494232687418,0.9939923114312652,0.45272886716423644,0.9930065672089681,0.45217672228087163,7.1499121447193215,2.0066102105091406,0.28064823313824266,0.01088720182918479,0.003227489245247835,0.006883117757556789,0.0018218045348500206,0.9863712315022068,0.4491832714188438,0.9837274118634989,0.4478955946116172,18,6,2.171875,7.98828125,2.171481038132339,2.171554294075347,2.1716999347028816,2.2015093760987905,2.178061162546599,2.180469320186897,2.1851680704110987,2.3407187724432013,0.72802734375,,,0.6733539804194095,0.5426175413383535,2.0133767840784094,0.28111522844366216,0.011528307143790606,0.004942370232432192,0.002913649525265072,0.001063869935868507,0.9943729432679023,0.8615825751872102,0.9946176015328083,0.8614206535973921,7.1499121447193215,2.0064651107624014,0.28062793921800944,0.009042117508562875,0.0038842365848511208,0.004458352986085323,0.0016314142896122676,0.9867422769628567,0.8576268810627344,0.9849899330683494,0.8557985669770336,received
50,train,0.3847002387046814,73.25,73.3125,1.26953125,3.265625,3.265625,27,6,3.08984375,8.328125,3.0876708168398985,3.0877412024865576,3.0880006352840272,3.116026987205451,3.069553745386936,3.0718522202299887,3.0799792534867145,3.2220975253072024,0.62890625,,,1.8740234375,0.6530885481864043,0.534089053946966,7.162105003080282,2.001967356647919,0.2795222013342323,0.002705447610017231,0.0008305660611404725,0.0026485921422647607,0.0007229608132929704,0.9939808209954606,0.47812102330797257,0.9944023381220903,0.47820854643911825,7.151796270061601,1.9975396971437887,0.2793060123238918,0.003988764551619006,0.0012265740302508689,0.004129748949291745,0.0011292809867332221,0.9852660030782818,0.47489758060150694,0.9852281293903022,0.47488023542275404,7,5,2.033203125,7.984375,2.0326702472232943,2.0327451180570453,2.0328847776138232,2.0632440429954504,2.026658680460075,2.0291055691431628,2.0335592020039637,2.191962780325669,0.7451171875,,,0.6731729907821989,0.5404589708960842,2.0011563896288,0.27940897107318885,0.0011447302751355082,0.0005194148834648528,0.0008247526798808025,0.00031598930343182543,0.9943733018554868,0.9696833973085675,0.9948742601518923,0.9696982003345171,7.151796270061601,1.9962178011115435,0.2791211781951878,0.0023178802806613774,0.0010527673787270044,0.002297921380420398,0.0008815380179415901,0.9855794980306021,0.9620684310797664,0.9856124557321104,0.9621043359901895,received
51,train,0.3829048275947571,73.5,73.5,1.2646484375,3.265625,3.265625,43,7,3.22265625,8.328125,3.2214258014846306,3.2214941973506255,3.221759336687439,3.2491587840479332,3.2173489550917536,3.2196081939543806,3.2281686668078877,3.367258955462933,0.61279296875,,,1.9736328125,0.6520924012981625,0.5389734697065877,7.162105003080282,2.0080071040648027,0.28036549355269125,0.008788825110636722,0.0025949005429808966,0.004379230880633855,0.0011545130014419618,0.9940073939615708,0.45007489169953196,0.9932267001282744,0.44961941639475866,7.152005328853391,2.0007532904224288,0.279747175571972,0.007729037219893264,0.0022824450296788927,0.005733144005112933,0.0015119278304567352,0.9853051013361789,0.4461156597705956,0.9824778978302335,0.4448966686021967,17,6,2.181640625,7.984375,2.18123727365217,2.1813108803896903,2.181459619837592,2.2113430823245936,2.185687450050348,2.1880998122739093,2.192874969846407,2.348501595741751,0.7265625,,,0.6719140772733443,0.5456102030553812,2.008114553889818,0.2803804961008205,0.007366745290706689,0.003137619458525348,0.0020535677964081955,0.000745651566862614,0.9943730006435807,0.850287689988667,0.9944503530813469,0.8499897246687567,7.152005328853391,2.0003809604038447,0.279695116044404,0.005912621427105691,0.002520969948836959,0.003481554140708276,0.0012655496820116832,0.9856528889098417,0.844090480409137,0.9837793508629682,0.8427048506066123,received
52,train,0.381354957818985,73.6875,73.625,1.2607421875,3.265625,3.265625,37,7,3.20703125,8.328125,3.205301152569946,3.205369715359547,3.205634555314241,3.2331067719170763,3.1995593700916545,3.2018237605019597,3.210190628666647,3.3497769853618586,0.61474609375,,,2.001953125,0.6562264737896173,0.5421792323962374,7.162105003080282,2.009502807228829,0.28057432924602205,0.009770638085088379,0.002901089163567072,0.004633916107604108,0.0012278196534879775,0.9939619997307325,0.453967962117516,0.9933425543029015,0.45358126586132375,7.150680921937747,2.003880749954511,0.28023635396829927,0.008541096551560656,0.002533269493246064,0.005880165501968904,0.0015571123021478396,0.9849755134283988,0.44894631528025913,0.9850192594952913,0.4490643721904163,15,7,2.1640625,7.984375,2.162483373508168,2.1625570418950657,2.1627048840270633,2.192639110816298,2.165872300297771,2.168288531990439,2.1730333203617986,2.328992648196361,0.72900390625,,,0.6737870800786906,0.54790695936291,2.0093440530977817,0.2805521633979957,0.00843204923532781,0.003620120822439329,0.0023442646981708393,0.0008570102799310345,0.9943730824853194,0.86407476990332,0.9947826980825676,0.8640545754228319,7.150680921937747,2.0039023702978533,0.2802393775046,0.006730789414207905,0.002894907311658412,0.0036166318714494494,0.001324869859025957,0.9853458702370617,0.8587294578022175,0.9865285806882023,0.8601195228839046,received
53,train,0.3819344937801361,73.875,73.9375,1.2568359375,3.265625,3.265625,40,9,3.279296875,8.328125,3.272736288919768,3.272804493016566,3.273078133868291,3.3004038513364073,3.2679252061872113,3.2701817954878294,3.2789454413894834,3.417401975834696,0.60595703125,,,2.009765625,0.6524241407525515,0.5336117661237622,7.162105003080282,2.031089290785438,0.28358831515481914,0.028982506059632485,0.008480399890842068,0.0050891886571804434,0.0013309354728711187,0.9939756588368844,0.4439046724806224,0.9942995383861009,0.443949992558542,7.152145323918508,2.016631163807515,0.2819617153280445,0.01896175292593938,0.005524589027260088,0.00609553039933175,0.001588811030698438,0.9885033024519831,0.43822680105668976,0.9868786156974885,0.43744919971089063,13,8,2.2421875,7.984375,2.2425656240897736,2.2426390686072883,2.242796239061003,2.272586436608089,2.237260639339363,2.2396757702053307,2.244695564649291,2.3999123376398748,0.71923828125,,,0.6704816095453291,0.5395494464583112,2.0328759792819455,0.2838377793131551,0.029484709478484028,0.01236787147438015,0.0031057701717260855,0.001113116633605019,0.9943730965416249,0.8248269386014735,0.9948740548380322,0.8248997001501208,7.152145323918508,2.0172611102821882,0.28204979330271407,0.018212184913254603,0.007618682364919168,0.003996590817938461,0.001430033704122843,0.9888744720470841,0.8146219483776802,0.9873907120624237,0.8132015764389803,received
54,train,0.36613449454307556,75.5625,75.875,1.251953125,3.265625,3.265625,60,11,3.537109375,8.328125,3.5342054431527448,3.5342695785966587,3.5345585852527663,3.56063771984719,3.52487346970625,3.527058389979826,3.536507029009216,3.6696073499453825,0.5751953125,,,2.2890625,0.6470903126036847,0.5342220867552172,7.162105003080282,2.1455737552614873,0.29957306606629164,0.13600543577217827,0.038181290829305,0.007535531969802278,0.0018989429046493917,0.9938879206036582,0.4169563596106419,0.9938821099157797,0.4168663123349136,7.1531195371862,2.1035861379260705,0.2940795448741447,0.1068584717422123,0.02971602769392507,0.012909915808130279,0.0032270328457437675,0.9875032657342899,0.40822296170324895,0.9801481267707564,0.4053113597759526,23,10,2.52734375,7.984375,2.530252469302637,2.530322844860823,2.530501682497679,2.559262580564533,2.537191682640991,2.5395404546921476,2.5453534146631616,2.6951189574619985,0.68359375,,,0.6703615085206857,0.5432229186557135,2.157321094738777,0.3012132737248274,0.14577565166278017,0.05735514310500009,0.0045356384056347565,0.001538645396242445,0.9943726042188734,0.7294350602132037,0.9948187611183439,0.729494266601238,7.1531195371862,2.1114365829698394,0.29517703038420195,0.11345236334951814,0.04394319678908067,0.009501954474423258,0.0031817835418197363,0.9878791111984695,0.7031981865693568,0.9810327912749894,0.6987075163871745,received
55,train,0.3455905616283417,76.1875,76.5,1.248046875,3.265625,3.265625,51,11,3.537109375,8.328125,3.5341742376114746,3.534238462213962,3.534530160655507,3.5606464589732707,3.504812431193292,3.507011585607335,3.5165104705600356,3.650292345267316,0.5751953125,,,2.279296875,0.6340425372893174,0.536597599064452,7.162105003080282,2.2199040948377537,0.30995134724819257,0.20565798619839804,0.058959947326295795,0.009204956117864427,0.00236371348280707,0.993946729800351,0.4303407150087681,0.9943967823448281,0.4304422093996728,7.153148012605559,2.202319103537949,0.30788110348855297,0.1990767343161579,0.05692099520036516,0.012684774026080703,0.0032500287780394634,0.9882894612911048,0.42573661416343345,0.982063306401348,0.42316830078864365,19,10,2.515625,7.984375,2.5152564957522467,2.5153273463571058,2.5155093941329603,2.544381241308511,2.515412013466618,2.517773173013159,2.5236832691854647,2.6740309180505792,0.68505859375,,,0.6552113396541838,0.5445307667627054,2.2275618818445575,0.31102055623123737,0.21258342828878973,0.08639298742413629,0.006882400378359854,0.002400694687505809,0.9943726741924914,0.7755004236029007,0.9948736324889005,0.7755880995195785,7.153148012605559,2.2090054905960534,0.3088158509656527,0.20567325421868698,0.08316116470723868,0.009813212612028721,0.0034088572623619043,0.9886963638273327,0.7622181274196861,0.982557247762335,0.7578500064683935,received
56,train,0.33831357955932617,76.625,76.75,1.244140625,3.265625,3.265625,46,9,3.470703125,8.328125,3.4713365477212403,3.4714022293865265,3.4716962513275065,3.4982065357573697,3.4528507179385612,3.455067613602462,3.46458099808605,3.5994677479786996,0.58349609375,,,2.19921875,0.6468715734243233,0.5284550995888186,7.162105003080282,2.24728268360318,0.31377404864026254,0.23177125194500725,0.0681933633075762,0.0071337202542398614,0.0018748687537601112,0.9938858921187776,0.4476331053689687,0.9943104231804893,0.4477232909898084,7.152762938928504,2.239178897918955,0.3130509031317607,0.22773603445879864,0.06709776691678558,0.00818524597349235,0.0021539082426810198,0.987076016142848,0.4450352517025103,0.9853605731952548,0.44443904970175613,18,8,2.43359375,7.984375,2.4345031555036822,2.434574689685576,2.434754446135121,2.463890503506011,2.428218813736488,2.4305930611652875,2.436400166164227,2.588016811649899,0.6953125,,,0.6671973892279763,0.5366242121076045,2.2504463307745923,0.31421576894037706,0.23422333386629202,0.0994989234547236,0.003748523006206206,0.0013580572914575725,0.9943387260002714,0.845809245100692,0.9947583234890249,0.8458057440003248,7.152762938928504,2.2421814578126664,0.31347067936639167,0.22982802533086932,0.09761177320829684,0.005655516401193772,0.002048653342297715,0.9875717094156133,0.8380676141200779,0.9858597841755694,0.8372432470144622,received
57,train,0.33404242992401123,77.125,77.25,1.2392578125,3.265625,3.265625,38,7,3.423828125,8.328125,3.425426609671822,3.425493106420014,3.425786900740151,3.452534468025244,3.4313259765434703,3.4335524838415226,3.443062052557905,3.5784919961294004,0.5888671875,,,2.158203125,0.6351643944189048,0.5198583826996926,7.162105003080282,2.250242650576324,0.3141873303461117,0.2353842127606054,0.0703735154125542,0.005408652344971898,0.0014419362303191568,0.9939587130793299,0.4588147904752886,0.9943911273301032,0.4589082745684134,7.152624024055159,2.2388502393605774,0.31301103368932115,0.22922449652411903,0.06837803362113154,0.0086147790707507,0.002293189819680326,0.9887194686177416,0.4545852264961947,0.9861846980256441,0.45343470473252623,10,6,2.380859375,7.984375,2.3806091583601767,2.380681598042113,2.380859819774072,2.410238870330378,2.3844254495871096,2.386812552188173,2.3925459182204007,2.5450209230921725,0.70166015625,,,0.6640878234778049,0.531263112068639,2.25276075005109,0.3145389168522692,0.23758099236524277,0.1032267390313267,0.002999584554229884,0.0011077873223771868,0.9943730103111763,0.8853646041082834,0.9948739686075836,0.8854157133533618,7.152624024055159,2.2404416785746517,0.31323353094469514,0.2310852890503634,0.10025197054648888,0.006486982100313732,0.0023942394704974434,0.989141279358674,0.8771117068367645,0.9867154319065614,0.8750160423246532,received
58,train,0.3310663104057312,77.3125,77.3125,1.2353515625,3.265625,3.265625,43,10,3.46484375,8.328125,3.4665764889982573,3.4666428889108403,3.4669411966425177,3.493623160391747,3.4541557322019716,3.4563820876046725,3.4659817343375003,3.6011854788143607,0.583984375,,,2.1953125,0.6337431386954083,0.5270676661695808,7.162105003080282,2.251310312078418,0.3143364012549625,0.23612162489027355,0.06979031142086546,0.006448628208717722,0.001701717658106183,0.9940509985221571,0.45084164338426164,0.9942879542216412,0.450846677818748,7.154015813690396,2.24554089585651,0.3138853693277131,0.2321484369132314,0.06861222490175653,0.0074678207385083795,0.0019691234457145227,0.9893775860616705,0.44779918021827264,0.9877229589734142,0.44717273275882824,14,9,2.42578125,7.984375,2.426356118271472,2.4264283941446285,2.4266113022253584,2.4559119147581483,2.425777504397014,2.428158869356165,2.4340257059110786,2.5858885837925505,0.6962890625,,,0.658184376013602,0.5368206361260699,2.254510138336174,0.3147831730149939,0.2376776168326753,0.10151776948494523,0.003923571317578478,0.0014280917357134882,0.9943730339583832,0.85513994552887,0.9948631423842862,0.8551929996964586,7.154015813690396,2.247976398618561,0.31422580787656146,0.23283418094821506,0.09943143571210379,0.005096913688635851,0.0018529986610979151,0.9898469196031678,0.8477669746237213,0.9884373884150843,0.8469986452531139,received
59,train,0.3293217718601227,77.0625,77.0625,1.2314453125,3.265625,3.265625,40,7,3.470703125,8.328125,3.474151701191734,3.47421834474961,3.474519052033581,3.501238465787979,3.458846287140092,3.4610742392494136,3.4707336461370897,3.605906878667331,0.58349609375,,,2.216796875,0.6434586271349845,0.5168206661695607,7.162105003080282,2.256835044582957,0.31510778515706434,0.23897018136958614,0.07058485182441941,0.009465858629367219,0.0024964326032714374,0.9939362274567163,0.45032550137521726,0.9941288406277531,0.4503105619143478,7.151804566381052,2.2486440811587842,0.31441632112392026,0.23451402024038615,0.06943950934228296,0.0091136635690523,0.00240878616652892,0.9874905799516789,0.44866552293757106,0.9860180298934704,0.4478872490417118,11,6,2.431640625,7.984375,2.4336154600369864,2.4336880623836086,2.4338729755714636,2.463222186330358,2.42556099518023,2.4279449228070074,2.4338323182123647,2.5857934806728027,0.6953125,,,0.672568843527596,0.5286997551788316,2.2609498072822296,0.31568230377938317,0.24125412482211406,0.1029246829618876,0.008010898435879987,0.002912876021481984,0.9943730550373973,0.8531256416435348,0.994858797779675,0.8531756923232313,7.151804566381052,2.253380778614744,0.31507862913471607,0.23709377554871303,0.10114031981009691,0.007235258709466841,0.00263055054713713,0.9879516142550235,0.8459105989285802,0.9868118606551146,0.8445465931216968,received
60,train,0.3288212716579437,77.625,77.625,1.2265625,3.265625,3.265625,36,6,3.37890625,8.328125,3.380793470796358,3.3808613278542916,3.3811574150952155,3.408251572563782,3.3783666879507113,3.3806094332522387,3.39001854372405,3.5265888715364264,0.59423828125,,,2.10546875,0.6473577014415592,0.5350545030436885,7.162105003080282,2.2511148200459306,0.31430910592315664,0.2376006918158513,0.07205482798169921,0.004111851213464135,0.0011102070795978374,0.9938931259593904,0.46902192194410697,0.9943802141275127,0.46914087385907177,7.156114972505684,2.2432090679084844,0.3134674437913669,0.2329280539599612,0.07046691846123895,0.005670269170172659,0.0015282284822644232,0.9909875330940201,0.46564590463778305,0.9868834237717108,0.4639135059399657,10,6,2.330078125,7.984375,2.328747009420354,2.3288200536248183,2.3289963444184187,2.3585918620472857,2.326896855277113,2.329297796242334,2.334945809830892,2.488443110796864,0.7080078125,,,0.670526493332112,0.5445570022206595,2.253252447588841,0.31460756950921004,0.23854417717430199,0.10602661969380148,0.0021696604517718043,0.0008168801703678668,0.9943731580621717,0.928080960486545,0.9948741163585799,0.9281145712913162,7.156114972505684,2.2448419710723293,0.3136956267048777,0.2338482641317272,0.10375160287367893,0.003649931631890091,0.0013727825237308197,0.9914451889086786,0.920879016512504,0.9873274712144129,0.9178210656080742,received
61,train,0.3288063108921051,77.3125,77.375,1.22265625,3.265625,3.265625,35,7,3.35546875,8.328125,3.3547064379072937,3.354774608228022,3.3550696664976063,3.3822729811573025,3.3398866279186152,3.3421389203441487,3.3514739447018176,3.4887723104070787,0.59716796875,,,2.080078125,0.6461623926564114,0.5337392360156245,7.162105003080282,2.2512630447889967,0.3143298016184868,0.2372718437567869,0.07235023730003844,0.0035752420988419686,0.0009700384632498984,0.993957020112477,0.47307250007769686,0.9943544350230011,0.47314883608953884,7.154459220990343,2.242453748639351,0.3134344161275328,0.23198736574849832,0.07063157771379948,0.005823896818943908,0.0015779167621498835,0.9883992906652423,0.4688171930940958,0.9896846905256966,0.46947489127270625,10,6,2.302734375,7.984375,2.3016609281752523,2.301734436800856,2.3019102910786144,2.331626634302118,2.302137943881642,2.3045444987585655,2.310163164011999,2.4640951254195267,0.71142578125,,,0.6719614685038278,0.5441951029301296,2.253195689652701,0.31459964475299446,0.23848491081167023,0.10734818797147368,0.0017119463057353457,0.0006514794307094916,0.9943381646925706,0.9531805784770296,0.9948741552597813,0.9532366175301008,7.154459220990343,2.244066969204969,0.31365990075408356,0.2331287935402564,0.10481598271949606,0.0038163010794098895,0.0014507460431311407,0.9887557089543835,0.9434833734448388,0.9902031826166375,0.9450589875202358,received
62,train,0.328009694814682,77.5625,77.625,1.21875,3.265625,3.265625,34,6,3.349609375,8.328125,3.347862612918413,3.347931148310833,3.3482273498120896,3.3755032130391633,3.3431243924323764,3.3453773323616085,3.354770068477369,3.492011553800513,0.59765625,,,2.076171875,0.6440346427519101,0.5328370410387667,7.162105003080282,2.2514133454902874,0.3143507871669011,0.23740029037467636,0.07248999742660864,0.0036782151370093885,0.0009992109994704911,0.9939228817111001,0.47408311470745435,0.9943498553427093,0.47417347055914083,7.154886473289007,2.241455033180083,0.3132761143797318,0.23456741600764452,0.07162122981906748,0.006538806025039534,0.0017759645535970203,0.9894177473096892,0.47132940838736714,0.9870674462585924,0.47038316797838603,10,5,2.296875,7.984375,2.2962380334973433,2.296311586311047,2.2964873911177692,2.3262292560810405,2.2904446937507608,2.292853799016656,2.2984573266646535,2.4525834678092515,0.71240234375,,,0.672139868837947,0.5442560582406152,2.253407646359843,0.3146292389445137,0.23858372621071666,0.10769992517332289,0.0019674511703389186,0.0007505217522981281,0.9943379770131973,0.9590070147181078,0.9948741820384521,0.959060789169347,7.154886473289007,2.2440349922133525,0.31363670137756905,0.2360378284658795,0.10637774067489526,0.004663096438183523,0.0017760196371835396,0.9898513576647519,0.9490777896958436,0.9874697855546897,0.9474972226828471,received
63,train,0.32588517665863037,77.5625,77.6875,1.21484375,3.265625,3.265625,36,8,3.369140625,8.328125,3.3661335089254942,3.366201721093376,3.366497444642179,3.393684827037147,3.349731908863353,3.3519802791646915,3.361329513689463,3.4983672054993136,0.59521484375,,,2.1015625,0.6428624028441847,0.5335702804458169,7.162105003080282,2.251060900013469,0.31430157740571124,0.23685220986901356,0.07199533023074786,0.004368457523538538,0.001181939302384233,0.9939689149842827,0.4707618689166461,0.9941807787775483,0.47075051979776933,7.1526206812717925,2.242186012525899,0.31347755073839884,0.23321603754469322,0.07084126915818081,0.006568858997063387,0.0017756865562310266,0.9882011256041352,0.4667875276661611,0.9842685214181781,0.4652015122614948,10,7,2.318359375,7.984375,2.3175262216374994,2.3175993658021503,2.317775116361436,2.347416720491807,2.3099905608395197,2.3123949581509753,2.318011193731117,2.4718035868021673,0.70947265625,,,0.6715256133729252,0.5449178905611074,2.253478359254044,0.3146391121443859,0.23818954457593744,0.10651798671140568,0.002378670339735045,0.0009002187436392688,0.9943732009679769,0.9401087570017532,0.994868734680443,0.9401319831504787,7.1526206812717925,2.2443526148487045,0.3137804610169319,0.23455768285467293,0.10473767796988197,0.004917569512615572,0.001857986674128295,0.9885757905592998,0.9287544004632671,0.9849006042892654,0.9263772873123075,received
64,train,0.32430458068847656,77.6875,77.8125,1.2099609375,3.265625,3.265625,37,7,3.396484375,8.328125,3.3968388752654377,3.3969068811013714,3.397205341069728,3.424319736587892,3.426472510503043,3.428715267320084,3.438471324700897,3.5743930193431326,0.59228515625,,,2.12109375,0.6452992333119516,0.5261188428338476,7.162105003080282,2.248322425961039,0.31391922137333633,0.23422829995822703,0.07055686083057741,0.0056202503484446,0.0015084313475594124,0.9939032849774758,0.46416158209524844,0.9944232669494264,0.46429579535373167,7.154158247873985,2.244011389804415,0.31366532749974774,0.23125993609432172,0.06970164256543168,0.00622289039647228,0.0016702689255593337,0.9874058462847453,0.4610169302676948,0.9877859165622809,0.4611047025282844,9,6,2.349609375,7.984375,2.3480303956995368,2.348103640679266,2.348282418682292,2.3779030858815022,2.3425653410783216,2.344973976389881,2.3507022756356744,2.50435698896303,0.70556640625,,,0.6715222208887637,0.5371923912487928,2.251252760903798,0.314328365743811,0.23585287443544,0.10381517732646423,0.0039625970342553885,0.0014796661904692722,0.9943732055144405,0.9094063896721406,0.9948741638108478,0.9094478763635894,7.154158247873985,2.2462352494490343,0.3139761760395155,0.23281004882677525,0.10262407604173523,0.004396127157846763,0.0016425534313020595,0.9878057651179883,0.9041566637294514,0.9881590037582519,0.9041352528815771,received
65,train,0.32596051692962646,77.6875,77.8125,1.2060546875,3.265625,3.265625,38,6,3.40234375,8.328125,3.404377705541315,3.404445743644531,3.404745108897308,3.4318392572557594,3.3973835697118586,3.3996244910858313,3.4090515353840463,3.545372915386886,0.59130859375,,,2.12890625,0.6405663048815874,0.5277368372436081,7.162105003080282,2.2478824979582313,0.3138577969733005,0.23138581932348679,0.06962674086401019,0.00681472335819322,0.0018272911306957164,0.9939289970531107,0.46341130037890926,0.9942094503360481,0.4634338162555048,7.153499552255459,2.237575977661722,0.31279459253705083,0.23028371717830254,0.06913233794910051,0.009866403944072566,0.002639777110264891,0.9877332917986266,0.4583583858826087,0.9853427435293929,0.45745691419959417,11,6,2.35546875,7.984375,2.3567378073615672,2.356811004774442,2.356990319230176,2.3865821176073396,2.3628581538414046,2.3652558858009898,2.370991158996995,2.524039211266931,0.70458984375,,,0.6695154151615043,0.5397394432949957,2.2510893226375432,0.3143055458792343,0.23401523668829238,0.1026357238751407,0.005562736118394085,0.0020708282438053997,0.9943379339061442,0.9026028474376272,0.9948741389313973,0.9026790982127011,7.153499552255459,2.2397706359374254,0.31310138759025125,0.23208911425886392,0.10172218435294252,0.008050283694484683,0.0029947510418171334,0.9880757261313766,0.8937994091857488,0.9859373175831516,0.892655709032845,received
66,train,0.3247266709804535,77.9375,77.9375,1.2021484375,3.265625,3.265625,39,7,3.38671875,8.328125,3.3880045530033622,3.388072684729102,3.3883720639127537,3.4155199450673726,3.4052103557958664,3.4074511868787436,3.417097838054694,3.5531897221190962,0.59326171875,,,2.12109375,0.6469527704150249,0.5409854530725869,7.162105003080282,2.2527039057165092,0.3145309800327788,0.2384010630071156,0.0721147919898568,0.00548423209277793,0.0014774188118313538,0.9939254524604486,0.4671947712031647,0.9942532288459409,0.46723881923383065,7.153909170798885,2.2405914795431765,0.31319820059903936,0.23104060518794078,0.0698061002820337,0.007494888061570393,0.0020162974375512012,0.9882794093004197,0.46315090155902217,0.9887924812397282,0.46335399027577734,12,6,2.33984375,7.984375,2.3373726881306416,2.3374460669083392,2.3376257697421545,2.367273857456982,2.330605027721867,2.3330103150678942,2.3387321801521077,2.4923210208027733,0.70703125,,,0.670966379589071,0.5510102347336532,2.2550676797920195,0.3148610190470761,0.23984233917467623,0.10620694473237752,0.0038522450824878263,0.0014458014744426827,0.9943385763631776,0.9208268204991615,0.9948687362078328,0.9208905637992667,7.153909170798885,2.2433957733419017,0.31359019520391523,0.23224489870307874,0.10272253016008108,0.005375115284058651,0.002014433369376116,0.9886733593776942,0.911249294432202,0.9895461854003642,0.9119091653131876,received
67,train,0.322607159614563,77.75,77.8125,1.1982421875,3.265625,3.265625,35,6,3.392578125,8.328125,3.3893645046119376,3.3894325861916745,3.3897307113960253,3.4168649217692963,3.398906592379272,3.4011467635056922,3.410729091460488,3.5468845153672475,0.5927734375,,,2.119140625,0.6417457993513865,0.5209386170028149,7.162105003080282,2.249621129023541,0.3141005511725984,0.23482974740188034,0.07085639420399091,0.005346731653300907,0.0014371599914843485,0.9940152151287993,0.46541914163923004,0.9942667413729938,0.4654277411590968,7.154255065654795,2.24430304408373,0.3137018492474338,0.2308753613267971,0.06970324820480941,0.006245439500364824,0.0016794854209839485,0.989204352410761,0.46311457605648676,0.9884638471313529,0.4628598871651806,9,5,2.34375,7.984375,2.344010045465691,2.344083306827512,2.3442626191788802,2.3738801760004202,2.3482176419267917,2.350621105278564,2.3563790147993666,2.5097598117615627,0.70654296875,,,0.6714579968067208,0.5333690300189697,2.252041995915216,0.31443856170031803,0.2366312620483404,0.10450383685023007,0.0032183672718781864,0.001205149991195077,0.9943732023917722,0.9157063173488431,0.994868736104233,0.915740193193778,7.154255065654795,2.2465279394642677,0.3140128383525355,0.23180529732733923,0.1024067209713349,0.004491932093014128,0.0016823864335837801,0.9895227347579567,0.9100768013578674,0.9890074176109351,0.9099581404806741,received
68,train,0.32144296169281006,78.125,78.25,1.193359375,3.265625,3.265625,39,7,3.3984375,8.328125,3.399283429603285,3.3993517079359887,3.3996523258429816,3.4268202298476758,3.3930235785686698,3.3952750400848837,3.4049669850254416,3.541528453116027,0.591796875,,,2.1328125,0.6383137700772381,0.5268268452447782,7.162105003080282,2.2542186419876,0.31474247320000254,0.23967752364277572,0.072243170384645,0.003862478544313319,0.0010372326345728872,0.9939605402178966,0.46463535715321197,0.9943419949479759,0.4647048481306489,7.154519247084952,2.2465814496207774,0.31400872260370644,0.2353813303785781,0.07098234011016613,0.005263620716706718,0.0014138322113321567,0.9891755995765443,0.46235852076399975,0.9889222187630562,0.46210236187659454,10,6,2.349609375,7.984375,2.3514529101743333,2.351526344192484,2.351706614772162,2.381359101281635,2.3489528291986788,2.3513598172567547,2.3571236894739864,2.5106479036937612,0.70556640625,,,0.6655436079415299,0.5375780914929541,2.2568766792293746,0.31511359834276875,0.2407239527611571,0.10619232968466615,0.002500296879373032,0.0009353727869017335,0.9943387436701085,0.9135404853900749,0.9948687792892912,0.9136069624461661,7.154519247084952,2.2484985881654986,0.31427668450002844,0.2360388807437408,0.10409024854210554,0.0035368847949266424,0.0013224333481379703,0.9896667078588823,0.9071233876536087,0.9895962822168665,0.906529019380808,received
69,train,0.31991103291511536,77.9375,78.0625,1.189453125,3.265625,3.265625,39,8,3.470703125,8.328125,3.4752801606641994,3.4753482304411447,3.4756579483877608,3.5026783362475533,3.4607623009182444,3.4630018705683256,3.4728067571731898,3.608320068570144,0.5830078125,,,2.1953125,0.6201275789311531,0.5082960216619266,7.162105003080282,2.260013184487367,0.31555152898699185,0.24235466456627286,0.07159253865945968,0.006076499755879539,0.001602716460255128,0.9940379937158177,0.4504488977815387,0.9943052236656209,0.4504677327145215,7.154130545391355,2.247334283236595,0.3141310141012612,0.23912179683131995,0.07052916151392723,0.008337096371872299,0.0021961822473830547,0.9888319075234433,0.44684752609144984,0.9880577924680818,0.4462625056858578,11,7,2.4296875,7.984375,2.430549003979579,2.4306220506274707,2.4308102812785504,2.4603001654886425,2.422682572532103,2.425080200964791,2.4310758127471788,2.5835490705681106,0.69580078125,,,0.6372746248649593,0.5140166800345094,2.261770213270964,0.31579685194481516,0.24325847314526428,0.10389782311943446,0.004853665414409569,0.0017665719993928827,0.9943732357066164,0.8550794034744885,0.9948427039944505,0.8551147387632714,7.154130545391355,2.249708621687935,0.3144628976804432,0.23955109080434944,0.10207638911184326,0.006542548805434478,0.002376893083091374,0.989200814980479,0.8459817977602903,0.9887413816568493,0.8447462911005653,received
70,train,0.3195232152938843,77.9375,78.0625,1.185546875,3.265625,3.265625,41,7,3.484375,8.328125,3.486044097531382,3.486112008841766,3.4864225073965063,3.5134103526722327,3.471910455138541,3.4741464319500297,3.483920773949622,3.619247931565665,0.58154296875,,,2.46484375,0.6283451929373977,0.5226829318805043,7.162105003080282,2.2648905054940403,0.3162325188642103,0.246784431857213,0.07270863542965396,0.007628469556330231,0.0020073141401537294,0.9939080525354669,0.44856846299866165,0.9935439074142787,0.4483027603867791,7.154446415461635,2.2528804456046454,0.31489235012451766,0.24425988075658367,0.07191273507593797,0.008418337659125363,0.0022130653136633325,0.9881108866683821,0.4449388947526698,0.9862264599592621,0.4442132954359539,11,6,2.447265625,7.984375,2.447470020898684,2.447543135118351,2.4477337530788446,2.4772086120585475,2.4516589100399604,2.4540517420023154,2.4601506673470013,2.612130977355938,0.693359375,,,0.6582541003544606,0.5351350805850433,2.268103736606391,0.31668116226038623,0.2489474766347648,0.10581625337923299,0.006631500117725508,0.0024037449043183222,0.9943732409946193,0.8468395065498782,0.9946407204371699,0.8467060686899739,7.154446415461635,2.2554913262456653,0.31525728131407516,0.2452076881983869,0.104055340947975,0.007202683253894726,0.0026060574840072533,0.988461113034325,0.8371992127489083,0.9874114641255174,0.8367457845929039,received
71,train,0.3075772225856781,79.3125,79.6875,1.181640625,3.265625,3.265625,47,8,3.71484375,8.328125,3.7162394918600183,3.7163058700511558,3.7166620812554623,3.7430146782682012,3.6821018363339375,3.6843006155113383,3.6954012269632557,3.826573035122351,0.5537109375,,,2.462890625,0.6320696368725293,0.529330068425097,7.162105003080282,2.3608811704537267,0.32963509602810315,0.3584922017353005,0.1016577538039417,0.009732071784974039,0.0024746899263438675,0.9939692155765218,0.4233187933286795,0.9729437354511825,0.41427592340459096,7.15548370896645,2.319922700942308,0.32421605516832364,0.3374594390817478,0.09472451477638923,0.013159620490294621,0.0033150016800845244,0.9876653083291407,0.4136898408837741,0.958062214697275,0.40140517671355985,17,7,2.716796875,7.984375,2.7162216319136823,2.7162936233405217,2.7165323475141383,2.7454031233775815,2.7096728403449415,2.712031794499193,2.7196248549300925,2.8671687028467794,0.65966796875,,,0.6665776730637171,0.546559192360238,2.390543259624876,0.33377662832320243,0.36924821833825305,0.14768414654109216,0.007669492490287588,0.0026387951398900776,0.9943730621084477,0.7522678118449344,0.9912282571040469,0.7496045984370373,7.15548370896645,2.3467228992984928,0.3279614621102194,0.3455445518017308,0.1361842476644617,0.011995359907173153,0.004073800337451499,0.9881069794739048,0.7253494507035463,0.9748241723927693,0.7159576007624806,received
72,train,0.2865281105041504,80.6875,81.0,1.177734375,3.265625,3.265625,43,7,3.685546875,8.328125,3.6885792438710836,3.6886461823204533,3.6890006748646136,3.715481044182498,3.68153063217711,3.6837321227943867,3.6948819787830205,3.8260788942627073,0.5576171875,,,2.443359375,0.6314116818488057,0.5315033874555722,7.162105003080282,2.4529472666151317,0.34248971015646473,0.45240108009514124,0.1330054605724235,0.0064770490722310115,0.0017011053479794828,0.9939947282991817,0.4471512433694867,0.9702557891864041,0.4363738766651917,7.152486637235141,2.424229170943411,0.33893515554759834,0.44382587122603745,0.12958176997262594,0.01047430609605815,0.0027347842032463348,0.9872391028116239,0.4392264998610199,0.948442279436108,0.4221759803711766,12,6,2.6796875,7.984375,2.6804084078031947,2.680480270047965,2.6807142752660913,2.709629599539956,2.6778527932208522,2.680215080854958,2.687670605695523,2.835666136967739,0.6640625,,,0.6668488783588306,0.5491513328246123,2.4883756138420754,0.347436349058255,0.46344668889491825,0.19608116744264859,0.004616811522756059,0.0016668837967554005,0.9943731376694469,0.8390465754304289,0.993841587536779,0.8382437258296771,7.152486637235141,2.4576110736922736,0.34360232997824736,0.45268683026858536,0.1893998252839138,0.008584977565027074,0.0030714623168046472,0.9876229434960768,0.8143834685290031,0.970217972567009,0.8007709531148074,received
73,train,0.2852041721343994,80.625,81.0,1.173828125,3.265625,3.265625,39,7,3.654296875,8.328125,3.6550399425144047,3.655107074121408,3.655459344160722,3.6820422351597264,3.6479133630473553,3.6501252247946967,3.6612752059358415,3.793142782478703,0.56103515625,,,2.42578125,0.6346287820873832,0.5243771113810026,7.162105003080282,2.4385614641600557,0.3404811103874179,0.4374379277253251,0.1290607720075904,0.0064242297590126896,0.001692557321808319,0.9939147976908114,0.44953740019546357,0.9712619669462734,0.4391922473372463,7.155972641913656,2.4078277464447324,0.33647805363895705,0.4260284478588403,0.12464626183737365,0.01179583817584362,0.003085612066308725,0.9882930110155215,0.44117448969918654,0.9530251039639142,0.4256396347554625,11,6,2.646484375,7.984375,2.644722301237755,2.644794611006073,2.6450267773507528,2.6740567044815307,2.6512058692526463,2.6535727366112725,2.660977986219062,2.809393056694382,0.66845703125,,,0.6680488831912275,0.5407313950497004,2.4728766852561868,0.34527233043813943,0.44746340861046807,0.19069208183105185,0.004305436159655507,0.0015640751098411926,0.9943731466619958,0.8512733779765594,0.9942777574651815,0.8508268258153163,7.155972641913656,2.4402596338494793,0.3410101960922119,0.43543920622695875,0.18339461131304152,0.010144982882560605,0.003650217965439575,0.9887619497545588,0.8263299501638963,0.9742952865139483,0.814988161108454,received
74,train,0.28184518218040466,80.875,81.25,1.169921875,3.265625,3.265625,41,8,3.646484375,8.328125,3.6444208187661613,3.644487659556917,3.6448367428864223,3.6713575363886912,3.6144185272845086,3.616625381535753,3.62753036721245,3.7596562096887793,0.56201171875,,,2.388671875,0.6300158104891607,0.5176544632455656,7.162105003080282,2.4544866379212884,0.3427046429598088,0.4521112558508804,0.13457012597830806,0.007826058057180063,0.002078164414787354,0.9939820708186549,0.45569424768524147,0.9709385974159312,0.44502768617964567,7.15379552884218,2.420437809907323,0.3383431634506142,0.4371421786019525,0.1288123059443628,0.011005206043613214,0.002897041125870046,0.9876376282117763,0.4457223449743483,0.9496951396457316,0.42848456975662164,13,7,2.63671875,7.984375,2.6362570724589047,2.636329078584528,2.6365591741220826,2.6655411820610815,2.636695858372744,2.639062945671068,2.6464118888399795,2.794964987103355,0.669921875,,,0.667120487815464,0.536147905160865,2.48935772322516,0.3475734748589326,0.462160985349354,0.19920769801684457,0.005765772741618491,0.0021149667370948255,0.994373107043689,0.871055078500152,0.9938954802347544,0.8702547897495013,7.15379552884218,2.4523836245265977,0.3428087390308049,0.44625251904040564,0.18979778001795544,0.009571846661053485,0.0034726684106165407,0.988151940836973,0.8421437657723845,0.9713710756813247,0.8274257118192146,received
75,train,0.27894842624664307,81.25,81.625,1.166015625,3.265625,3.265625,41,8,3.666015625,8.328125,3.662784682526393,3.662851567071861,3.663202424653632,3.689695916678522,3.654366474378804,3.656576422847666,3.6677065814975545,3.7994743140735023,0.5595703125,,,2.44140625,0.638518242956156,0.5370222375588571,7.162105003080282,2.4525175449678387,0.34242971080611895,0.4503245730257337,0.13300292402714406,0.008268910081900671,0.002180616553489713,0.9939189108593993,0.4502663629872357,0.9690762944356814,0.4389125215631103,7.1572678439822734,2.4213398369186936,0.3383050473588914,0.4427402348699463,0.1297316891528661,0.012593425878502984,0.003297176391405252,0.9899559849987307,0.44271169709999497,0.9497243884139506,0.4247827235921217,12,7,2.658203125,7.984375,2.658131237912069,2.6582033920271546,2.658436150021558,2.6874221895185455,2.6655992179564723,2.667959621689855,2.6753774142938056,2.8234151807531194,0.6669921875,,,0.6685942887977917,0.5518886404308146,2.486797324871797,0.3472159824244791,0.4610600167185668,0.19673273799345464,0.006848819447852428,0.0024906912167639854,0.9943731097320088,0.85341961064369,0.991874497472252,0.8509093336341601,7.1572678439822734,2.4537759896247686,0.3428369656010384,0.45316668119182335,0.19095249340412979,0.010809732812995243,0.0038885180474406565,0.9903727873127117,0.8276751175358981,0.9704551845657097,0.8112534598547548,received
76,train,0.2750757932662964,81.4375,81.75,1.162109375,3.265625,3.265625,75,11,3.765625,8.328125,3.764477351344881,3.7645400344184883,3.764877095686817,3.7903639488661414,3.767656148302752,3.7698106348751343,3.780966349010197,3.9096207617327394,0.5478515625,,,2.529296875,0.6278531246361616,0.5314548680842124,7.162105003080282,2.4753871543196255,0.3456228515576091,0.46550974780618404,0.13444904810429958,0.012896060926575359,0.0033335803615934874,0.9939854668024868,0.4352087455269466,0.9717933662082681,0.42539880097390037,7.156004492630467,2.4506129468626363,0.34245547908562285,0.4546876020722985,0.13051809860016833,0.016069241898254205,0.00413050849846312,0.9890831807475458,0.42866673051286786,0.9581449902299344,0.4153098909263792,33,10,2.767578125,7.984375,2.765207932528647,2.7652770800829645,2.7655058436891022,2.7937156676503196,2.7683301684029127,2.770654682091309,2.7781149261410873,2.9238913555934443,0.6533203125,,,0.6591038694911755,0.5467164226425539,2.511003501200871,0.350595739677223,0.47810112307657704,0.19685903560677173,0.010736867441719866,0.0037874845741297943,0.9943726770928407,0.7953552387253127,0.993993692738993,0.7947336601859991,7.156004492630467,2.4840113383212796,0.34712266333530273,0.46509666664112714,0.18976808010889396,0.013650021309016935,0.0047768528949589245,0.9895097795207333,0.7763884296916381,0.9797983899589289,0.7689420211939912,received
77,train,0.27263182401657104,81.875,82.25,1.158203125,3.265625,3.265625,81,10,3.845703125,8.328125,3.8485422248646866,3.848604087327087,3.848942374854095,3.874108979203234,3.829691371161473,3.8318302555539843,3.843039856869496,3.9705394188555427,0.5380859375,,,2.603515625,0.6394335967543925,0.527497921647219,7.162105003080282,2.4836305276133235,0.34677382229737796,0.4713845211938068,0.1335532894442291,0.010700004923204887,0.002718675225008191,0.9939808017578642,0.4227657005570716,0.973792927314796,0.41409104569989347,7.155443292858598,2.456136451867519,0.343254268302124,0.46193541402366733,0.12983025188433864,0.015989811998055714,0.004034195544878448,0.9903755423192759,0.4160015486293249,0.9583409688563354,0.40253384201853654,39,9,2.853515625,7.984375,2.8524588887728326,2.85252748340996,2.8527597572618064,2.8807264089686266,2.8438411029341384,2.8461536782560284,2.8537307227702384,2.9983914788894603,0.642578125,,,0.6684709059798801,0.5413653207379059,2.5145635292859874,0.35109280416923827,0.4815720636740375,0.1919281809997117,0.008192905933888106,0.0028103060815788256,0.9943725941554389,0.7472530944366507,0.9933825289675688,0.7462281523819164,7.155443292858598,2.4843045864371174,0.3471908706084705,0.47102179424945234,0.1856674862278627,0.013269342660397143,0.0045095714435604665,0.990802294650944,0.7287363491120346,0.9767748221148302,0.7183823498752232,received
78,train,0.2684856951236725,81.5625,81.6875,1.154296875,3.265625,3.265625,98,10,3.947265625,8.328125,3.9458833610229536,3.9459439082485,3.946280260809635,3.9709700812249844,3.9404881853848726,3.9425873358019126,3.953800460902725,4.078839241908946,0.52587890625,,,2.7265625,0.624407458440422,0.5274077683196328,7.162105003080282,2.4988198258664993,0.348894609167529,0.4836529122353532,0.1336134858433413,0.01365516081528284,0.003391767384810494,0.9939392981939381,0.4071238295207486,0.9768593447150371,0.400045684786275,7.156097261706027,2.475732245799824,0.34596123491055025,0.4696407899961885,0.12909458656614448,0.016274537335089434,0.004023325177603861,0.9897942205961661,0.4020230648069608,0.9661927848868919,0.3924307232324663,50,9,2.958984375,7.984375,2.9571363625260743,2.957203790892887,2.9574378895234474,2.9849847162622782,2.944690474842041,2.9469739323359776,2.954633555813613,3.0973256346256828,0.62939453125,,,0.6589667963556008,0.5451259612850983,2.524500339650312,0.35248021895302756,0.49344257094072663,0.18929401691029293,0.010426282853316593,0.0034605093397118074,0.9943723456695652,0.6961785221950564,0.9918402575892493,0.6941622966889314,7.156097261706027,2.5025072893946225,0.34970280557618083,0.48008333673560877,0.18289080445701475,0.013680661254481308,0.0045120018868800476,0.9902367681384856,0.6833709489114722,0.9804016059593632,0.6765654984954194,received
79,train,0.2654512822628021,82.0625,82.3125,1.150390625,3.265625,3.265625,159,11,4.1484375,8.328125,4.147998825487846,4.1480533938370865,4.148364389373039,4.171422264209225,4.13163192341458,4.1336366504440125,4.144603775640307,4.264537238755668,0.501953125,,,2.939453125,0.5974807849559332,0.5058650829393392,7.162105003080282,2.5245701599922015,0.3524899675313938,0.4985731116545651,0.13137593024576033,0.01944814821021268,0.00462919763285828,0.9940040337645826,0.3798855212618842,0.9837310099565295,0.3758874419716151,7.154395111761588,2.500732755518154,0.34953797161789857,0.4831805541184657,0.12660847226211555,0.02288433601973594,0.00542008242844429,0.9880615688471543,0.3744351927933158,0.9735717432040447,0.36884921177282354,92,10,3.171875,7.984375,3.1710206960809506,3.171083422198751,3.1713066836739117,3.197504554071527,3.160715665511219,3.162903762903334,3.1703911199582935,3.3076952443427716,0.6025390625,,,0.6270648112249444,0.5201483319657536,2.5415527288010997,0.35486113757170934,0.5050853606984216,0.18022570825899037,0.015979722674053676,0.004980128969152593,0.9943715837935416,0.6122627192987966,0.9923492138570005,0.610829076114673,7.154395111761588,2.5168407036200007,0.35178944750792396,0.48992611355588256,0.17359334746714136,0.019306574598991766,0.0059808515021653385,0.988505068408525,0.6010128837941299,0.981377495700916,0.5964330378905195,received
80,train,0.2654018998146057,82.1875,82.3125,1.146484375,3.265625,3.265625,143,10,4.09765625,8.328125,4.098354367280503,4.098409905230368,4.098723819473705,4.122044409155208,4.072871503166125,4.07489143211639,4.085722211390786,4.206797103278814,0.50830078125,,,2.87890625,0.5999060234986,0.5030775222881609,7.162105003080282,2.5492808957488933,0.3559401732664485,0.5158074564675399,0.1386729631601521,0.022134517510695062,0.0053649326119825785,0.9939503774779208,0.3911383021906765,0.9859893739349337,0.3879290214888572,7.155618559738336,2.530648001844071,0.35365887389288264,0.5061466638431416,0.13562038980916885,0.024683221509876674,0.005963350430871846,0.9887561759018846,0.3868728782213688,0.9798911719803645,0.38333627993884,81,9,3.107421875,7.984375,3.10778000530828,3.1078436435347467,3.1080678648750526,3.13454652363072,3.098697812483265,3.1009021535847134,3.108379399074232,3.246794333351817,0.61083984375,,,0.6281188151282682,0.5158520137108247,2.5640634946620784,0.35800417524726663,0.521596268896519,0.19187906014941647,0.01917262139858522,0.006136141181090668,0.9943718385908422,0.6457224503191965,0.9915049399705476,0.6436513647579681,7.155618559738336,2.5456144947487385,0.3557504461000539,0.5127725059830102,0.18783676472584024,0.022752827207541237,0.007253161501893031,0.9891885043754014,0.6367217082719867,0.9851835225840642,0.6339588609196533,received
81,train,0.2623986601829529,82.0,82.25,1.142578125,3.265625,3.265625,137,10,4.03125,8.328125,4.030519149691086,4.030577196224899,4.030901107257012,4.054838706029382,4.004897033819045,4.006941932296049,4.01769530930362,4.140344600338712,0.515625,,,2.8671875,0.5988637823118896,0.49963240405707127,7.162105003080282,2.5715472168900275,0.3590490806521344,0.5306868142866232,0.14602905713397357,0.02772492590637654,0.006862097775172012,0.9940459620587436,0.40479206500133363,0.9872169129816326,0.4019291695533732,7.156257847381342,2.551053891391944,0.35647875548886765,0.5168981539951467,0.14165030187189764,0.029730927494340698,0.007330624718307143,0.9902108078135079,0.4003558297336978,0.980639993925907,0.3966026980835434,73,9,3.033203125,7.984375,3.03460113962384,3.0346663228166917,3.0348931575325873,3.061794214863989,3.0326173060803114,3.0348509021619305,3.042363564626062,3.1824006982657376,0.6201171875,,,0.6261831400284402,0.512334070223503,2.583959403915471,0.36078211682238115,0.5370693053323112,0.20495965893215687,0.02563326742094052,0.008469476451937342,0.9943721582244045,0.6896055596603435,0.9921018898998479,0.6877921572873394,7.156257847381342,2.563517933552148,0.35822045379348716,0.5236007309418991,0.19862420180901852,0.02693327254291411,0.008851654982036617,0.9905983044106197,0.6783293121291426,0.9860520372309916,0.6755522075062264,received
82,train,0.2600110173225403,82.375,82.5,1.138671875,3.265625,3.265625,121,10,4.01171875,8.328125,4.014784032689827,4.0148423167158205,4.015167494244891,4.039263548318698,3.9842920432903117,3.9863521945427203,3.997195882123312,4.120578585177025,0.51806640625,,,2.80859375,0.5991606498310279,0.5141770859806265,7.162105003080282,2.580035065112698,0.36023418589968664,0.5350830284202157,0.14847067187029955,0.02684726265219517,0.006694835165752948,0.9939623131358317,0.4097898008071592,0.9903176969270318,0.4082028940180324,7.156617961469758,2.5604520089370046,0.35777402436767264,0.5257694651980875,0.14529802440109527,0.029725960025952958,0.007383812945761834,0.9909808981305712,0.40581229713397077,0.9819262926261185,0.4021235264914195,61,9,3.0078125,7.984375,3.0079332099917435,3.0079996640822873,3.008229852492161,3.035448503759341,2.994341015469774,2.99659221530568,3.004119512586641,3.1451873836391058,0.623046875,,,0.6291411070635857,0.5280618266182171,2.5902069950406243,0.3616544289600092,0.542429338670039,0.20931824781668223,0.02505210694263571,0.008357414290599944,0.9943723184770441,0.7037376868165296,0.9937931936321425,0.7030785598930419,7.156617961469758,2.570789983454395,0.35921855788518725,0.5320972460606725,0.20409419452124444,0.02722567983580948,0.00903191865130708,0.9913818477039493,0.6930191995034206,0.9852043455846928,0.6887568225649896,received
83,train,0.257625937461853,82.5,82.625,1.134765625,3.265625,3.265625,114,10,3.9609375,8.328125,3.9593967165802066,3.959456748568755,3.9597877913830417,3.9843177558752236,3.9631119968070743,3.965195260524156,3.9763988014573712,4.100563232986448,0.5244140625,,,2.7265625,0.5989701233105356,0.4942677970051177,7.162105003080282,2.5929193572983364,0.36203313916553476,0.5478869508170501,0.1547847602147505,0.028972507264979797,0.0073425247610926616,0.993925959830797,0.42093260367466107,0.989109319201888,0.41880387959812954,7.155052536848766,2.5767258806905073,0.3601267590168319,0.5402554911155848,0.15203443626768692,0.02846369480933042,0.007189900216864419,0.9887115135118041,0.4159932952224619,0.9818353397791721,0.4132124176262203,54,9,2.94921875,7.984375,2.9468234725403515,2.9468910393575105,2.9471224783463907,2.9746641030192964,2.941549759498764,2.9438268084507926,2.951366392747043,3.0938214385734213,0.630859375,,,0.6278692484005473,0.5074509469304119,2.6042038162156684,0.3636087177018001,0.5538723542085551,0.21985491573373792,0.026733121186835795,0.00913814165996919,0.9943725790274041,0.7416039313104138,0.9924327061089757,0.739880741765716,7.155052536848766,2.5851686207647795,0.3613067280010975,0.5450034189322315,0.21532692523067273,0.026113871734494865,0.008893195896660678,0.9890809468255517,0.7303304583518182,0.9851332567850823,0.7277623843224578,received
84,train,0.25689905881881714,82.5,82.6875,1.130859375,3.265625,3.265625,102,10,3.96484375,8.328125,3.9653400163516475,3.9654008997785155,3.96573753473889,3.990440252175621,3.9594127046039365,3.961503570242216,3.972657939105348,4.097221645445495,0.52392578125,,,2.72265625,0.5943980102226221,0.5057218651955436,7.162105003080282,2.5904066828209724,0.36168231011788976,0.5382244216626049,0.1518198128508061,0.03467703401660138,0.008776032851150736,0.9940093714166007,0.4199926980278453,0.991032032438528,0.41864608770966244,7.15550666219691,2.5720740532432433,0.35945379896460833,0.5327470847211693,0.1495987575770968,0.038938160690240586,0.009814452432303297,0.9896808253982634,0.4150888146387677,0.9820475748427429,0.41179858679159775,48,9,2.951171875,7.984375,2.950654022942735,2.950722036713368,2.950955807606725,2.978602987046045,2.9478956284728977,2.9501762072382562,2.9577632899873385,3.1003194133151464,0.63037109375,,,0.6224581298087263,0.5186566019264949,2.5999476221888127,0.3630144519063356,0.5430481397574933,0.21522097256966063,0.03278965662881639,0.01119332819893885,0.994372598460946,0.7394262116776635,0.9936303799518855,0.7385991484918819,7.15550666219691,2.5803033373208075,0.3606038620511316,0.5366890446265451,0.21160209983094044,0.03670036502320517,0.012472214505438133,0.9900530980034272,0.7283003600081733,0.9845388471676246,0.7239704324356466,received
85,train,0.25647300481796265,82.75,82.875,1.126953125,3.265625,3.265625,104,9,3.966796875,8.328125,3.960054888856771,3.9601163654785028,3.9604548649410667,3.9852965290739126,3.9709025292518385,3.9729884274051743,3.98407021442612,4.10836293203644,0.52392578125,,,2.740234375,0.5945033106095595,0.5002406825165946,7.162105003080282,2.5719177829507056,0.35910082047730013,0.5222783043392987,0.1464151475967705,0.033379026307779114,0.008400860411434286,0.9939510863081402,0.4161083949475107,0.9914448203666568,0.4149721413813952,7.156414608696172,2.55782081666736,0.3574165216139384,0.5162152407196965,0.14429289298091183,0.0346791585605386,0.008705569012973762,0.9906153308182901,0.4126047545433275,0.9844071801361984,0.41022012315559747,43,8,2.953125,7.984375,2.9548955047857284,2.9549638864843226,2.9551991034702527,2.9829422423595577,2.9458842994103445,2.9481716609182596,2.9557806356351866,3.0985886964174174,0.6298828125,,,0.6222519077039522,0.5129438881788096,2.5814943194733626,0.3604379324741975,0.5284697839051109,0.20767742899767716,0.031897176348248735,0.010809497127473375,0.9943726576608807,0.7278148705445546,0.9941761964637594,0.7274043578770387,7.156414608696172,2.5665223785730857,0.35863243242703635,0.521510557540318,0.20412792195966248,0.03307505251785425,0.011170867727604136,0.9909641238011515,0.7190523514009733,0.987097433086082,0.7168590043937837,received
86,train,0.25560519099235535,82.75,82.9375,1.123046875,3.265625,3.265625,106,10,3.9140625,8.328125,3.911534512772133,3.911596735561942,3.9119369954993153,3.9369881680222227,3.8956609156437896,3.89776772653482,3.9088086107466857,4.034560071432736,0.52978515625,,,2.681640625,0.5933492910069582,0.5010218210859639,7.162105003080282,2.6000312774256495,0.36302613216469554,0.5502122719990776,0.15795575735121162,0.03192085254902821,0.008206903213083806,0.9939391499604433,0.4312270712142497,0.9922861620999504,0.4304163630593407,7.155526411978743,2.582007097423398,0.36084097084750844,0.5425356824272685,0.155295392721573,0.03289218322861842,0.008435004441252515,0.9898737793787689,0.4274251208992058,0.9824836363651182,0.42426837418864904,47,9,2.892578125,7.984375,2.8916459325360453,2.8917146890776873,2.891948621633258,2.919875524473473,2.8780896961400186,2.880387833728842,2.887951388968666,3.0317549183110777,0.6376953125,,,0.620734233950064,0.5138285744570671,2.6092471716366883,0.3643128899275425,0.555622585244719,0.2262401667642047,0.030056892427620774,0.010501772210879091,0.9943728396306941,0.7783894617911916,0.9944802236461969,0.7781683647439392,7.155526411978743,2.590243675925982,0.3619920501711478,0.5470141759046587,0.22158332610360096,0.03125437190494473,0.010872692579363123,0.9902552384996648,0.767051689567031,0.9847293511948649,0.7628819740495888,received
87,train,0.2531631588935852,82.9375,83.0625,1.119140625,3.265625,3.265625,93,9,3.892578125,8.328125,3.89116088396431,3.891223648311484,3.89156603468543,3.916789592854669,3.8931059730267914,3.8952215875773564,3.9062738717951393,4.032416300067239,0.5322265625,,,2.666015625,0.5859060803457975,0.5091247193267273,7.162105003080282,2.5896821131449554,0.36158114297838184,0.5451984202859066,0.15690792045249144,0.022232307501557358,0.00572876513982437,0.9940548056178109,0.4329098404346061,0.9922131203431297,0.43201353738118464,7.1574016289782865,2.5777044063904073,0.3601452789730304,0.5385416158139549,0.15466808947076457,0.024760227886912567,0.006365133105733415,0.9914810554650897,0.42983983111595264,0.9869368570747339,0.4279009934524263,40,8,2.8671875,7.984375,2.8690521141166285,2.869121313932206,2.869355451445852,2.897392423422893,2.86724638309559,2.869548873551077,2.877098431588984,3.02114450676976,0.640625,,,0.6153165447423167,0.5224282956122624,2.59638566123815,0.3625171175403733,0.5483325256079219,0.22432837230294747,0.019954440659269324,0.0070003036041601805,0.9943728384401718,0.7855020811517213,0.9944108747762854,0.7852213916987754,7.1574016289782865,2.5847123431918755,0.36112439641882177,0.5427611013192042,0.22172224240950747,0.022300746063128152,0.007808404893318735,0.9918818563088116,0.7793869344378799,0.9892218528145182,0.7773996058834564,received
88,train,0.2527197003364563,82.75,82.9375,1.115234375,3.265625,3.265625,96,10,3.89453125,8.328125,3.895097194778802,3.895159694764446,3.8955006313666547,3.920648852758593,3.870110797819064,3.8722261257754544,3.883274911324442,4.009575048828706,0.5322265625,,,2.650390625,0.5982699618967205,0.4950834087257153,7.162105003080282,2.594756814300695,0.3622896918133343,0.547289737833907,0.15766850950490646,0.026600896659122242,0.006860635313656574,0.9939806328517431,0.43353789727420877,0.9917213121716761,0.4324579725457915,7.156040208964473,2.5795953306988606,0.3604780374860618,0.538940698882632,0.15463194044221926,0.0279929885698742,0.0071957903221712876,0.9898219243222943,0.4290775150878419,0.9856186404014808,0.42729139366508573,44,9,2.869140625,7.984375,2.870178005562286,2.8702471227466346,2.8704807954976763,2.8985060634260855,2.8476507031388576,2.8499547863643886,2.8574636802514175,3.001759203982979,0.640625,,,0.6232576639196193,0.5065386693485909,2.6030363887693015,0.3634457170971085,0.5515721258359276,0.22592844256084524,0.02495913168331665,0.008765160176192834,0.994372793379867,0.7873506401013615,0.9941210629031385,0.786839209162101,7.156040208964473,2.5867810470781625,0.361482184496066,0.5425563937256044,0.22119438757734927,0.0257064543258263,0.00899542463145116,0.9901736982779665,0.7769746578550044,0.9882845907889948,0.7756104541512435,received
89,train,0.252838671207428,82.625,82.8125,1.111328125,3.265625,3.265625,83,9,3.87109375,8.328125,3.87010680315018,3.870170115890056,3.8705151792299053,3.895869699367811,3.855678186678853,3.8578013033450995,3.868857611815882,3.9956370121989946,0.53515625,,,2.630859375,0.5900812934200137,0.500477723039321,7.162105003080282,2.6049506347294886,0.36371299130760437,0.5585584365790996,0.16229304308499418,0.026034779585023315,0.006766064357609226,0.9939967354286665,0.43919127038882066,0.9905097589714247,0.43755372108410684,7.156597951836965,2.5914808952001085,0.36211072811976586,0.5512045016092166,0.1599464624787976,0.028249054624939873,0.0073298139184784505,0.9896080856483946,0.4359434772094646,0.9846385381138241,0.4336214174722466,41,8,2.841796875,7.984375,2.841439358613269,2.841508814203854,2.841743694976528,2.8698922137257834,2.8466758932324705,2.848982341635396,2.8565503982159477,3.0009468896425284,0.64404296875,,,0.6173269358615046,0.512575807503107,2.612846403964169,0.3648154282631202,0.5622413337050371,0.23417344984387006,0.024659590249212826,0.00878458952772955,0.9943729381525817,0.813367318815245,0.9935439576611325,0.8123563591976607,7.156597951836965,2.5982171832186784,0.36305199770957713,0.5538835234594295,0.22954040666603207,0.026184376811355214,0.009282530460790939,0.9900996368129471,0.8004897081718251,0.9874248320574432,0.7978784440398813,received
90,train,0.2524799108505249,83.3125,83.5,1.107421875,3.265625,3.265625,80,9,3.845703125,8.328125,3.8454781585350792,3.8455413747605975,3.845884457345214,3.8712859736614327,3.84770974436314,3.8498383581188564,3.8609840554481782,3.9879486251470464,0.5380859375,,,2.69140625,0.586429530454048,0.5049955500067765,7.162105003080282,2.6068674806227796,0.3639806285305251,0.5570732778314866,0.16324657208449295,0.029057792170860353,0.007609448370897993,0.9939369162051079,0.44490503632956074,0.9922295546740267,0.4440412177768437,7.156619372180004,2.5914479197378735,0.3621050366059196,0.5501951062318078,0.16093726516771173,0.030615133979962295,0.008001987453904331,0.9883964724296401,0.44075773861496464,0.9861809236517267,0.43978280880467,33,8,2.8125,7.984375,2.8121464866754087,2.812216369001052,2.8124508447163326,2.8407106072019683,2.8125976399761705,2.8149159035648506,2.822463790593128,2.9675682158004437,0.64794921875,,,0.6101415390747976,0.5156688139235986,2.6135084974474885,0.3649078722419553,0.5609894498001111,0.23673644003673783,0.027384483584435237,0.009865224041008,0.9943729604722984,0.8347258948862721,0.9946650535873438,0.8346201101842379,7.156619372180004,2.5976022484120564,0.36296498574588737,0.5535784802047461,0.23259036788851406,0.029051962785841212,0.010422954699416344,0.9887043238290261,0.821279559979913,0.9884008906996691,0.8210729100756238,received
91,train,0.2504769563674927,83.125,83.25,1.103515625,3.265625,3.265625,84,10,3.8984375,8.328125,3.8973807699412855,3.8974440053984467,3.8977924754502933,3.9231087002903697,3.8882783135210133,3.890407656558033,3.901680304190598,4.02828287537803,0.53173828125,,,2.654296875,0.5899919805835135,0.4973445715277955,7.162105003080282,2.5953284265613608,0.36236950246403266,0.5486202544371199,0.1579367486064583,0.03064521547783805,0.007898553437582664,0.9939543878365065,0.433048773146517,0.9898792180159619,0.4311791832974139,7.156832003412168,2.5853457823251227,0.36124164729485136,0.5436508349588722,0.1561713232279475,0.029959157080846843,0.007707084490895051,0.990588859899697,0.43007364823157096,0.9839510071894981,0.42710784904045507,35,9,2.873046875,7.984375,2.8729870444643177,2.873056726302718,2.873295921159293,2.9014435928058506,2.8536681085809237,2.85598543402434,2.863660385511478,3.008366320883031,0.64013671875,,,0.6153803339521715,0.5079286844195805,2.6034382574530963,0.3635018275120803,0.5519870702435954,0.22611351407784186,0.028875886840565634,0.010141229084219109,0.9943728926270836,0.7874524116593582,0.9939584022098895,0.7868120344539636,7.156832003412168,2.5931022103497963,0.3623254268248131,0.5474431294688387,0.22354671454000274,0.028665376808532983,0.010040401451272996,0.9910128520506554,0.779661728799854,0.9879627512677551,0.7769855010992132,received
92,train,0.24969977140426636,83.125,83.25,1.1005859375,3.28125,3.28125,91,9,4.00390625,8.453125,4.004307320560984,4.004370032366135,4.004739988329999,4.0297493737139005,4.014921313012203,4.01702285319658,4.028929694549383,4.152893585594079,0.52587890625,,,2.791015625,0.5738347415308352,0.4997349900636532,7.162105003080282,2.606391207321124,0.3639141294633583,0.5431166467149726,0.15194254838726917,0.05392825650808497,0.01354753995289167,0.9938897985022432,0.41480096915625925,0.9892360061191914,0.4127724033452153,7.157614184101301,2.591313688848534,0.3620359553053914,0.5383170773131587,0.15020986769967065,0.0523420623022135,0.01312222224945322,0.9912385408100679,0.411969330387383,0.9817239209993165,0.40817554321549304,41,8,2.978515625,8.1015625,2.9782282009560195,2.978297454030267,2.978549761496206,3.006440432819142,2.974274512894235,2.976571727010493,2.9846700399556028,3.1273071991793997,0.63232421875,,,0.5995015928452639,0.5145167628923175,2.616708749406793,0.3653547034400358,0.5468917049881021,0.21588924042423313,0.05266061166513136,0.01791551449222185,0.9943727573761167,0.7339722362584487,0.9932990064197931,0.7329086650880787,7.157614184101301,2.6004913371178664,0.36331817701129415,0.5420444962600337,0.21295457941169668,0.05167094162032981,0.017513216264925167,0.9916111964097691,0.7250293520891102,0.9855033573846335,0.7210626101927397,received
93,train,0.25078529119491577,83.0625,83.3125,1.0966796875,3.265625,3.265625,75,9,3.880859375,8.328125,3.881647579547564,3.881711187828097,3.882061664228816,3.9075061590094555,3.8782226357025604,3.8803606098291676,3.8916294299604095,4.018682582252383,0.5341796875,,,2.65625,0.592967138468786,0.49954807119726763,7.162105003080282,2.590492378578868,0.3616942752814637,0.5377088135922747,0.15517009824792138,0.03495059206964868,0.009027738054352624,0.9939579386527004,0.4346380255920441,0.9912576289196471,0.43336230193230546,7.155692913646616,2.5761805124063533,0.3600183159751478,0.5252593586926366,0.15127597593173117,0.03301591721195063,0.008507352473787689,0.9899733256460861,0.43102205454423503,0.9854804677325841,0.42902228664226505,31,8,2.85546875,7.984375,2.854679534762692,2.8547497624273035,2.8549905432804374,2.8832775646246915,2.855830218579954,2.8581478858587572,2.8658656172594967,3.0105603204758435,0.642578125,,,0.6184448682708499,0.5108282883223108,2.5998202857982315,0.362996672721232,0.5417099932970855,0.2230449572609734,0.03413827612157494,0.012042212237362201,0.9943729194626938,0.795319740015571,0.9940202835222056,0.7947192691348803,7.155692913646616,2.5823453488668107,0.36087984490530917,0.5291970619657684,0.21734378294976467,0.03155940701733684,0.011098732484999615,0.9903898402279792,0.7863667259314758,0.9882135238961016,0.7844932336939292,received
94,train,0.24670155346393585,83.3125,83.4375,1.0927734375,3.265625,3.265625,71,10,3.810546875,8.328125,3.8089099891449285,3.8089745653123597,3.809324316569185,3.835084569976979,3.790025247944359,3.7921840784392096,3.803354025145723,3.9319798017763614,0.54248046875,,,2.673828125,0.5874207556232456,0.49805331003572156,7.162105003080282,2.604992360563101,0.36371881722520744,0.5564696960524742,0.16470696902660506,0.026295659562945772,0.006947839505055516,0.9939095583025335,0.45175218374064063,0.9923495864921952,0.450940467469904,7.156746917820657,2.5903954361279466,0.3619515215324623,0.5470119813903453,0.16136586578468382,0.027350859348541867,0.007206350944674488,0.9893513194751158,0.4472673719578766,0.986211303686038,0.44604255245450886,25,9,2.771484375,7.984375,2.773202990078725,2.7732737745459204,2.7735110248259063,2.802042961441404,2.764397977257904,2.7667387577980347,2.774348590136938,2.9207159108352196,0.65283203125,,,0.6123470552762624,0.5090984175821237,2.611258332895758,0.3645936958160634,0.559742714484254,0.2399180062124804,0.02480363673399033,0.009054935985072855,0.9943731111662837,0.8612005568248859,0.9945086833383794,0.8609444370583637,7.156746917820657,2.596398400391767,0.36279030545660423,0.549509207817831,0.234442335312126,0.025805305585396177,0.0093858113271964,0.9897470042281515,0.848837041444779,0.9884865596780239,0.8484587233053572,received
95,train,0.2472527027130127,83.4375,83.5625,1.0888671875,3.265625,3.265625,77,8,3.837890625,8.328125,3.841353073819424,3.8414176349223617,3.8417695378051038,3.86744163917343,3.8105390943310975,3.8126925699141414,3.8238591845056713,3.952107491353647,0.5390625,,,2.595703125,0.5874458425734664,0.5005242099047019,7.162105003080282,2.6074921673277696,0.36406784963447725,0.5538730340394267,0.16277224864341872,0.033395587252073256,0.008767709465056738,0.9939488183326262,0.4468539260307058,0.992400789737661,0.44605751184322195,7.156972446084664,2.592446620583757,0.3622267152924413,0.5505144063047656,0.16113236511019616,0.03650509805780899,0.009549370791423591,0.9906317159974902,0.4423210771636843,0.9877822866930224,0.4412003886463587,29,7,2.802734375,7.984375,2.8029577628339815,2.803028373311638,2.803266968303193,2.8317071744657856,2.7988707835827724,2.8011975292074056,2.8088180376212195,2.9543415357322003,0.64892578125,,,0.6134132065057012,0.5123385396685837,2.6147807188067618,0.3650855045663524,0.5577207775270407,0.2362645452860018,0.03288680438274216,0.011886402308499047,0.9943730241905815,0.8411527730693735,0.994432081979804,0.8408464078548951,7.156972446084664,2.5991198256233243,0.36315912143062873,0.5528955758478205,0.23289879661832572,0.03551591191231296,0.012774526879937664,0.9910144383313826,0.8278738830720248,0.9896701844350924,0.8272827300962551,received
96,train,0.2456265538930893,83.625,83.75,1.0849609375,3.265625,3.265625,75,10,3.849609375,8.328125,3.8526105103602486,3.8526748599147105,3.8530267010148394,3.8786501346428843,3.8346011261123114,3.8367437531883573,3.847846011054715,3.9755043767064446,0.53759765625,,,2.599609375,0.5849794698430371,0.4998307418192078,7.162105003080282,2.603345047391359,0.3634888131731817,0.5477956073853996,0.16028990777806704,0.03842144819294191,0.010048208741173533,0.9939401288552041,0.44390009763357263,0.9925298655679322,0.4431711137040484,7.154853223645599,2.590560349294952,0.3620703693450456,0.5429927172207947,0.1585521606975082,0.03813357881009516,0.009951210534953223,0.9891971527722951,0.4398637476426905,0.9833240175051916,0.43739193261990744,30,9,2.81640625,7.984375,2.8185871727451413,2.8186576597108983,2.8188971809859287,2.8472892510305536,2.8138458671164828,2.8161735135878327,2.82384326796485,2.9692801368665065,0.64697265625,,,0.6100087970568974,0.5112205852231818,2.6114210959145634,0.3646164214000551,0.5508670893441172,0.2316931528762316,0.037163816465285215,0.013350258028965944,0.9943730087664138,0.8292320503635733,0.9945337704880233,0.8290197810308755,7.154853223645599,2.5977383179204554,0.36307360007545125,0.5457179280972353,0.22857957118804498,0.0366410770189729,0.013110490881828168,0.9895385845013083,0.8167150057652364,0.9851403240818533,0.8135674748917752,received
97,train,0.2463981807231903,83.5625,83.8125,1.0810546875,3.265625,3.265625,81,9,3.9140625,8.328125,3.914464601351353,3.9145279203570715,3.9148798758431744,3.9402146744583857,3.903854145331808,3.905980721256494,3.917201653011748,4.043598093350543,0.5302734375,,,2.794921875,0.585371297741327,0.49918590975510624,7.162105003080282,2.6221833646552297,0.36611908978260993,0.5510052458758068,0.15901815997092206,0.05093019295279255,0.013156085421474343,0.9939847026186506,0.43469539423673864,0.9925818459216407,0.4339868097269562,7.156523059022345,2.606288716385965,0.3641836538345495,0.5432941728888983,0.15631407728175187,0.050547681800751754,0.013025192145502233,0.9878890243951588,0.43004867954404263,0.9846837903727339,0.42851318383879083,32,8,2.888671875,7.984375,2.8875816342956546,2.8876511765844675,2.8878929927958152,2.916018211076287,2.88525735119707,2.88757339494377,2.895368150629804,3.0397124178043495,0.63818359375,,,0.6134111017637126,0.51128936527502,2.6314026170461626,0.36740631642714644,0.5554611504654163,0.22866522860045022,0.05029245901044632,0.017737800885169047,0.9943729303734292,0.7950383618647705,0.9946242481305863,0.7949209062479854,7.156523059022345,2.6132188196069785,0.365152015588415,0.548097361152859,0.2244557145830019,0.05144253097398099,0.01806902568280906,0.9883180433918097,0.7822720208060163,0.9866617705969327,0.7804967731571659,received
98,train,0.24366410076618195,83.25,83.375,1.078125,3.265625,3.265625,90,10,3.888671875,8.328125,3.8916250057094457,3.8916883392717754,3.8920368250009534,3.9173850318565746,3.855143135494591,3.857270265061406,3.8682902113782465,3.9952417843299655,0.533203125,,,2.640625,0.5914508245535143,0.4930414611793149,7.162105003080282,2.6133486534603025,0.36488555422412156,0.5524764230284873,0.1603570516210657,0.041111940661522794,0.010674349993233658,0.9939595074001559,0.43847285534922087,0.9926279116853527,0.43778869090193034,7.15871903221816,2.601975935856615,0.36346948722897165,0.5468855079841974,0.15825840469650565,0.04112052157890922,0.010647234413074557,0.9914330374410856,0.43509635667429974,0.9883669223583578,0.4337952190784533,36,9,2.859375,7.984375,2.858929023833033,2.8589988661755505,2.8592380896505407,2.887441298533049,2.855980275000569,2.858290650470003,2.865962459586991,3.010381135222382,0.6416015625,,,0.6192139830065722,0.5054401664310261,2.621964460884553,0.36608852561598815,0.5562172844231563,0.23073080321954773,0.040685907061545734,0.014443723327332547,0.994372932895268,0.8069546102870648,0.9948576167372281,0.807019857028718,7.15871903221816,2.608143061841167,0.3643309717985988,0.5506949977193969,0.2274425369453204,0.04072427923008437,0.01440198782860969,0.9917834541360122,0.7970923622448063,0.9902868785120873,0.7960389347270742,received
99,train,0.2445419430732727,83.6875,83.875,1.07421875,3.265625,3.265625,82,10,3.8984375,8.328125,3.896625471585134,3.8966892223405183,3.897041589288051,3.9224643160161223,3.9020648225345616,3.904194466618705,3.9155123819682838,4.041977461001865,0.53173828125,,,2.642578125,0.5855310546461733,0.5081565823597124,7.162105003080282,2.6207836208913315,0.36592365230112983,0.5459590859685566,0.1582798073857242,0.055127522476059454,0.014298374843579048,0.9939615875392231,0.437693813621182,0.992971414857549,0.4371613511634419,7.155580162038976,2.6068329648285307,0.36430770193282497,0.5395531221488508,0.15595989949943007,0.055015821749839766,0.014231774973544378,0.9904261700980213,0.43392066326158507,0.9852069153380807,0.43170272403606635,33,9,2.87109375,7.984375,2.873380275587473,2.8734502021366652,2.873692013156632,2.901890352888697,2.8750823629300406,2.8773971662730213,2.885161932100507,3.029540655656801,0.64013671875,,,0.6098659303341046,0.5190394650435699,2.6325726755063226,0.3675696843838654,0.5500294304018887,0.22813749452001125,0.056053905804680504,0.019897473767555518,0.9943729761781288,0.8067716227916075,0.9948664621518093,0.8068440676792102,7.155580162038976,2.614945032621673,0.3654413721048367,0.5430381440885235,0.2238661680699035,0.055378627660148894,0.019555518439093,0.9909109005616097,0.7935738169091473,0.9873320707944968,0.7909377644622962,received
100,train,0.2441951483488083,83.75,83.9375,1.0703125,3.265625,3.265625,80,10,3.873046875,8.328125,3.877282305139391,3.877346041538978,3.877697468249525,3.903154447727524,3.8740199300475555,3.876160400795242,3.8875385214409186,4.014597013788438,0.53515625,,,2.751953125,0.5979555909046158,0.4897874067367781,7.162105003080282,2.6098864380040254,0.36440214669870996,0.5512989039550487,0.16055523099395608,0.03343104178238754,0.008706264637302445,0.9940050117315185,0.44074572354702296,0.9925880833578775,0.4400197117414532,7.158005368460252,2.595618211111452,0.3626175278588526,0.5472783203792124,0.1588961916653876,0.03583739382530471,0.009303771202640561,0.9891023730565225,0.4360206857053211,0.9871407684479738,0.43520413531088725,35,9,2.84375,7.984375,2.8433007757175037,2.8433707817540372,2.843611103404577,2.8718838957518336,2.8441421691100266,2.846462084144751,2.8541878946562953,2.9990253494078263,0.64404296875,,,0.6265729218758416,0.5020805547415015,2.6185982273446626,0.36561851944623186,0.5557570885244925,0.23189412396068548,0.03316316492142324,0.011832242468985787,0.9943729489583282,0.8162802356659279,0.9948335826188703,0.8163226679989567,7.158005368460252,2.6042602758691604,0.3638248564808438,0.5508861396771128,0.22866243920272236,0.03477676211981606,0.012346027918169734,0.9893858658405241,0.8021660951707299,0.989027843071189,0.8020391034486842,received
101,train,0.24331992864608765,83.5625,83.6875,1.06640625,3.265625,3.265625,73,9,3.8984375,8.328125,3.897718726623573,3.897782330893969,3.8981351854779147,3.92354882085516,3.8993151365346876,3.901447898717673,3.9128098381293777,4.039402096406211,0.53173828125,,,2.80859375,0.5881102236660591,0.49901233354803914,7.162105003080282,2.6010722465698506,0.36317147618628604,0.5463660809764441,0.1575803112147934,0.03283188338233778,0.008476235308760332,0.9939590801265723,0.4342707454329953,0.9930374592005142,0.43377313841112836,7.157237024728158,2.5897766011207293,0.36184027330282426,0.5422284994775719,0.1559259111878682,0.03588826975865089,0.009240512333346627,0.9886158929725681,0.4297988017681627,0.9869868341294605,0.4290370338391833,32,8,2.87109375,7.984375,2.8730111848386257,2.8730812267001746,2.8733240368850974,2.901551184706507,2.8574470314518448,2.8597677636072807,2.8675329270418515,3.012286460618655,0.64013671875,,,0.6117670710159243,0.5093393854030068,2.6091985545659653,0.36430610182953194,0.5514956315926431,0.22674770518371773,0.032019964192191885,0.011281068894067813,0.9943729023722101,0.7931019306970076,0.99485349143922,0.7931683259319343,7.157237024728158,2.597394768452611,0.36290467389561737,0.546632439388226,0.2238711157376772,0.03502570119647963,0.012298136092325237,0.9890631120428282,0.7822167521588389,0.9888436975025314,0.7818657387817688,received
102,train,0.24266165494918823,83.8125,84.0,1.0634765625,3.265625,3.265625,81,9,3.857421875,8.328125,3.858577530704935,3.858642186486673,3.858997193732534,3.8846812159175026,3.8703387617871505,3.87248118598078,3.8839041889134207,4.0110984835011525,0.53662109375,,,2.62109375,0.5922001220010223,0.5025898831328356,7.162105003080282,2.597806775517599,0.36271553885349805,0.5498447383841487,0.16024890198308198,0.019713471047525744,0.00513723104586481,0.9940046682021553,0.44123675874982765,0.9936655485552466,0.4409881597036202,7.1569796651101285,2.5856045566934758,0.36127035113682826,0.5469121597118942,0.15906735175978629,0.023096071192296286,0.006006131034287544,0.9907950492723137,0.43791715368018624,0.9850083109404117,0.4355010487933456,33,8,2.82421875,7.984375,2.823732779339561,2.823803571891802,2.8240458035148848,2.852498789154916,2.8170120828835565,2.8193411073484094,2.827068083002995,2.9725163303382294,0.646484375,,,0.6162288734593377,0.5125232364050226,2.6031913350586193,0.3634673512799711,0.5527608202149539,0.23110965389531038,0.01856678180149718,0.00663585289696205,0.9943730805753308,0.8195295734886476,0.9948611419650666,0.8195934293466499,7.1569796651101285,2.590557070566305,0.3619623349211294,0.5501810672711898,0.2292454954488766,0.021630197084549607,0.007705427924171497,0.9911547060131198,0.8096087892068807,0.9864208496423617,0.8062263028561727,received
103,train,0.24115800857543945,83.9375,84.0,1.0595703125,3.265625,3.265625,81,10,3.861328125,8.328125,3.8598491779569732,3.859913613472567,3.860267748265083,3.885913010483032,3.8334390666100377,3.8355901739847083,3.8468479539600686,3.974781650236578,0.5361328125,,,2.65625,0.5845607137096407,0.49892641106280156,7.162105003080282,2.6047227749248805,0.363681176665888,0.5500549024645096,0.16042533849286728,0.028485928595531007,0.007428058022534023,0.9939006220351256,0.44167357950863123,0.9932831566605236,0.44130094626866484,7.1566132701888225,2.5927212333768614,0.36228326660837634,0.5436625076450889,0.15820604764599072,0.030385592427464303,0.007906992925117366,0.9898492188588186,0.43819115267958614,0.9875936131223195,0.4371187833964452,35,9,2.828125,7.984375,2.826175075870263,2.8262457574081457,2.8264885141336906,2.854937647338137,2.8222864863278394,2.824616998262854,2.832376525216606,2.977811410691264,0.64599609375,,,0.6141577574012732,0.5117208004656428,2.611210161818261,0.364586969989302,0.5529658306169454,0.2314631748410172,0.027525605033103417,0.009847517045895702,0.994373142406741,0.8214030130338826,0.9948632515352607,0.8214679306980496,7.1566132701888225,2.5987894050922336,0.36313117769233133,0.5468225537942404,0.22793230530154712,0.029649091994032872,0.010568156502440633,0.9903313846701316,0.8106969394386906,0.9891664589328242,0.8094904292372272,received
104,train,0.24185602366924286,83.9375,84.125,1.0556640625,3.265625,3.265625,75,9,3.890625,8.328125,3.8919921595324247,3.8920565032344934,3.8924125371755007,3.917986898332554,3.8903969464223955,3.8925361551439113,3.903914481390879,4.030852503145178,0.53271484375,,,2.783203125,0.5939827195915738,0.49656782051891885,7.162105003080282,2.5948744928524863,0.36230612253471306,0.5419113228518064,0.1563148169782106,0.028698181812284673,0.0074098541003643605,0.9939704400876472,0.4343570552059387,0.9932600385078372,0.433951617051596,7.157148973427892,2.579130865542741,0.3603572980132444,0.5387943870232839,0.15490884941943914,0.030331739278214087,0.007808022898898868,0.9879490827507489,0.4292634766710348,0.9887181069852584,0.4296147897649679,32,9,2.859375,7.984375,2.85854781213692,2.8586185306397174,2.858863068025838,2.887254619248831,2.8565279094194245,2.8588501970201494,2.866630852203878,3.0114547845976922,0.6416015625,,,0.6198083273322127,0.5070340053582638,2.5998959466264955,0.36300723677024155,0.544509238114852,0.22396531463824204,0.027344759239881,0.009637251644779573,0.9943730589040207,0.793721255809568,0.9948509883530408,0.7937853332168872,7.157148973427892,2.583459926805633,0.3609621563554368,0.5410816479848828,0.22135821173639555,0.029163305477663215,0.010229429932554898,0.9882954473658163,0.7795780452991761,0.990357449916969,0.7812612682068013,received
105,train,0.24050375819206238,83.8125,83.875,1.052734375,3.265625,3.265625,72,9,3.859375,8.328125,3.861663315214416,3.8617281950194307,3.862083984297791,3.887809239385708,3.866827252693756,3.86897997613677,3.8803825547029596,4.008020244691837,0.53662109375,,,2.630859375,0.5869649626038235,0.5018096032430206,7.162105003080282,2.6071342469649252,0.36401787544913783,0.56014262214239,0.1635661837979664,0.017316504746725414,0.004520403130551746,0.9939203291249186,0.4425015043911722,0.9932152471944624,0.44208899667524976,7.157544035106657,2.5966769641845313,0.36278882133986584,0.5547065930236093,0.16177360716945696,0.019832129019002664,0.005171248655221118,0.9899701414500761,0.4396620285986783,0.9886416358390768,0.4390738002237286,26,8,2.82421875,7.984375,2.82603452277727,2.826105335634672,2.826347158705314,2.8548352244903863,2.8216239324696812,2.8239600809951275,2.831691075499674,2.9773813066997734,0.64599609375,,,0.6112444308760319,0.5125523440844971,2.6124437282758812,0.36475920517115007,0.5628507827965104,0.2359748533289903,0.016025133653756463,0.0057409029032700004,0.9943731520054406,0.8239801123669157,0.9948483164885102,0.8240317856373901,7.157544035106657,2.6028121920975438,0.3636459907659874,0.557598065385088,0.23318000400088248,0.01817285426954829,0.006496230027133419,0.9902946227906719,0.8157068458226165,0.9902634062221161,0.8156872755201537,received
106,train,0.23894137144088745,83.9375,84.0,1.048828125,3.265625,3.265625,69,9,3.875,8.328125,3.8783619856054674,3.8784270478945735,3.878786256608339,3.904536478428107,3.856842868589926,3.858993852988443,3.870365690899462,3.9980516174785423,0.53466796875,,,2.669921875,0.5902073355573745,0.4951614470135445,7.162105003080282,2.6186633490237954,0.3656276119796567,0.5669060286261658,0.16546055410521554,0.025388687576292313,0.006624728754948731,0.9939357520110637,0.4421799696265681,0.9930319075960155,0.4416794343038158,7.156338995646475,2.610586626927727,0.3647935946740177,0.560441312995442,0.1634820866436735,0.02714702803498703,0.007075392381735817,0.9900775306436511,0.439535890596868,0.9891598785988354,0.4390674828181985,23,8,2.841796875,7.984375,2.843498016181209,2.8435689125488466,2.843813671845587,2.8722847653805554,2.8383219628664924,2.8406545660792157,2.8484613900950677,2.9938621465703026,0.64404296875,,,0.6220480344255723,0.509129552441422,2.6254728551973003,0.36657838080677896,0.5705401206741598,0.2387844891600194,0.025026713638355957,0.008952395471125103,0.9943731695798528,0.821165375586854,0.9948272454681746,0.8212006283653703,7.156338995646475,2.6172572930706446,0.36572572856915253,0.5623034166978105,0.23516924640536263,0.026758382340105413,0.009557485963156365,0.9905459030579324,0.8149558986222734,0.9908094357238708,0.8149628000713317,received
107,train,0.2374417781829834,83.75,83.9375,1.044921875,3.265625,3.265625,71,10,3.861328125,8.328125,3.859075805581224,3.8591409226844187,3.859498754217809,3.8852831691153824,3.874635028004167,3.8767785339936993,3.888230229574769,4.015377812990829,0.5361328125,,,2.623046875,0.591997466059046,0.48871386960465335,7.162105003080282,2.6151441256853327,0.36513624479962387,0.565464823729334,0.1655240043058537,0.02429730484488779,0.006356571760734259,0.9940111506780109,0.4441936432354212,0.9932119399735475,0.4437371636344362,7.157488027330933,2.6060596652531767,0.36410255320049634,0.5587140272689961,0.16312651848082393,0.026308037466758805,0.006865123424975123,0.9908132733578121,0.4406618166302515,0.9887134380367062,0.4398635433959146,24,9,2.828125,7.984375,2.829281505829712,2.8293526556459634,2.829597187869156,2.8581276378921765,2.8270089930450837,2.8293392631184293,2.8371088417709283,2.9825102018151703,0.6455078125,,,0.6170656138874846,0.4999637099981821,2.6217950585823275,0.36606487303030943,0.5687973090164054,0.23912962092278722,0.023601824244714464,0.008475243606308488,0.9943731500434039,0.8285113247744577,0.9948141543848159,0.8285329412141461,7.157488027330933,2.612227210461099,0.3649642445067719,0.5615649143907966,0.23535364639584014,0.02569633232517443,0.009199797395767748,0.9911970043537286,0.8195241398674702,0.9904932586205062,0.8194119668532319,received
108,train,0.24034073948860168,83.8125,83.9375,1.0419921875,3.265625,3.265625,87,9,3.923828125,8.328125,3.921070336802004,3.9211342568428793,3.921489588400808,3.9469048325961618,3.941044351180397,3.9431652950214615,3.9545505067954223,4.080314043019687,0.52880859375,,,2.8203125,0.5932570121228485,0.49567102376227756,7.162105003080282,2.608569643387303,0.36421829088869934,0.5499560754350465,0.15780381628381057,0.03630380680774792,0.009329617242626528,0.993928786198536,0.430899075740177,0.9919205341440369,0.4299350622106565,7.157006384267323,2.593970342227638,0.36243789692988904,0.5467740423774377,0.15638977421017725,0.03713859062207092,0.00951874381360822,0.9903033311172518,0.42714155280459365,0.9836737644851521,0.4241920076976863,32,8,2.8984375,7.984375,2.899890642191635,2.8999607717974807,2.9002054601062057,2.928427486558841,2.8991085311951474,2.901426039015862,2.9092603096364513,3.0535217184640215,0.63671875,,,0.6178291017613695,0.506048895606683,2.6167003002101605,0.3653535237314684,0.5540792585248537,0.22582163829455965,0.03534132605313278,0.01235799064486229,0.9943729714101721,0.7797828851768472,0.9947693807411238,0.7797874086985596,7.157006384267323,2.601521779382768,0.3634930080684972,0.5504296958538122,0.2232588506895089,0.03605058865977018,0.012557532489378758,0.9906617618730937,0.7693566542448197,0.9864079028866044,0.7657603629217942,received
109,train,0.24069149792194366,83.75,83.9375,1.0380859375,3.265625,3.265625,82,9,3.931640625,8.328125,3.9291318567827456,3.9291961089749856,3.9295530585382634,3.9550198517588027,3.9267660669560462,3.9288922703061897,3.940246726983382,4.066353669636683,0.52783203125,,,2.802734375,0.585541242325358,0.4936102326345626,7.162105003080282,2.626034003050245,0.366656730377569,0.5562881250306155,0.15988214913752918,0.04861554101595722,0.012511899123019074,0.9939122774907005,0.431959038563983,0.9925471840591067,0.43127186639108983,7.156714946120866,2.61260283648196,0.36505615441593936,0.5548299562807166,0.1589991967390163,0.04869387057354935,0.012498244992153558,0.9903310663894427,0.4283791985841149,0.9854541000163524,0.4261383370203098,33,8,2.908203125,7.984375,2.906675068659375,2.906745157119986,2.9069904270879467,2.9351999263509754,2.897808049418275,2.9001229931894428,2.9079726560548025,3.052158254817923,0.6357421875,,,0.615730921472472,0.5067180332810208,2.6338128866124344,0.3677428473164918,0.5611384821921135,0.22933702220582258,0.04805825836936428,0.016845013994179477,0.9943730310472052,0.7839814439056648,0.9948739893436125,0.784066729873381,7.156714946120866,2.621692896329671,0.36632629859747307,0.5589576446875002,0.22769002732816807,0.04864314146608617,0.016999481248614102,0.9906865028168745,0.7756697415702496,0.9875432358295191,0.77277778733035,received
110,train,0.23744302988052368,84.0625,84.1875,1.0341796875,3.265625,3.265625,80,9,3.927734375,8.328125,3.927440271100202,3.927504477042787,3.9278614551201456,3.953338370930825,3.91228344067942,3.9144187879612633,3.925901386237772,4.052374869262711,0.5283203125,,,2.67578125,0.5880235468427312,0.5027552422363767,7.162105003080282,2.6136271508725004,0.36492443907879457,0.5539706345762969,0.1586127619573853,0.03399472034332973,0.008719324625289937,0.9939486979351795,0.42950444410308614,0.9928006387900252,0.4289154966045376,7.1574470532246375,2.5979606787575165,0.3629730907456814,0.5452739336168761,0.15590876196689263,0.034166049010300625,0.008752896658960863,0.9913919164690075,0.4272675257246177,0.986029518774588,0.42507830513581946,33,8,2.904296875,7.984375,2.904328740681491,2.904399220705043,2.904645736389012,2.9329308763607935,2.8968618349567827,2.8991790228191854,2.907017629800576,3.051304158877788,0.63623046875,,,0.6135119706533131,0.513466249128586,2.621487525971318,0.3660219341721278,0.5572421775916405,0.2269393098067343,0.03299781849118055,0.011531051123012667,0.9943730277563132,0.7786512796600442,0.9948641950825339,0.7787304122157721,7.1574470532246375,2.6051309271501872,0.3639748792799662,0.5491811698444717,0.22256246260074822,0.03374729876985061,0.011744133770193775,0.9917764882850424,0.7685488933743576,0.9880055464352937,0.7660215365785822,received
111,train,0.23746360838413239,84.3125,84.375,1.03125,3.265625,3.265625,86,9,3.935546875,8.328125,3.936399345567831,3.9364633695490587,3.9368204064435237,3.96226649222033,3.938002219146205,3.940130094362257,3.951582264950581,4.077625520694201,0.52734375,,,2.6875,0.5907710996693197,0.4959631721479517,7.162105003080282,2.611052261452467,0.36456492334718693,0.5532493768572699,0.15820078861506465,0.035664380228876524,0.009136946301383644,0.9939733436607572,0.42867485035252917,0.9929840227033564,0.4281556787995537,7.156329675298449,2.6013997301118654,0.36351032556411345,0.5501082695812158,0.15707284309517736,0.036994546497185254,0.009463678038597592,0.9894496271710427,0.4254415235697062,0.9862996868374552,0.4242248990130088,34,8,2.912109375,7.984375,2.9111352151400456,2.9112056030883,2.9114522794709288,2.9397095188950013,2.916313629632996,2.918626597245993,2.9264893873960025,3.0704749576091808,0.63525390625,,,0.6156453756780472,0.5060474521768479,2.6187295121338976,0.3656368499215849,0.5572534760065171,0.2260184757788243,0.034870957816743875,0.012142955266451044,0.9943730089805829,0.7725689735193692,0.9948588536834588,0.772645720835183,7.156329675298449,2.6078755042146167,0.3644152271542545,0.5536760226636055,0.22396756398241696,0.03596551446065899,0.01249242738276876,0.9898217015915733,0.7640005127568604,0.9882256787003456,0.763213578647844,received
112,train,0.23494993150234222,84.25,84.3125,1.02734375,3.265625,3.265625,74,9,3.912109375,8.3359375,3.9110088832762298,3.9110736752387307,3.9114338536019106,3.937049808909717,3.887403803215923,3.889541721860502,3.900896318380945,4.027798164672863,0.53076171875,,,2.67578125,0.5848520669162545,0.5001959805773405,7.162105003080282,2.6140960205483865,0.36498990442392487,0.5614639706381936,0.16177808492864015,0.02972492424786033,0.007667461550034519,0.9939870708102276,0.433646722153646,0.9925396286032102,0.4329206304354043,7.1568739874147385,2.6079030107713295,0.36439135513036697,0.5587872186662803,0.16078524025062885,0.030350641831505598,0.007817421884127946,0.9904571691460591,0.4307234662315007,0.9874743192339341,0.42948408720640996,25,8,2.884765625,7.9921875,2.883774738775053,2.8838455200232,2.8840924446265435,2.912489371078033,2.8850038311496187,2.8873242695445978,2.895167729490309,3.039693462937727,0.63916015625,,,0.6154134944244641,0.5132350181427424,2.6213927767807994,0.36600870493428805,0.5637376239222807,0.23147207471181858,0.028002102814997265,0.009854251883841543,0.9943731149226647,0.7910539939722135,0.994843973086776,0.7911132955057284,7.1568739874147385,2.614534011587723,0.36531787707668795,0.5612328333383765,0.23021231661107874,0.02930134774001303,0.010299371582551542,0.9908801693208735,0.7851364532723412,0.9897544130266702,0.7844367429232203,received
113,train,0.23552054166793823,84.5625,84.6875,1.0244140625,3.328125,3.328125,90,9,4.234375,8.7421875,4.239172180312241,4.239234817718447,4.239703385617081,4.264400268874474,4.211606242752017,4.21369065283665,4.228304500291414,4.347707314684475,0.51513671875,,,2.92578125,0.5755576783199816,0.49635663416753056,7.162105003080282,2.7441123076735945,0.3831432667481704,0.5602677670600666,0.15292723943857156,0.16570203973899567,0.04071499213074483,0.9939630626035463,0.39995285762569355,0.9888072810304722,0.39779807707268966,7.157958810116305,2.6830079802086706,0.374828641988941,0.5505146757928037,0.14796423611978837,0.1191721014728584,0.028866180123262225,0.9913751796814712,0.38955808923001,0.9857130869775812,0.3873789419329345,35,8,3.193359375,8.3828125,3.193600353807371,3.193669820449542,3.1939787348613256,3.2216562979650405,3.1917197113988904,3.194003685534912,3.203819174979419,3.3430058750909466,0.619140625,,,0.6023762005569329,0.5113001822737339,2.754167708102927,0.3845472395222373,0.5649440596238877,0.2164323381347354,0.16677766978216546,0.05528960451204439,0.9943729697595316,0.6944746984643594,0.9925185255234847,0.6929371069863723,7.157958810116305,2.693987193138823,0.3763624888887912,0.5551058541340561,0.2081710540120501,0.11952265731781075,0.03887641682139533,0.9917456657897104,0.6652155049814122,0.9895915472562313,0.6639044840993401,received
114,train,0.220451220870018,85.9375,86.25,1.0205078125,3.326171875,3.326171875,75,9,4.14453125,8.734375,4.143525420795297,4.143589425643811,4.144051760841348,4.169153639179508,4.135058931722261,4.13717142861147,4.151752250779423,4.272858114616087,0.525390625,,,2.8359375,0.5769080348595103,0.502295897909554,7.162105003080282,2.7919866703094263,0.3898276650661568,0.5449256956801651,0.1545778165464303,0.2152415195279609,0.054748877609924494,0.9938999354218137,0.42350759488656486,0.9937991876577508,0.42337429134448873,7.159267872334698,2.7582841797809623,0.38527461591983464,0.5412395642901764,0.15212827934674517,0.19897301883903928,0.05019415554197707,0.991306160018194,0.4165427608249749,0.9889782175298114,0.41558768489852016,28,8,3.091796875,8.375,3.0920545188194413,3.092124806478636,3.092425044936848,3.1204067619153735,3.099494999274033,3.10178751622576,3.1112812197708473,3.2517145198163213,0.630859375,,,0.6076735554826254,0.5190188244844909,2.8005784203646016,0.39102727747779836,0.5505157122192408,0.2233687334000594,0.2156363995118289,0.07511406230482456,0.9943730854808921,0.7731196708921053,0.9948557437374497,0.7731937819981807,7.159267872334698,2.76716512125232,0.3865150977162591,0.5468794885163373,0.21904475923204728,0.19826458853276208,0.06829786498441758,0.9916813047841391,0.7520058459067843,0.9901739724238512,0.7509381935295474,received
115,train,0.2165442407131195,85.8125,86.0625,1.017578125,3.326171875,3.326171875,79,9,4.09375,8.734375,4.0936357909946715,4.093700178308871,4.0941569813281955,4.119413309622303,4.062050145334056,4.064174195613314,4.078383836188427,4.200823934243523,0.53125,,,2.845703125,0.5716533980824002,0.4991760335433564,7.162105003080282,2.7947671409942183,0.3902158848260732,0.5560345690775446,0.16023936337912145,0.20320725675309603,0.05242426967488413,0.9939034527516455,0.4337155058672584,0.9934084202583646,0.43340474069110774,7.157262693151829,2.7706154951602704,0.38710546391027884,0.5477724072350938,0.15689418416345843,0.18921696169343072,0.04855186323288891,0.9912292396944054,0.4284224422739707,0.9896549652239575,0.4277674601447477,26,8,3.03125,8.375,3.0303412998488253,3.030411928447661,3.0307055775519727,3.058856907362258,3.0390913969913114,3.041398055804711,3.050688786199745,3.1922891504966078,0.63818359375,,,0.5986811401082395,0.5146430562827845,2.8011824695420673,0.3911116170926471,0.5598809064647705,0.2331228896102414,0.201687804375835,0.07183032095360259,0.9943731685517578,0.8129056267967342,0.9948497106239662,0.812962265121806,7.157262693151829,2.7764028194066297,0.38791405854966476,0.5513742555201588,0.22747244692818328,0.18838415766614247,0.06657200338130911,0.9916769860988968,0.7957351916793612,0.9910098818703261,0.795287706774574,received
116,train,0.21029289066791534,85.6875,85.9375,1.013671875,3.326171875,3.326171875,79,9,4.1015625,8.7265625,4.0975475977402915,4.097611817350479,4.098066132601567,4.123291033196239,4.091039292412068,4.093163359153852,4.107572014364372,4.229633063679321,0.52978515625,,,2.865234375,0.572357737516941,0.4961525154810496,7.162105003080282,2.812524950932649,0.39269529694454863,0.558399078232851,0.16114574189598407,0.218293388608787,0.05638672418111806,0.9939105664724881,0.43463741450417226,0.9934334550444079,0.4343336243902301,7.158204136148635,2.7905320830840035,0.38983689623936985,0.555354480735673,0.1596342189740397,0.21016241600402896,0.05408829236509829,0.9907076595917026,0.4304886823946372,0.9889587149266603,0.42971442397136883,27,8,3.041015625,8.375,3.039709839794785,3.039780387194694,3.0400746068687536,3.0682032758767184,3.0326865744330664,3.0349978661756105,3.0443108979814744,3.1861422645663766,0.63671875,,,0.5996884974379852,0.5111304713281518,2.8188898023413667,0.3935839814033747,0.561549125034869,0.23461511802787038,0.21769644557156287,0.07775784655355752,0.9943731781116449,0.8183680943604396,0.9948741364080522,0.8184429481829824,7.158204136148635,2.796118929483651,0.3906173778089627,0.5575752001306444,0.23099105197171763,0.20922523616665334,0.07418114713725477,0.9910075553113344,0.801606950951881,0.9902099059252869,0.8009121480260565,received
117,train,0.208578959107399,86.0625,86.25,1.0107421875,3.32421875,3.32421875,77,9,4.11328125,8.7265625,4.11210376743925,4.112168223805024,4.112627358271266,4.13786966974433,4.097541446630676,4.099663099794429,4.114019223655117,4.235967625138093,0.5283203125,,,2.873046875,0.5756043336357096,0.502896311753415,7.162105003080282,2.807812054552575,0.39203726465124283,0.558602998432864,0.1604912975998609,0.21495285460862945,0.05530383509349041,0.9939912641423643,0.4317648725783436,0.993326334986727,0.43138217366675224,7.158463075191451,2.7928514170628613,0.390146793763851,0.5559592312455264,0.15933510404404932,0.212910223299982,0.05465108828290482,0.9895100243007491,0.42802160324874367,0.9898178996843292,0.42817732123827396,24,8,3.0546875,8.375,3.055823544311916,3.055893900432022,3.056190015372488,3.0842677729173897,3.0605535922685587,3.062863472607236,3.072278134851035,3.2137549676165027,0.63525390625,,,0.5972318779951288,0.5155971912018179,2.813844937511612,0.39287959842831566,0.5615943137343473,0.23276510804347667,0.21500975107963693,0.07627463530299233,0.994373182675039,0.805626305906284,0.9948741409714454,0.8057051641438234,7.158463075191451,2.798969077983239,0.39100139912482285,0.558861464347113,0.23025218475702802,0.21219435282823884,0.07488149669737008,0.9899140593071198,0.7920904431341079,0.9913428751199698,0.7933109894213837,received
118,train,0.20695315301418304,86.3125,86.5,1.0068359375,3.326171875,3.326171875,74,10,4.12109375,8.7265625,4.119231347195936,4.119296069801764,4.119758519125895,4.145050709643464,4.116807901888717,4.118930191111993,4.133520494506394,4.25517224678338,0.52783203125,,,2.8515625,0.5747871328902964,0.4891947477320109,7.162105003080282,2.8089272139804145,0.39219296739887916,0.5560374468691478,0.15947307568803698,0.2212794228488022,0.05684182815369105,0.99396156580781,0.4306043589056293,0.9923656088524568,0.42981967615218075,7.158362519928383,2.789409313556045,0.38967142356796314,0.5512830910063133,0.15751629905270847,0.21228916997681946,0.05434373603277859,0.9909011175771116,0.4266956592119184,0.9881425884705877,0.4255267613198998,22,9,3.064453125,8.375,3.0616193689854576,3.0616901126862337,3.061988697085792,3.090125162713556,3.062333900690165,3.0646418100321844,3.074072284133983,3.215468390026253,0.63427734375,,,0.5997787419252477,0.5020062048087649,2.8164867708197905,0.3932484611170144,0.5585834806451455,0.23084608737764475,0.2205105202068136,0.07803186532729409,0.9943732067518809,0.8010739706185566,0.9948687404643426,0.8011498515815835,7.158362519928383,2.796347874459903,0.3906407179959195,0.5541643897929909,0.22741927456130365,0.2116974748561571,0.07445435571233815,0.9912998302804441,0.7872639040729774,0.9903543568781501,0.7865776804201041,received
119,train,0.208207905292511,86.5,86.625,1.0029296875,3.326171875,3.326171875,75,9,4.109375,8.7265625,4.110254052992008,4.110318849788099,4.110780609699409,4.136093975023685,4.108693678648991,4.110814561562824,4.125284166665616,4.247044934046878,0.529296875,,,2.798828125,0.5719567081024833,0.5004342196571561,7.162105003080282,2.826413020070765,0.39463440131849226,0.5626022989797139,0.16278907647223642,0.22704545208962834,0.05878654608299253,0.993922432823096,0.4363907367813526,0.993116590783349,0.4359410390894326,7.157755816667823,2.813722796393991,0.3931012552624174,0.5591972084288663,0.16164302118359647,0.2258893061793188,0.05843479897488605,0.9913209045144367,0.4344753280129022,0.9886001438122012,0.4333066721920364,25,8,3.048828125,8.375,3.049107226040566,3.049178166949484,3.0494763046414533,3.077665828936844,3.04098591609923,3.043301285302732,3.052693878368478,3.194585552344044,0.6357421875,,,0.5992057959871908,0.5150080773600684,2.8324121886820417,0.39547202777170626,0.5653590628205372,0.23695639608141952,0.2278887686245108,0.08161909361796614,0.9943732385244877,0.8234989930165838,0.9948461595068974,0.8235489784394843,7.157755816667823,2.821282640956825,0.39415743051573215,0.5625212741871835,0.2347578069219754,0.2258583389141542,0.08059508846946126,0.9917111094691737,0.8139654731317087,0.9899826900704962,0.8126304180836047,received
120,train,0.20475977659225464,86.25,86.375,1.0,3.326171875,3.326171875,71,9,4.109375,8.734375,4.1056371806915966,4.10570244500812,4.1061668368661515,4.1315712130593685,4.109285034140994,4.111415131174136,4.126004642666818,4.2480269557999835,0.529296875,,,2.826171875,0.5687429268060189,0.5016871254037957,7.162105003080282,2.818366017309182,0.3935108485699466,0.5647886749455875,0.16324120577803847,0.21622766629538148,0.05593026871203044,0.9939561194382875,0.4356745453601165,0.9937885234227339,0.4355054549334957,7.1584515264489355,2.806088670768961,0.39199660155566723,0.5638505231949127,0.16235571414700312,0.21582229378239326,0.05563758237583224,0.9902023914245461,0.4315179886473999,0.9898693774099065,0.43136213647166133,25,8,3.048828125,8.375,3.0485207196220814,3.0485916953061922,3.048890253368756,3.077086853821593,3.043723842082378,3.046037825099568,3.0554542076321596,3.1972526892330455,0.63623046875,,,0.5951558665600031,0.516461871624464,2.825939589259066,0.394568299130449,0.5684512079321351,0.23725733680701958,0.21704644872208778,0.07745828126507674,0.9943732103803535,0.8167307221922462,0.9948590550832268,0.816793691270363,7.1584515264489355,2.812357050432962,0.3928722629526663,0.5665093855989527,0.23542712439296387,0.215406836269052,0.07659058087644785,0.9906264510902965,0.8066549117097249,0.9911742827407526,0.8070634967148993,received
1,test,0.8926087021827698,39.8125,39.59375,1.5,2.572265625,2.572265625,10,4,1.75390625,6.21875,1.748703762719009,1.749000721429363,1.7491810339846507,1.8089213507990562,1.7800185196847487,1.8225708006530061,1.8499001691761874,2.4278010150276494,0.7177734375,5.9140625,1.6162109375,0.865234375,0.5351697108595468,0.5379632316926127,5.50434055893928,1.0024468008519571,0.18211932748673074,0.0013848920086170224,0.0010000545628065195,0.0019840781703104327,0.0011640643103369495,0.9350992976649195,0.556962943777906,0.0020385213024463056,0.0012065396030305799,5.025933637139322,1.0025016611414366,0.19946575771184355,0.001529517978208439,0.001100879547687571,0.0018230388980811085,0.0011918833990892223,0.882499526461757,0.543295759868711,0.0017486398178725437,0.0011763635850549868,3,3,1.01953125,5.98046875,1.0192227705853913,1.0195305064286884,1.0195315423635578,1.0822510831691714,0.9984533491413032,1.04298839000013,1.043076692635578,1.6845617073774888,0.82958984375,6.078125,1.376953125,0.5610676308926301,0.5604264992511915,1.0004053857420996,0.1817484537938699,0.0008529154324925514,0.001297312659391136,0.001181553804226354,0.00120928048625966,0.9344147405480658,0.981984647491837,0.0012999060101783755,0.0013509839095270087,5.025933637139322,1.000984817063389,0.1991639542684318,0.0008028874021412946,0.0012070098257222698,0.0010569828544824134,0.001312415980659147,0.8823286542241595,0.9801777516275944,0.0010006821405257327,0.0013127030650336537,
2,test,0.8616216778755188,40.28125,40.75,1.4951171875,2.572265625,2.572265625,9,5,1.74609375,6.21484375,1.7417988533537736,1.742096673761897,1.7422766718746807,1.802143839048327,1.7113114862919225,1.7540266541989296,1.7786491990738278,2.3623313404018553,0.71923828125,1.2490234375,1.2529296875,0.85986328125,0.537508025064076,0.5369629605104921,5.50434055893928,1.0018316126923763,0.1820075632975434,0.001150999485818538,0.0008307897754663438,0.0014193249595955137,0.0008324232812415704,0.9349678310493568,0.5566817692276167,0.0014095323137004456,0.0008339578855392622,4.946896940477226,1.0021134128590319,0.20257414393645287,0.000953344440134174,0.0006984373275216476,0.0013690736963107852,0.000896017031060866,0.5632343124521668,0.4295682353041314,0.0011088575484654584,0.0007878541370777154,4,4,1.0107421875,5.9765625,1.0121557278653082,1.0124638016082552,1.0124641722228096,1.0752572008386523,0.9984533491413032,1.04298839000013,1.043076692635578,1.6845617073774888,0.8310546875,1.01171875,1.0087890625,0.5607749044956359,0.5597906802604645,1.000702285131332,0.18180239293263742,0.0008187599739208906,0.0012538255180049118,0.0010526085363160576,0.0010822253744121103,0.9349376446237114,0.9871383977649316,0.0010566242373970525,0.0011032315724789276,4.946896940477226,1.0000778923881926,0.2021626697344771,0.000564688270820568,0.0009013129049734746,0.0006652359956609288,0.0008425991860874019,0.5632468925747043,0.9834699623997083,0.0006172421349548429,0.0009226474356139406,
3,test,0.8572028279304504,38.4375,38.4375,1.490234375,2.5703125,2.5703125,7,4,1.76171875,6.234375,1.7572788317899015,1.7575755335683554,1.7577557073269976,1.8174450956915043,1.7361234469208495,1.7787826717040247,1.8054552316545192,2.386031095762416,0.71728515625,1.248046875,1.2578125,0.87109375,0.537028097085936,0.537028097085936,5.50434055893928,1.0085355958911677,0.18322550814070973,0.0033951850333755473,0.002425807362579477,0.0035474451306800603,0.002063386764606885,0.9350996104205178,0.5520982686596692,0.0030409096983783357,0.0017842005437546911,5.020330028548229,1.0065935413652187,0.2005034600596375,0.002173400830916883,0.0014937692848874592,0.002777341100331121,0.0017536870905746126,0.9373615339477119,0.5552313384484331,0.0016684466608820614,0.0012287604327563281,3,3,1.0263671875,5.99609375,1.0245067212322923,1.0248148195182372,1.0248165685535242,1.0875666726709101,0.9984533491413032,1.04298839000013,1.043076692635578,1.6845617073774888,0.82861328125,1.0107421875,1.013671875,0.5612526375432785,0.5612526375432785,1.0086002593096672,0.18323725585468328,0.0032052334881438327,0.004843545020311108,0.0032725874717227654,0.0033346876260858414,0.9351005776430306,0.9782786477449762,0.002630613841994034,0.0027217998208480423,5.020330028548229,1.004622800571931,0.20011090801981524,0.0017369302230445527,0.0023855368009237277,0.0022293116976692673,0.0026017632863711516,0.9373623261666548,0.9750301829551264,0.0009768046606923875,0.0015481231009614267,
4,test,0.8199753761291504,41.65625,41.65625,1.484375,3.076171875,3.076171875,60,11,3.8046875,8.4921875,3.798497297981685,3.7986987108264825,3.799263148707894,3.8430849000896004,3.5800376985857136,3.617088659034953,3.712185754496866,4.128038930791914,0.5517578125,1.869140625,3.044921875,2.7109375,0.5347262708498584,0.4680759715905084,5.50434055893928,1.4552470087373819,0.26438171714757,0.010968000284721668,0.003666118937773032,0.01713572138026276,0.0051748545123520145,0.9349244635987262,0.284532890194857,0.39709388389362665,0.12046081805592505,5.0726621673210675,1.1620530344991042,0.22908149531132646,0.027674653876106348,0.00844612310994715,0.0349584614171663,0.009943529502601425,0.8043037927105319,0.23332774117591587,0.09300097329766732,0.02818349561333804,47,10,2.95703125,8.171875,2.951903922113667,2.952134137207959,2.9523732432816945,3.0015213123296616,2.803611290437451,2.8427911805887534,2.8816693662071957,3.3915818863895657,0.63818359375,1.6416015625,2.806640625,0.5463212113731414,0.47330390119522436,1.4444563405157944,0.26242132459808226,0.009537320021991924,0.004435792974417712,0.014549696029015458,0.005891265930494941,0.9349392009486577,0.382515822627908,0.3963675066806589,0.16146505878099243,5.0726621673210675,1.1548896875079793,0.22766934785209442,0.0252588252988728,0.010387183628913407,0.03132260753273908,0.011727715814745104,0.804223170529152,0.3090529241740334,0.09267088556820369,0.037748467753531675,
5,test,0.660495400428772,49.78125,50.46875,1.4794921875,3.375,3.375,24,8,2.765625,8.6328125,2.7669808151499113,2.7672527933380633,2.767846684777252,2.8220848344153553,2.6938263561529032,2.7339268512753305,2.818784598025797,3.295222526727366,0.6796875,2.763671875,1.9755859375,1.4453125,0.55678140816064,0.47362976949927693,5.50434055893928,1.478638171650009,0.2686313021182235,0.0030900433667735427,0.0016097341754796898,0.004430893502734179,0.00197876434559203,0.9348384677349664,0.4222956007878891,0.4533628770379341,0.2038189564373604,5.195981664164458,1.4780176487103742,0.2844539769845488,0.0027815868288172396,0.001482516553619734,0.0037802958081156746,0.0017699511246890868,0.7270764475808988,0.3605783468775535,0.3873509266923838,0.19560670315092613,12,7,1.6728515625,8.2734375,1.6741808363597812,1.6744744558291458,1.6746546758089191,1.734185864796416,1.6448373172991961,1.6876704244697471,1.7132111106371701,2.2985611721392063,0.7978515625,2.537109375,1.6884765625,0.5703207159165515,0.4788247075567032,1.4746161395943433,0.2679006002271253,0.0015968495432927554,0.0019001363718697,0.0023209959332346486,0.002000840104284052,0.9350984528037198,0.8242415943550752,0.4526684908096774,0.3952986821122801,5.195981664164458,1.4742663992001481,0.28373202495456035,0.0014116936458830054,0.0017997137220607249,0.0019513305882883358,0.0018691656429463627,0.7272496964671182,0.7865926369783818,0.38662291049056297,0.43519335132855036,
6,test,0.6591557860374451,51.625,50.9375,1.474609375,3.375,3.375,16,6,2.65625,8.6328125,2.662354921021549,2.6626344624789766,2.6632295560719035,2.718562192472219,2.684524915597318,2.724620942784444,2.8029953691429945,3.28601289887732,0.6923828125,1.810546875,1.7939453125,1.31640625,0.5589533650829017,0.47501485025463497,5.50434055893928,1.4767510828963277,0.2682884656360919,0.002058693764332098,0.0011335189853172918,0.0035877634682002224,0.0016798054113942775,0.9345952915429363,0.44287205769628907,0.4531981420897795,0.2136779560145319,5.242910630097177,1.4763679979157334,0.2815932031037441,0.002341576215099117,0.0012888190723492018,0.0034819524502278654,0.0017007048559674284,0.7716283179311318,0.3952234571159399,0.4073102279710312,0.21085009624403248,6,6,1.55078125,8.2734375,1.5472107905459958,1.5475101789829715,1.5476779174754596,1.6081400739989964,1.5035525813526267,1.5468592498356886,1.5702182954089623,2.1656067565914636,0.8125,1.5283203125,1.498046875,0.5772054976839283,0.4844614711860036,1.4730437775566925,0.2676149416598883,0.0010746747888239483,0.0014974043972073735,0.0015973359190404324,0.0015398745064023852,0.9349673979736313,0.9240626298119963,0.4524979033822163,0.442568615688177,5.242910630097177,1.4723874242720545,0.2808339733696288,0.0012452893119077046,0.001747355405270852,0.0016199764712538922,0.0017175491635590464,0.7720469902912885,0.9101988131885204,0.40639222755768056,0.4910575874645799,
7,test,0.6564717888832092,49.0625,48.84375,1.4697265625,3.375,3.375,14,5,2.62890625,8.6328125,2.6170793018030767,2.617361674413593,2.617948050187868,2.67374158047767,2.5883732077878596,2.6288369771639983,2.7086418248854365,3.1960882999582885,0.6953125,1.798828125,1.7861328125,1.287109375,0.5674381255071704,0.4814080926415159,5.50434055893928,1.4754142437325277,0.2680455956411333,0.0022910471071933003,0.001275982696054629,0.0030888941892275312,0.0014603736020866829,0.934662679002952,0.44728741778396197,0.453427367232794,0.21589116317204143,5.271786289882238,1.475242751908,0.2798373588738466,0.001985158205861204,0.0011552490331693394,0.0027537321808521753,0.0013294836537046787,0.9145444796481259,0.4421762764151655,0.4299942335447593,0.22114512004254777,5,5,1.51953125,8.265625,1.517387407113939,1.5176878696602967,1.5178529325439138,1.5785083901984234,1.5273239676069423,1.5705297769549835,1.5941497987998168,2.1877338389073646,0.81640625,1.515625,1.4892578125,0.5777981162603845,0.4849455233309813,1.4729395514874102,0.267596006409032,0.0010712137522057574,0.001556752112800626,0.0016990051766754277,0.0016859692608826736,0.9350997694217655,0.9520293347510133,0.45260879883824057,0.4558673004120516,5.271786289882238,1.4723927704110968,0.2792967486631533,0.0010077367743805965,0.001639837878060201,0.001614742848064843,0.0016691010250196759,0.9150778434931173,0.9488235503444837,0.4292629849847698,0.5106915612399886,
8,test,0.6698173880577087,45.84375,46.0625,1.46484375,3.375,3.375,15,4,2.61328125,8.6328125,2.615382078031248,2.615664714109404,2.616256342247692,2.6720957615736802,2.571400563776356,2.6119531498739867,2.6927762600057026,3.1805200157620184,0.697265625,1.7939453125,1.7822265625,1.3369140625,0.5633036063219077,0.47937253551642056,5.50434055893928,1.4748981246321717,0.26795182980400356,0.0017161167658237275,0.0009646411857535558,0.002437626356309508,0.0011615240670269967,0.9348551111084964,0.45093907310721143,0.4530813540409202,0.21743407823484348,5.228258102352946,1.473884348354034,0.28190734265600265,0.0017667642525127647,0.00102478906513674,0.0025419135833715245,0.0012597540324142283,0.8261781428897752,0.4205997895350446,0.4277399793125154,0.2254501763648311,3,3,1.5029296875,8.265625,1.5063371427842418,1.50663822432934,1.5068025460807768,1.5675645676306085,1.4912455064961019,1.534582636982162,1.5579515253598748,2.1539048944941737,0.818359375,1.509765625,1.4853515625,0.57894059938902,0.4858725943449576,1.4723174688445877,0.26748298966594325,0.0008238332218297728,0.0012257055834201825,0.0011988762202150838,0.0012088447527265022,0.9351000601517923,0.9677728740768251,0.4525381851070014,0.4632514001603333,5.228258102352946,1.4718950756757703,0.28152685786750903,0.0007988173398487675,0.001300192350776211,0.0010112685575522917,0.0011135573084825158,0.8264166257641206,0.9669728237757031,0.4271778344602648,0.5423599291813904,
9,test,0.6608862280845642,48.375,49.3125,1.4599609375,3.375,3.375,13,5,2.603515625,8.6328125,2.6080171004619137,2.6083005644111044,2.608894773553249,2.6648498834806595,2.5660126474513008,2.606553040408533,2.6871213373109146,3.175070354235914,0.6982421875,1.7919921875,1.7802734375,1.263671875,0.5639971002348929,0.4788425539521014,5.50434055893928,1.474120126050344,0.2678104870630345,0.0016663637343512505,0.0009396092952053036,0.0021017882913634267,0.0010041564864223772,0.9347469493852563,0.45209858326045144,0.4533646458557694,0.21815172137787184,5.2507633633128865,1.473637619632131,0.28065207240692763,0.0013654661983775185,0.0007954729226498041,0.002531038219156123,0.0012499169768914664,0.8768012908725256,0.43702327386599216,0.43792069927019384,0.23062655796009787,4,4,1.4931640625,8.265625,1.4898333034600715,1.4901356395225507,1.4902989979795787,1.551254167795949,1.4698110678803633,1.5132217194037283,1.536009645783373,2.133751452132742,0.8193359375,1.5068359375,1.482421875,0.5783504588733426,0.4853925294828961,1.4717546398145671,0.2673807378114306,0.000624538116777984,0.0009446021116599188,0.001040190161455179,0.0010605644865295128,0.9351003630495587,0.9788810260757842,0.4523843007316648,0.4683506175878148,5.2507633633128865,1.4719687864944018,0.2803342456411302,0.0007022655801254274,0.0011538975102453484,0.0009995453062776605,0.0010899908615895186,0.8771880368370626,0.9764318180563931,0.4371413488336602,0.5527224324635489,
10,test,0.6583309173583984,51.15625,50.46875,1.455078125,3.375,3.375,15,4,2.599609375,8.6328125,2.59355097523777,2.593836089174244,2.5944229625619024,2.6505947451945797,2.543061831908438,2.58363359547329,2.6589351811073905,3.152923113284755,0.69873046875,1.7900390625,1.7783203125,1.2666015625,0.5619059998344753,0.47841046887080607,5.50434055893928,1.4731013257757533,0.26762539672138835,0.0018197948972531464,0.0010300617350667168,0.002500885132947772,0.001198712623826742,0.9346933240976627,0.45355977433210276,0.4530962113133894,0.21873607472484427,5.354361238781824,1.4736436077108488,0.2752230456617677,0.0015295458767825565,0.0008898047897547442,0.0019801540477812907,0.0009746667360378096,0.900463556590493,0.4438016614267935,0.43716705468041006,0.21932677554648636,3,3,1.48828125,8.265625,1.486622622320527,1.486924698212978,1.4870876455661164,1.5480400351913395,1.4698110678803633,1.5132217194037283,1.536009645783373,2.133751452132742,0.81982421875,1.505859375,1.4814453125,0.57894059938902,0.4858725943449576,1.471570860114144,0.2673473496701165,0.0006451148286208408,0.000982540145826494,0.0009215086281386675,0.0009439728337143672,0.9351005702130966,0.9836038630056937,0.45239563766495383,0.47059697525972943,5.354361238781824,1.4719657902299481,0.27490969036015894,0.000713211892195531,0.0011717756487110954,0.0009197655310426711,0.0009983205475852886,0.9009333299844098,0.9806938577609009,0.43641123587945785,0.4942849259063079,
11,test,0.662835419178009,48.15625,48.375,1.4501953125,3.375,3.375,14,4,2.595703125,8.6328125,2.586227843017505,2.5865130829511265,2.587099903808895,2.6433303955945937,2.5654127226694428,2.6059555602395394,2.6859494551111283,3.1745187965152715,0.69921875,1.7890625,1.77734375,1.2626953125,0.5581821773270876,0.47624052450011034,5.50434055893928,1.4729040211847155,0.2675895514482035,0.001297209865709803,0.0007311969063913583,0.0019849020489148828,0.0009480288062010229,0.9346211255203141,0.4519007631746622,0.4530840958257034,0.21795100563835965,5.370173772015055,1.4728938968909553,0.274273042069229,0.0013273624983236587,0.0007874510425742059,0.0020834681275356814,0.0010380032980474869,0.9129479855388976,0.44909014915404105,0.4242817969485344,0.21377493258569186,3,3,1.484375,8.265625,1.4853391899787676,1.485641413307799,1.48580427608585,1.546775235684344,1.4698110678803633,1.5132217194037283,1.536009645783373,2.133751452132742,0.8203125,1.50390625,1.48046875,0.57894059938902,0.4858725943449576,1.4713311657568484,0.267303803244395,0.0007881344142530722,0.0012024316917969115,0.000850577915499251,0.0008723210772038936,0.9351006011757859,0.9847724570568531,0.45247363406709695,0.47123110118758077,5.370173772015055,1.4715278391494888,0.2740186633843929,0.0006059759963852329,0.0010456291547719537,0.0008188118416976309,0.0009087042275397026,0.9134587688121325,0.9856345717768308,0.4235828195415605,0.4821104197193123,
12,test,0.6672624945640564,47.21875,47.0,1.4443359375,3.375,3.375,14,4,2.59375,8.6328125,2.591356639770363,2.591642810573633,2.5922334113002172,2.6485127615654536,2.6058140653866393,2.64625862627182,2.7274080395320746,3.2129672122949993,0.69921875,1.7880859375,1.77734375,1.2451171875,0.5589320473827392,0.4760776085304598,5.50434055893928,1.4733707192452634,0.2676743387275425,0.0013914396506109483,0.0007900985674493301,0.001970659749211734,0.0009471046479453652,0.9346636942933184,0.4547787688578639,0.453107542506217,0.21933332901425462,5.2875135437275365,1.4666527541650978,0.2773804250402264,0.0060332143441588215,0.003480257523652757,0.005951461313722817,0.0029649688204648537,0.8527771132341808,0.42740455435860186,0.4240450037217176,0.21547805798696198,3,3,1.4814453125,8.265625,1.4818656606381222,1.4821682466629154,1.4823309906271933,1.5433577899353035,1.4698110678803633,1.5132217194037283,1.536009645783373,2.133751452132742,0.82080078125,1.5029296875,1.4794921875,0.57894059938902,0.4858725943449576,1.4712191751815356,0.26728345737841636,0.0005496172668291166,0.0008439799840260176,0.0007454374785273998,0.0007678236625630946,0.9351008178631135,0.9891788076314076,0.4523454578955759,0.4731819729772233,5.2875135437275365,1.4649234843285144,0.27705337720908946,0.005341954991246567,0.008619107619885501,0.004831909840486759,0.005407931040917148,0.853109246936735,0.967822381846737,0.4233728916176345,0.49566352187925095,
13,test,0.6665931940078735,48.375,47.46875,1.439453125,3.375,3.375,16,5,2.591796875,8.6328125,2.5981948176025123,2.598480973140605,2.5990759808427653,2.6553454242346914,2.6730406362451364,2.7133291056093163,2.8023212703456544,3.277091183236496,0.69970703125,1.787109375,1.7763671875,1.2470703125,0.563664056131219,0.47902048736456226,5.50434055893928,1.472861374732485,0.2675818036622927,0.001211762788591919,0.0006882779889925449,0.0018440208219665521,0.0008864650892438233,0.934971848842018,0.45504482820531383,0.45301060593778075,0.21934209019523485,5.293632113568796,1.4731513232230746,0.2782874388734059,0.001365677107965091,0.0007913424184164798,0.0018538080994066064,0.0009227424865280642,0.8501598175920728,0.43142342576765264,0.4489052277240031,0.2316725440487965,4,4,1.4794921875,8.265625,1.4762534618778695,1.476557185002068,1.4767200163154155,1.5378812339948211,1.4698110678803633,1.5132217194037283,1.536009645783373,2.133751452132742,0.8212890625,1.5029296875,1.478515625,0.578711904605149,0.4857645022116556,1.4710936054974562,0.26726064453049486,0.0005945744723740987,0.0009148262986575214,0.0008091903977796022,0.0008345994095774653,0.9351009014097595,0.9905296913035617,0.4523218878222739,0.47379625008739873,5.293632113568796,1.4710598964215915,0.2778923553548285,0.00042577484871930693,0.000694443951113166,0.0006593560312602165,0.000735589964579143,0.8505246433107798,0.9913603463958375,0.4481732712134665,0.543230087758666,
14,test,0.6662817001342773,49.0625,49.3125,1.4345703125,3.376953125,3.376953125,14,5,2.58984375,8.6328125,2.5960501222439407,2.596337081044345,2.5969350762794337,2.653288370122906,2.44112878603677,2.482032262866719,2.5544879942222787,3.0568621703680585,0.69970703125,1.787109375,1.7763671875,1.306640625,0.5590008072537292,0.47481019156997273,5.50434055893928,1.4729497340621487,0.2675978563263163,0.0012274195439356816,0.0006991537360894305,0.0019864659684394326,0.0009572394467343934,0.9347460447036591,0.45604311507709466,0.4531118148632851,0.21992275457800411,5.392594107912167,1.4720707865436147,0.27298008288510917,0.0011736067860228516,0.0007064012977134244,0.0016290648513903605,0.0007916935791394586,0.861914937028649,0.43438651687054125,0.45624840711036896,0.22467104333224536,4,4,1.478515625,8.265625,1.4792918950311311,1.4795940994426167,1.479756456310605,1.5407695535714176,1.4698110678803633,1.5132217194037283,1.536009645783373,2.133751452132742,0.8212890625,1.501953125,1.478515625,0.5784956495990233,0.48503186445940527,1.4711444419353894,0.2672698802304645,0.0004901131362418099,0.0007545463344965961,0.0007613275699700495,0.0007855454130351479,0.9351009030173119,0.9909335803726421,0.45234376123761955,0.47401020816434825,5.392594107912167,1.4709321685619159,0.27276893812640607,0.00039006973533517453,0.0007165886582073266,0.0005147133530609693,0.000547188688600804,0.862266001977007,0.994348054663899,0.4557007278232055,0.4987449676830211,
15,test,0.6656914949417114,49.53125,49.0625,1.4296875,3.375,3.375,14,4,2.58984375,8.6328125,2.5844114578475237,2.5846980590500115,2.585286340663841,2.641642955208639,2.6617574376612283,2.702073456301934,2.7913878177171085,3.266355466290217,0.69970703125,1.787109375,1.7763671875,1.2568359375,0.559914400181608,0.4760170360604957,5.50434055893928,1.4724647171422456,0.2675097409717684,0.0012795172868287352,0.0007270698504272702,0.0020369561638249323,0.0009795643610461839,0.9347819704322129,0.4551173360620244,0.45300701978307156,0.21941945524156897,5.343970586899523,1.4720325736480127,0.275456713264221,0.0012549304391606952,0.0007228978451302997,0.0016094797249746051,0.0008128088487575762,0.8679121210623819,0.43641163721444076,0.43686658556897306,0.21851183660787268,3,3,1.4775390625,8.265625,1.4766751253658468,1.4769782579294621,1.4771408973667133,1.5382521514152105,1.4698110678803633,1.5132217194037283,1.536009645783373,2.133751452132742,0.8212890625,1.501953125,1.478515625,0.57894059938902,0.4858725943449576,1.4708830922379352,0.26722239957503346,0.0004617514472622375,0.0007133368394138909,0.0005855244327248599,0.0006055463232499962,0.9351009988161971,0.9932860208565512,0.45233955589780894,0.4751184563366938,5.343970586899523,1.4709621110898847,0.2752564010542788,0.0003643456737041362,0.0005877187462321062,0.0004534253492849416,0.0005247338353574954,0.8681607995012737,0.9947904026846306,0.43617811081428925,0.4938376888413739,
16,test,0.6835852265357971,48.625,48.84375,1.4248046875,3.375,3.375,15,4,2.58984375,8.6328125,2.5872894296354216,2.587576415031574,2.5881694882629773,2.644558886675348,2.5867693076495937,2.627284265739255,2.7077951290998765,3.1951409903933707,0.7001953125,1.7861328125,1.775390625,1.2431640625,0.5615373048044432,0.4787600015051626,5.50434055893928,1.472545368020581,0.26752439320439675,0.0014879653538084625,0.0008440447878066084,0.0019369704599645488,0.0009301078333737666,0.9346575189992308,0.4543772882670818,0.4531641148781844,0.2191694977688429,5.247877246881462,1.4598844581910408,0.2781857100523023,0.001208140882972053,0.0006965308298993538,0.005382198002228833,0.002715544118488842,0.838361512489997,0.4233085416701128,0.4260473944164209,0.2148648136569787,3,3,1.4765625,8.265625,1.47753725261361,1.4778400108420333,1.4780024545871473,1.5390780382860896,1.4698110678803633,1.5132217194037283,1.536009645783373,2.133751452132742,0.8212890625,1.501953125,1.4775390625,0.57894059938902,0.4858725943449576,1.4709850008137204,0.2672409137957097,0.00040715059164853074,0.0006303238606590135,0.0005197228178479563,0.0005382590502278376,0.9351010649276388,0.9947370379841142,0.45226721311776164,0.4757286283922652,5.247877246881462,1.458647423683716,0.2779499891218899,0.000539537747994423,0.0008688217287637495,0.004290262788448018,0.004939945590388692,0.8389203020469553,0.9676285520266845,0.42528732105704936,0.48920096702147964,
17,test,0.6685283780097961,50.0,50.21875,1.4208984375,3.375,3.375,13,4,2.587890625,8.6328125,2.582683186274517,2.5829705896963744,2.5835604385678668,2.640001772715345,2.5586458252882665,2.5992026745933607,2.677584499137541,3.1680306644569054,0.7001953125,1.7861328125,1.775390625,1.470703125,0.5582017455944629,0.475629668063443,5.50434055893928,1.472187802519835,0.2674594325616245,0.0010891976469329379,0.0006218518726506598,0.0015076695595581668,0.0007279339316580471,0.9347591553700516,0.4569501963974115,0.45302673373761326,0.22031347329038337,5.33807106369825,1.4718668603717409,0.2757300985333871,0.0012794014939814247,0.0007459247519906544,0.0017071835641253585,0.0008507564766321972,0.8574761327393317,0.43523427799721487,0.4455236523412527,0.22017383429331566,3,3,1.4755859375,8.265625,1.4756044695352375,1.4759075276838838,1.47606998120048,1.5371838861247782,1.4698110678803633,1.5132217194037283,1.536009645783373,2.133751452132742,0.8212890625,1.5009765625,1.4775390625,0.57894059938902,0.4858725943449576,1.4705768139812476,0.26716675653234595,0.0004084067312479789,0.0006325953447382779,0.0005305753143609593,0.0005496885835128872,0.9351011012502548,0.9950903055067744,0.4523181928527631,0.4759493113161862,5.33807106369825,1.4706850226420998,0.2755087006322467,0.00036361177790933397,0.0006000923020955048,0.0004358442769065718,0.0004856726519843928,0.8577354072040446,0.996338909377068,0.44480110410648255,0.4865216070075922,
18,test,0.672781765460968,49.78125,49.78125,1.416015625,3.375,3.375,15,4,2.587890625,8.625,2.593299987430768,2.5935873089617676,2.594182413344789,2.6505936331815825,2.50215882222457,2.5428756616099895,2.62324331471817,3.114542928728576,0.7001953125,1.7861328125,1.775390625,1.2421875,0.5576463233663878,0.4764297665860382,5.50434055893928,1.4723190458726685,0.26748327617221296,0.001016296821941154,0.0005787796641233259,0.0014906257986879723,0.0007181820229949558,0.9347467376903245,0.45596523603482897,0.45299053829693126,0.21982637688796156,5.3366484509828105,1.4586619861318466,0.2733292251737541,0.0029862837307828016,0.0017259548354061202,0.0031070874482788113,0.0015343460666205012,0.8603350968027081,0.4287960903956416,0.4360468574405578,0.2171749134202243,3,3,1.474609375,8.265625,1.473323548875374,1.4736280018881598,1.4737909910665272,1.5350408747783373,1.4698110678803633,1.5132217194037283,1.536009645783373,2.133751452132742,0.82177734375,1.5009765625,1.4775390625,0.57894059938902,0.4858725943449576,1.470413329519974,0.26713705552465516,0.0002910592371527798,0.00045224019355997303,0.00037290119213295725,0.00038714091225405724,0.9351012045145177,0.9972240866887095,0.45227281335585,0.47691054527172216,5.3366484509828105,1.4566260389270946,0.2729477222092152,0.002247951333372633,0.003665641231981177,0.001962150381093153,0.002160835329661812,0.8606553689068663,0.9676532281792607,0.4353075763989578,0.4886469346934127,
19,test,0.6792203187942505,46.75,47.21875,1.4111328125,3.375,3.375,15,4,2.587890625,8.625,2.584843011633974,2.585131190659714,2.5857276632397097,2.6422403231833753,2.6582631094311164,2.6985590403073703,2.7819588384540066,3.262642697032353,0.7001953125,1.7861328125,1.775390625,1.244140625,0.5581889722674525,0.4763850534637206,5.50434055893928,1.4718103668067997,0.26739086200190104,0.0012230660061298693,0.0006959282985163408,0.0015753220587972905,0.0007584297480171411,0.9348192690596528,0.45566068163773904,0.4530991923223633,0.21971603627792274,5.312838444273877,1.4713610036103777,0.276944427925565,0.0009832229682196214,0.0005633317528579429,0.001558217277343843,0.0007672350231895716,0.8935053305208651,0.44502749027113414,0.458976954232174,0.23549488633491852,3,3,1.4736328125,8.265625,1.473769823214842,1.4740734468271597,1.4742360574459559,1.5354155186794618,1.4698110678803633,1.5132217194037283,1.536009645783373,2.133751452132742,0.82177734375,1.5009765625,1.4775390625,0.57894059938902,0.4858725943449576,1.4704723531424602,0.26714777862978545,0.00038614366646338993,0.0005986157095653287,0.0004953995121974586,0.0005135350419858145,0.9351011202938064,0.9956666992180674,0.4522885560098304,0.47619069960020777,5.312838444273877,1.470461592911376,0.2767751378730939,0.00036912041377323845,0.0005814396181235358,0.0004645023939708892,0.0005046638653305366,0.8938518547758676,0.9962443667288748,0.4583692777888615,0.5466816399318023,
20,test,0.675410807132721,51.625,51.375,1.40625,3.390625,3.390625,16,4,2.66015625,8.734375,2.6622708764525673,2.662556238318838,2.663169244252048,2.719165365953449,2.733021799279543,2.7731883946968714,2.867134766240331,3.334470299410598,0.6953125,1.796875,1.7822265625,1.35546875,0.5522085792935308,0.4743029020678591,5.50434055893928,1.520010707990045,0.2761476496074509,0.01431089696645671,0.007994800583720827,0.021284518970453803,0.010089126175209736,0.934689026290811,0.4484782710566403,0.4530033937213185,0.2162545643267882,5.36804591878919,1.5110642957590437,0.2814924310669603,0.013315963044592927,0.007673705563619632,0.020891114476601302,0.010026943933947407,0.9025096431425359,0.4397116518029791,0.4449376907724103,0.21967111537593695,5,3,1.54296875,8.375,1.5436811077149248,1.5439830482531904,1.5441534310757947,1.60495950935812,1.52445923863335,1.5677156296333534,1.5913672679911812,2.185514209469671,0.81591796875,1.5107421875,1.48046875,0.5689561971069131,0.48141017637389516,1.5184965804363606,0.2758725707787572,0.013420827508718425,0.02023931109483926,0.019825535239022862,0.020173922228370337,0.9351010795980459,0.9768958928930795,0.4522586898067811,0.4672811193096266,5.36804591878919,1.5084399981262557,0.2810035571503639,0.012130785314056425,0.01955400981730831,0.01897298683771176,0.0195880636304454,0.9028123099196828,0.9628911281960684,0.4440386178615263,0.48764670182212483,
21,test,0.6796568036079407,47.90625,47.90625,1.4013671875,3.375,3.375,15,5,2.5859375,8.625,2.5887712211148046,2.58905873912857,2.589656370960852,2.646097588889157,2.6472988497939123,2.68769265041853,2.775204738735605,3.2530825936563255,0.7001953125,1.7861328125,1.775390625,1.47265625,0.5625876845612424,0.47750514917217435,5.50434055893928,1.4719798135672817,0.26742164620914033,0.0010888822156882583,0.0006213990316495417,0.001354416194025987,0.0006536973982375564,0.9346952955193721,0.4567473135497008,0.4529061609321925,0.22017251458634687,5.357745661786023,1.4712795135504302,0.2746079426734068,0.001013977150158496,0.0006022627222933473,0.001392785542416064,0.0006947633449180492,0.8697861973450722,0.4367166293046914,0.4324516952915056,0.2139587314694945,4,4,1.4736328125,8.265625,1.4736046951749073,1.4739087782663327,1.4740715826943656,1.5352874627888395,1.4698110678803633,1.5132217194037283,1.536009645783373,2.133751452132742,0.82177734375,1.5009765625,1.4765625,0.5786797972291006,0.4857356658887803,1.4703955761041534,0.2671338301762905,0.00032091107290099785,0.0004985951039152911,0.0004023897189950887,0.0004177397732712604,0.9351012039298761,0.9971855306828425,0.4522972724153478,0.4769181038726964,5.357745661786023,1.4704022923686588,0.27444421314290146,0.0003141516496549812,0.0005559229215262754,0.0004228920404640846,0.0004772093356717031,0.8701637647243752,0.9965955884956341,0.4318787580513028,0.4784408823601849,
22,test,0.6848378777503967,49.78125,49.53125,1.396484375,3.375,3.375,13,4,2.5859375,8.625,2.5856062285495383,2.585895611522774,2.586493634671925,2.643111009215363,2.5693158756843366,2.6098903971455027,2.6857598057966166,3.1786917450571477,0.7001953125,1.78515625,1.7744140625,1.470703125,0.5606652792693074,0.47709660914616275,5.50434055893928,1.4711568738810943,0.2672721388017814,0.0010450683006517636,0.0005979156456296691,0.0014527363764100798,0.0007026616831166593,0.9347759138811425,0.45778332794383714,0.45293822613592916,0.22066602098814694,5.31039082432431,1.4717388498201815,0.2771432270255635,0.00113641960045463,0.0006742543994063644,0.0013182060735665857,0.0006720056865203022,0.8575006255289948,0.4346528052381342,0.42980444996320344,0.218694752252312,3,3,1.47265625,8.265625,1.473341485543295,1.4736455793554808,1.4738083913520608,1.5350273198295992,1.4698110678803633,1.5132217194037283,1.536009645783373,2.133751452132742,0.82177734375,1.5,1.4765625,0.57894059938902,0.4858725943449576,1.4704830160337194,0.2671497158084802,0.00037109136756452443,0.0005762636477054308,0.0004059500793847093,0.0004212914131165693,0.9351011768337312,0.9968342096445744,0.4522684290815331,0.4767215739406494,5.31039082432431,1.4702492766126258,0.2768627254096122,0.00034695782500460126,0.0006053664018327302,0.00040827960982525724,0.00048073041417356395,0.8578814203068346,0.9969201439106977,0.4294297526497548,0.5034299161815798,
23,test,0.69332355260849,50.21875,50.46875,1.3916015625,3.375,3.375,13,4,2.5859375,8.625,2.57908203347071,2.5793716035507934,2.579964707277418,2.6366173957120793,2.4069394024991384,2.4479207821563387,2.5145557503619753,3.024221225496565,0.7001953125,1.78515625,1.7744140625,1.2978515625,0.5601465496888894,0.476048898555438,5.50434055893928,1.4713150145273182,0.26730086897291283,0.0010889992393599002,0.0006212006610005448,0.0013038692770237503,0.0006290742687801171,0.9347153353966489,0.45659022051221576,0.4530168152768068,0.22014625886527722,5.289779627431033,1.4715322515284845,0.2781840369866467,0.0010711307740551845,0.0006138000321255309,0.0013869691533221484,0.0006811676064728912,0.8675060375489405,0.4382950085580823,0.458785942595096,0.2356668850687737,3,3,1.47265625,8.265625,1.4728315014516338,1.4731357424303568,1.4732985877470928,1.5345354461722618,1.4698110678803633,1.5132217194037283,1.536009645783373,2.133751452132742,0.82177734375,1.5,1.4765625,0.57894059938902,0.4858725943449576,1.4701602500248663,0.2670910773566262,0.00022505662294847184,0.0003507278943614145,0.00024371607632822645,0.0002535254039634653,0.935101324474374,0.999259488836104,0.45223244129396356,0.47783029640881886,5.289779627431033,1.4702376201097718,0.2779392949539164,0.00029630875167274695,0.0004662459185704951,0.0003190234444101492,0.00034429333650314096,0.8679920797628764,0.9980197241671193,0.4579429523234797,0.5469960024329854,
24,test,0.6883342862129211,48.625,48.375,1.38671875,3.375,3.375,14,4,2.583984375,8.625,2.5746431967336454,2.5749322142040785,2.5755209081140142,2.6321392013706957,2.5153786798052846,2.5560404336536013,2.630663427349262,3.126848040194214,0.7001953125,1.78515625,1.7744140625,1.3037109375,0.5649610786308568,0.48001100622482284,5.50434055893928,1.4716246766198062,0.2673571267733109,0.0007745814752118108,0.0004400078575833635,0.0011879797238183443,0.0005711427528938554,0.934827314971753,0.45501670430559865,0.4528547896336512,0.2192868881695165,5.310726884638284,1.4717602576486364,0.2771297205860509,0.0008424238903153025,0.0004956750699790155,0.0011731067045461785,0.000584536387461305,0.854960026997972,0.4365752132549793,0.4506473007647944,0.22711202699639899,3,3,1.4716796875,8.265625,1.4712591424701724,1.4715641468665572,1.4717272586082721,1.5330393632762986,1.4698110678803633,1.5132217194037283,1.536009645783373,2.133751452132742,0.82177734375,1.5,1.4765625,0.57894059938902,0.4858725943449576,1.4700708664585227,0.2670748386146032,0.0002611676828099263,0.00040682314360553903,0.00027428877022028786,0.0002852442934813021,0.9351013060194715,0.9989561111295376,0.4522372273280162,0.4776919202831873,5.310726884638284,1.4701509675407356,0.2768266942503235,0.00028160609150074123,0.00047113938681380205,0.0002808140942764936,0.0003102694151886554,0.855353928442816,0.998663202728687,0.45005189124359557,0.5100222600657592,
25,test,0.6885226368904114,48.625,49.0625,1.3818359375,3.375,3.375,15,4,2.583984375,8.625,2.576637947372379,2.5769276931095355,2.577524097671457,2.6341997635763215,2.5214844580282025,2.5621799024854677,2.643442000557243,3.1332627761489333,0.70068359375,1.78515625,1.7744140625,1.4736328125,0.5638687386712067,0.4784791610510469,5.50434055893928,1.4711044166553582,0.26726260864550305,0.000789318992769239,0.00044876045092765603,0.001166877193431226,0.0005614005252095122,0.9347130042727088,0.45529211876883696,0.45278984881995576,0.21941416149466114,5.337888324368156,1.4714843903311126,0.27566788604654663,0.0007636693697827823,0.0004514020068445248,0.0012066543274391606,0.0006032213928155044,0.8559824521754855,0.4352814766747299,0.4428414797287141,0.21838190895881956,3,3,1.4716796875,8.265625,1.4712626789673382,1.4715675733000888,1.471730616470889,1.5330348881030709,1.4698110678803633,1.5132217194037283,1.536009645783373,2.133751452132742,0.82177734375,1.5,1.4765625,0.57894059938902,0.4858725943449576,1.4701712051095164,0.26709306761949836,0.0002537865994582944,0.00039531710144824033,0.0002747007052876782,0.0002856685979651582,0.9351013060188524,0.9989414410285951,0.45225760612469745,0.4777065095015151,5.337888324368156,1.470213759340394,0.27542984603643295,0.0002765594380926828,0.00047397881860668874,0.00032844003017196144,0.0003681801913018232,0.8563706392963271,0.9978490486028497,0.44211777730942803,0.48080123316500933,
26,test,0.6895201802253723,47.46875,47.0,1.3779296875,3.375,3.375,13,4,2.583984375,8.625,2.5769042689467474,2.5771934179553595,2.5777847427032445,2.634413458409958,2.558069072892278,2.5986539543462692,2.679631635565402,3.167830251134167,0.70068359375,1.78515625,1.7744140625,1.5341796875,0.5647309398889775,0.47998396290401696,5.50434055893928,1.4716744062478306,0.2673661613938058,0.0011725662816868265,0.0006670044888653572,0.0013377434841537195,0.0006438942786424493,0.9347895750434274,0.4555354454465282,0.4529679200568184,0.21959926027712318,5.3104029967320745,1.4713566203041206,0.27707061426591667,0.0009762431791981996,0.0005635159016404116,0.0014334331879561901,0.0007095527693827622,0.8722753576114766,0.4400589178977377,0.4516633466538247,0.2277544640509492,3,3,1.4716796875,8.265625,1.4713277154093463,1.4716324989646554,1.4717955274149863,1.5330917037681695,1.4698110678803633,1.5132217194037283,1.536009645783373,2.133751452132742,0.82177734375,1.5,1.4765625,0.57894059938902,0.4858725943449576,1.4703122460363345,0.26711869120243403,0.00026467224190795946,0.0004121038344183138,0.00029669259924691715,0.00030845382519801944,0.9351012875645273,0.9986596258421564,0.4522770695219265,0.47759381753395175,5.3104029967320745,1.4701838905836795,0.27684977797135246,0.000234304114676398,0.0003752496926400843,0.00030950719674560645,0.00033930751705715275,0.8727140800611792,0.9983459962998605,0.4508536513850787,0.51520443563751,
27,test,0.6973304748535156,49.78125,50.0,1.373046875,3.375,3.375,13,4,2.5859375,8.625,2.5839554148811743,2.5842446773812213,2.5848394094682403,2.6414497834778534,2.542472626364976,2.583140641758793,2.6688150235132837,3.15352575649579,0.7001953125,1.78515625,1.7744140625,1.533203125,0.5633576719763231,0.47937832290693844,5.50434055893928,1.4713995953185344,0.2673162351716991,0.0011454884967205814,0.0006548539003875915,0.001720305719391746,0.0008315269371105288,0.9346880384721681,0.4574322284199882,0.4530258451819398,0.2205609373949015,5.308273454571813,1.4584705311806045,0.2747542197405975,0.0024794155893683723,0.0014616572406970579,0.0021726837582303204,0.0010756974344519395,0.8415431295310016,0.42528479139227876,0.4486912567620758,0.22168188562624125,3,3,1.47265625,8.265625,1.471889875102569,1.4721948637878075,1.472358087050315,1.5336654328866368,1.4698110678803633,1.5132217194037283,1.536009645783373,2.133751452132742,0.82177734375,1.5,1.4765625,0.57894059938902,0.4858725943449576,1.4701256195609596,0.2670847858738344,0.0002707183413219738,0.00042123102991592406,0.00032218831392416547,0.0003348080147511716,0.9351012598814155,0.9981934641815925,0.45229966279091993,0.47739724610546197,5.308273454571813,1.4572454187797508,0.2745234267320349,0.0020475541688167453,0.0035246239745626573,0.0012596650709779666,0.0013927957413886478,0.8417580481808109,0.9749337406004067,0.4480945898033637,0.49313949291223375,
28,test,0.7215795516967773,51.375,52.3125,1.3681640625,3.375,3.375,53,10,4.2421875,8.625,4.23632668326262,4.236549700064758,4.237745712794916,4.282016832271916,4.196785962422749,4.232260004693003,4.423550996059806,4.714347880210147,0.50830078125,2.140625,2.830078125,3.052734375,0.5836472094567027,0.49631539315371315,5.50434055893928,1.9629314414575951,0.3566151876757902,0.01004257740590564,0.0034487382762916543,0.013722501800050857,0.00424637428367488,0.9347352305334482,0.29155261607541505,0.8944068209638321,0.2780514965468692,5.400707686506347,1.5987563169149261,0.296027189345836,0.022879682286095715,0.007089548530464497,0.04989119705215295,0.014062617829277719,0.7870231311378042,0.22066670033203079,0.6615326970003368,0.18740015316226627,32,9,3.279296875,8.265625,3.265135590371026,3.2653891020652033,3.2661405182489074,3.3167247337757737,3.2019021009606026,3.2403419448691775,3.348806605074512,3.7737209457189604,0.60302734375,1.87109375,2.609375,0.6085194705619649,0.5118623476462986,1.97331023864449,0.3585007536351928,0.006169849951088935,0.0031810907589278005,0.008991660127912304,0.003980084706166352,0.9349438171965332,0.41857339501044244,0.9116753196887055,0.4062220320807857,5.400707686506347,1.5924155357228544,0.29485312447135403,0.019272307857972848,0.008492681003751517,0.044739160429111635,0.017274927861303142,0.7841788609388205,0.3006112914218689,0.6644345862081042,0.2583238988442406,
29,test,0.47767820954322815,62.28125,61.8125,1.36328125,3.375,3.375,18,5,3.181640625,8.625,3.1752992524538026,3.175573108977136,3.1766410170853425,3.2296940290564025,3.2081510123065975,3.2469415774389354,3.3958147807198498,3.7842338386112924,0.63134765625,2.349609375,2.28515625,1.8984375,0.6319481216976459,0.5135643678119783,5.50434055893928,1.996971650976044,0.3627994361164442,0.002155837853972997,0.001180774058617927,0.0031599028008750807,0.0014728683871692361,0.9346007848445188,0.44087190667336296,0.9445751220006242,0.4433528896477912,5.4252078091061,1.9970060691665994,0.3680976175354363,0.0021970595381217706,0.001212765720542244,0.002936215523821062,0.0013969654483674413,0.9085525652120934,0.4341398944595423,0.9315480012892277,0.44021826591330077,6,4,2.078125,8.265625,2.079545095484863,2.0798385527172822,2.0803849301545747,2.138662940418074,2.011893292786652,2.0539918888064426,2.12742100021125,2.650115911325936,0.74853515625,2.130859375,2.044921875,0.6479753395366024,0.5191913094142827,1.9948753564808848,0.36241859222193723,0.00106134131514235,0.0014570922980240196,0.001580045895321014,0.0015076476648990282,0.9350995455137623,0.9145174512294613,0.945734237537482,0.9153973707028948,5.4252078091061,1.9953322868281766,0.36778909804690846,0.0009821095922504242,0.0013760225467578083,0.0014098324487497038,0.00140425399798363,0.9089346919927896,0.9136076218559565,0.9322332450952739,0.9155469340927447,
30,test,0.4810398519039154,61.125,60.65625,1.3583984375,3.375,3.375,19,5,3.15234375,8.625,3.1547050895274937,3.154979909337814,3.156047825309412,3.2092810760765635,3.033812650384302,3.0730883315456263,3.2071424405063946,3.618995734961198,0.634765625,2.248046875,2.251953125,1.82421875,0.6280186637253199,0.5108651426139948,5.50434055893928,1.996638316106794,0.36273887756893414,0.0018186181920185618,0.0010166791334386216,0.002734759776957141,0.0012970741033133538,0.9346350360757425,0.4487199989131304,0.9454240648598402,0.45159411151861806,5.429960929319387,1.9965321340477038,0.3676881215235479,0.0018801723863619557,0.0010633411173592308,0.0025557362723480637,0.0012276126270454948,0.9176345890135069,0.4424244963561734,0.9315561029687887,0.44612513362902056,4,4,2.044921875,8.265625,2.0436035458608317,2.043898643563338,2.044437840328719,2.102980511504377,1.9928409949228807,2.035007596659287,2.1079017807067504,2.6322349849321496,0.75244140625,2.015625,2.0078125,0.6497634315302961,0.5186640993189197,1.994870596384918,0.36241772743242867,0.0009748129941158368,0.001413777408021025,0.001143138685912426,0.0011327924162667995,0.9350998696348896,0.9506729870333178,0.9457345616586075,0.9512005965106876,5.429960929319387,1.9948719585428702,0.3673823779783468,0.0007829467746747198,0.0011760236968550114,0.001196930369609106,0.0012220326442658315,0.9180260157326758,0.9447740004972228,0.93202658526,0.9455584217540383,
31,test,0.47848984599113464,61.34375,60.875,1.3544921875,3.375,3.375,20,5,3.1328125,8.625,3.1277665086310775,3.1280444781796524,3.129113847100653,3.1827478263610054,3.070306797958247,3.109565900820529,3.252245807011444,3.6546196369652106,0.63720703125,2.24609375,2.248046875,1.7919921875,0.632975815386226,0.5127346396523645,5.50434055893928,1.9955578740536448,0.3625425884691628,0.0015857583952518794,0.0008946571291511191,0.002310902435851858,0.0011045850698745534,0.9346715436899782,0.4522783210724251,0.9453847080623312,0.4551202564047846,5.416403199586507,1.9960373440654702,0.3685171266824909,0.0015384775859983435,0.0008676761763467695,0.002527154031061407,0.0012225152072579861,0.9012353977749648,0.44121859692188264,0.950825591236522,0.4544787168058296,4,4,2.0234375,8.265625,2.023469415104214,2.0237652083119784,2.0243018228837473,2.0829995807968777,2.0454566523488054,2.0874516781919574,2.162029593932141,2.6818012681206933,0.75537109375,2.01171875,2.00390625,0.6497634315302961,0.5186640993189197,1.994675246022798,0.3623822371934022,0.0007659289910924016,0.0011439835252821742,0.0010574887785823606,0.0010690863526464202,0.935100276980589,0.9703859685102256,0.9457349690043104,0.9707092212086307,5.416403199586507,1.9946907124138802,0.36826850566925234,0.0007083146300015386,0.0010695040634954272,0.0009586298763846202,0.0010023754497408934,0.9015258396081975,0.9675224549407906,0.9511724344760042,0.9692920842494038,
32,test,0.4855048954486847,61.8125,61.8125,1.349609375,3.375,3.375,22,6,3.12890625,8.625,3.1286770002731554,3.12895496154612,3.130021891887492,3.183655700772003,3.156616176740001,3.1956235152407833,3.3446361927052313,3.7362858971719586,0.63720703125,2.244140625,2.248046875,2.005859375,0.6324311992941352,0.5131256403731677,5.50434055893928,1.9949920837874617,0.3624397986326465,0.0016977932638706505,0.0009540810913826315,0.00232314294015179,0.0011067169657758228,0.9347262348177345,0.45077134413656395,0.9450914656838991,0.4534444482210614,5.422850486333926,1.995950899527282,0.3680630518132961,0.0011951809756780563,0.0006776598742029583,0.0018062101874400938,0.0008900373848288703,0.8968619544638159,0.4417060186648688,0.9412081337624674,0.45364932956495635,6,5,2.01953125,8.265625,2.0189262497355753,2.019222166227404,2.0197581008103325,2.0784918121354155,1.9928409949228807,2.035007596659287,2.1079017807067504,2.6322349849321496,0.755859375,2.009765625,2.001953125,0.649494888064244,0.5185231725857348,1.9945166895126265,0.362353431470269,0.0006153308350951292,0.0009253583643371785,0.0009664405345306548,0.0009815676749995027,0.935100503974132,0.9750030226826589,0.9457351959978517,0.9752771617406573,5.422850486333926,1.9941820536329282,0.3677368680288065,0.0008153665248844533,0.001246123746781575,0.0008841290678764935,0.0009610118330514605,0.8972867417460373,0.9741634461248572,0.9415850206450287,0.975349001768642,
33,test,0.48746567964553833,61.8125,61.8125,1.3447265625,3.375,3.375,20,6,3.126953125,8.625,3.133458221376725,3.133735577892028,3.134807925973124,3.1883820051431147,3.0125388992568585,3.05188132440138,3.1825875472827603,3.5988694598855613,0.6376953125,2.244140625,2.248046875,1.78515625,0.6340772758108488,0.5128644027109394,5.50434055893928,1.9952129144711126,0.36247991800412915,0.001585453443644802,0.0008953702114758033,0.002169523792119321,0.0010378769445856379,0.9347373563967789,0.4526939858705854,0.945306830846258,0.4554669580125669,5.445005714018132,1.9955418799001587,0.366490318781971,0.0016247515406586643,0.0009256348623403726,0.0019394446219349604,0.000952360444364339,0.914884407613231,0.4468875572984404,0.9437304508334217,0.45452121195646894,5,5,2.017578125,8.265625,2.0154386863689893,2.0157347110795576,2.0162702215224027,2.075035248208416,2.011893292786652,2.0539918888064426,2.12742100021125,2.650115911325936,0.755859375,2.009765625,2.001953125,0.649632470852814,0.5185958266167731,1.9945518307209875,0.3623598157424601,0.0006259964047057309,0.0009434833161464022,0.0008794388383561724,0.0008945397149540637,0.9351004374515552,0.9764996515157074,0.945735129475274,0.9767577684941804,5.445005714018132,1.994448979303618,0.36628960262960275,0.0005875905533310188,0.0009077588175932698,0.0008164526777099113,0.0008793477010259567,0.9151825652826746,0.9743742053871606,0.9442640433868537,0.9751438124315054,
34,test,0.49611029028892517,61.34375,61.34375,1.3408203125,3.375,3.375,20,5,3.130859375,8.625,3.1227099134579923,3.122988150123095,3.124053388591791,3.1777437623954814,3.1036805621302603,3.142789388811206,3.2836791003546537,3.6855477214691796,0.63720703125,2.2421875,2.248046875,1.8466796875,0.627414692763387,0.5113643538532819,5.50434055893928,1.9951601417736757,0.36247033053459093,0.0013061974548902455,0.0007358882263052989,0.0019946078407446777,0.0009522536309907241,0.9348182727972656,0.45179875672835407,0.9451972653886918,0.4544790232478273,5.418192371475957,1.9894803655492805,0.36718525832026355,0.0013890773859834837,0.0007810675340127426,0.007530710546356012,0.00365026222431931,0.9065299398096185,0.4418787780847694,0.929112611663828,0.44618714583009,6,4,2.021484375,8.265625,2.0213152485030577,2.021610842993694,2.022147334540512,2.080859439979674,2.050206100901668,2.0921682029627098,2.1667196034554714,2.686076385627527,0.75537109375,2.009765625,2.001953125,0.6492056884868899,0.5190897652183176,1.9940658103975455,0.3622715180947696,0.000652475629438598,0.0009772238591722428,0.0009071694963695975,0.000918832456755472,0.9351005785879956,0.9722477736917414,0.9457352706117135,0.972551278565046,5.418192371475957,1.9880510112179741,0.3669214518266382,0.0006236254894762538,0.00093993445192961,0.006377009667760447,0.006726070018681878,0.9069292970959459,0.9683421761790062,0.9293842193356987,0.9607206575416183,
35,test,0.48296409845352173,60.875,61.125,1.3359375,3.375,3.375,18,5,3.12890625,8.625,3.1249934190008584,3.1252722951722736,3.1263424341703425,3.1800907334511512,3.169801003006126,3.2087514538123783,3.356993568009896,3.7485207838041514,0.6376953125,2.2421875,2.248046875,1.783203125,0.6339142538230086,0.5133285320251051,5.50434055893928,1.99549056752663,0.362530360568964,0.0015132406861075864,0.000852688246399303,0.001814855068293042,0.0008665711303440719,0.9347234819231938,0.45182365809660696,0.9452710341267645,0.4545852757745665,5.4217897802206085,1.9951484271341204,0.36798705003515264,0.0012880027381569903,0.0007346959919918765,0.0018379465157050134,0.0008974532663633399,0.902266750905266,0.4440643635339787,0.9294954931854091,0.4513734992261527,4,4,2.017578125,8.265625,2.0176501119977743,2.0179466162782007,2.0184837956976733,2.077288982046566,2.012012046413211,2.054110367227069,2.1275630432004773,2.650229194847432,0.755859375,2.0078125,2.001953125,0.6497634315302961,0.5186640993189197,1.9943717333138413,0.36232709658106055,0.0005051062793084427,0.0007614349712226442,0.000644709176978786,0.0006558688428933395,0.9351006877979504,0.9766363948357876,0.9457353798216701,0.9768930453609351,5.4217897802206085,1.9941977658376255,0.36781170917262734,0.000576512721274014,0.0008916087889850427,0.0007676063857902093,0.0008153479338342669,0.9026670057042301,0.9755113283204341,0.9300894491075411,0.9762161717529411,
36,test,0.4910910129547119,61.8125,61.5625,1.3310546875,3.375,3.375,20,5,3.12890625,8.625,3.1223237669194956,3.122601311838467,3.1236637210441067,3.1773011881101776,3.1234719465444987,3.1625550951067503,3.3062785160391153,3.704648758787448,0.63720703125,2.2421875,2.248046875,2.01953125,0.6260414889304775,0.5108027221441672,5.50434055893928,1.9954408413011335,0.3625213265666228,0.0017432226330491574,0.0009883528651108402,0.0023001566948179786,0.0011040455336609452,0.934685489752578,0.45419950584135316,0.9450445949199056,0.45687236505008744,5.423046380071703,1.9952350877820706,0.36791776207447624,0.0014300464111842714,0.0008023664052611257,0.0019994564536558457,0.0009756148068926606,0.9001536332539324,0.4418222951296578,0.9370268346260371,0.4517502825739153,4,4,2.017578125,8.265625,2.017825972688311,2.018122260660235,2.0186591622931607,2.077449974327038,2.012012046413211,2.054110367227069,2.1275630432004773,2.650229194847432,0.755859375,2.0078125,2.001953125,0.6497634315302961,0.5186640993189197,1.9942613124792978,0.3623070358974308,0.0005051845183361436,0.0007602655536404215,0.0007448871617361519,0.0007569159301782254,0.9351006598122771,0.9754919624696962,0.9457353518359977,0.9757608726413788,5.423046380071703,1.99397307299804,0.3676850488178336,0.0005615815483386299,0.0008404237546156456,0.0007781232235872793,0.0008318982725829922,0.9005835659339159,0.975403905270829,0.9374319309359294,0.976347855755816,
37,test,0.4902459681034088,59.5,59.5,1.3271484375,3.375,3.375,22,5,3.130859375,8.625,3.137185979495778,3.1374640851965787,3.138540819303389,3.1921803060071494,2.977713392842001,3.017235776028893,3.150687235182387,3.566898615926377,0.63720703125,2.2421875,2.248046875,2.005859375,0.6255495582921899,0.5105697695188217,5.50434055893928,1.995662601661139,0.3625616148368762,0.0014191031864472237,0.0007983037238536904,0.0020110890943696447,0.0009589070924741564,0.9347191243002868,0.45117217694575895,0.9451416527666492,0.4538731343523243,5.44459417935669,1.9956038850484616,0.36652940867748085,0.0013890363973789732,0.0007896612363958364,0.0020171923030920524,0.0009725172471909714,0.9236530303385884,0.4481617885160989,0.9633606818781786,0.4585622898221795,5,4,2.021484375,8.265625,2.021484424500584,2.021780756647128,2.022318641085361,2.0810971383315984,2.0310643442769822,2.0730946593742243,2.1470859488293086,2.668110121241219,0.75537109375,2.0078125,2.001953125,0.6490813898901182,0.5186804565566703,1.9943984647285276,0.36233195300562226,0.0005982642583761688,0.0008998634195414733,0.0007599561627529283,0.0007719500665130407,0.9351007417148107,0.975131231440348,0.9457354337385304,0.9754039998485061,5.44459417935669,1.99436221450003,0.36630135301207617,0.0005913471682976734,0.0009106286356686559,0.0007935413833060068,0.0008227044624696585,0.9238111844697157,0.9710659839413434,0.9636583634873244,0.9722291771409387,
38,test,0.48532798886299133,61.125,61.34375,1.322265625,3.375,3.375,19,5,3.130859375,8.625,3.1348669905797,3.135145160617794,3.136221953964963,3.189879888773586,3.089647912920713,3.1287656282304144,3.266903551568722,3.6718722518354725,0.63720703125,2.2421875,2.248046875,2.234375,0.6273816328332021,0.5112590020159131,5.50434055893928,1.9958678331256645,0.3625989002232595,0.0011170615798263839,0.000631674267405781,0.001517268829834606,0.0007266481510780995,0.9345447301888781,0.45310758870203566,0.945218129918886,0.4559316578370624,5.43414341102674,1.9953810224444286,0.3671932946037978,0.0014417865460609747,0.0008354710370985457,0.0019014323197010796,0.0009339111963052463,0.9105581177243813,0.4459349468952963,0.926607325322057,0.4501933664807725,5,4,2.021484375,8.265625,2.0216837167547834,2.0219800587248535,2.0225180758104444,2.08129925113608,1.9928409949228807,2.035007596659287,2.1079017807067504,2.6322349849321496,0.75537109375,2.0078125,2.001953125,0.6493204207809129,0.5188125281895807,1.9940632187649965,0.3622710472604305,0.0004713021650637472,0.0007061611404620151,0.0008561063020673387,0.0008673485578596515,0.935100651339484,0.972519210486684,0.9457353433632036,0.97281982982756,5.43414341102674,1.9940509148066,0.3669485260106227,0.0006309800058099668,0.0010139211518563997,0.0008705793254311089,0.0009335090101369424,0.9108492617413964,0.9705286327168958,0.927184257537534,0.9710328145223008,
39,test,0.4884784519672394,61.125,60.65625,1.3173828125,3.375,3.375,20,5,3.130859375,8.625,3.1139875860654262,3.114266130823303,3.1153244942367655,3.16908514393319,3.108739269473979,3.1478538831851104,3.2880110322269105,3.6905419962582378,0.63720703125,2.2421875,2.248046875,2.23828125,0.6258486044769913,0.5105986106612354,5.50434055893928,1.995251678802179,0.3624869605064328,0.0014521257692301504,0.0008173748904916787,0.0018910161728564745,0.0009021178367137914,0.9347932222957,0.45144232338141654,0.9453249421041443,0.4541957589379766,5.449029507465411,1.9948121920428514,0.3660857753311614,0.0013251486146375058,0.0007525920869298413,0.0019590444490562575,0.0009529381565160923,0.9274058547339692,0.4504782507619141,0.941838930297056,0.4542583951181701,4,4,2.021484375,8.265625,2.019869408035166,2.0201659115547135,2.0207038469057585,2.079507684878662,2.050829871528763,2.0928344673150603,2.168110372946437,2.6871844968932135,0.75537109375,2.0078125,2.001953125,0.6497634315302961,0.5186640993189197,1.9941064014721546,0.3622788924703509,0.0004910270792244376,0.0007376684177881187,0.0006458880826540891,0.0006555433763710455,0.9351007489770042,0.9743098236342803,0.945735441000723,0.9745913667411418,5.449029507465411,1.994098144012332,0.36595473400911654,0.0006122806578199302,0.0009322541782293595,0.0007974777311066106,0.0008378724715426687,0.9276654023406596,0.9716727354643659,0.9423064959368368,0.972100591021751,
40,test,0.5046394467353821,62.71875,62.5,1.3134765625,3.375,3.375,21,5,3.15625,8.625,3.155215992670986,3.155494630811365,3.156578010091605,3.210195003396504,3.2941640044761695,3.3327539490058804,3.4935221527532,3.866259036778171,0.63427734375,2.244140625,2.25,1.8359375,0.6221811104050803,0.50996794005181,5.50434055893928,1.9946372918159359,0.3623753418702557,0.0015823314814618072,0.0008803140033685616,0.0022396223902356738,0.0010578795045303579,0.9346556664597649,0.44686768859617676,0.9445759373741573,0.44932604448654334,5.466510043515385,1.9822270464152627,0.36261289755914156,0.004331935289112465,0.0024141079620374362,0.003163435282141691,0.0015049441745088143,0.9258722587033077,0.4402290704893663,0.9263160930897252,0.43855655616711753,6,4,2.048828125,8.265625,2.049240363707119,2.049537259077292,2.050085121761724,2.108844891376712,2.026524173408267,2.0685869272847444,2.1426459888768368,2.6640346413041476,0.751953125,2.009765625,2.00390625,0.6485131809418561,0.5187689113063592,1.9947038406236497,0.3623874321119479,0.0005932929449645741,0.0008529195707920182,0.0007414638360829784,0.0007303433764029916,0.9351007668007547,0.9448209746806709,0.9457354588244744,0.9454075831801368,5.466510043515385,1.9821977357233802,0.36260753569359133,0.0033830478071354975,0.004922181807701416,0.0019627660383596535,0.001972807552264077,0.9263150564010498,0.9299952787207741,0.9270017118753016,0.9223204138118822,
41,test,0.4882200360298157,59.5,59.5,1.30859375,3.375,3.375,18,5,3.123046875,8.625,3.1205597141808816,3.1208391493635093,3.1219108373297972,3.1757447710660855,3.023596887535405,3.062989980169108,3.2015806987501305,3.610392374039506,0.63818359375,2.267578125,2.2578125,1.833984375,0.63003502020135,0.5124230175484477,5.50434055893928,1.9947267319216557,0.3623915908840589,0.0012518219488537596,0.0007111009447557859,0.0015621596630284174,0.00075102975111964,0.9348170855357116,0.4550075953390854,0.9452493730285649,0.45771608606014536,5.451371304343777,1.9947315082379036,0.36591371177532084,0.0011938092102150577,0.0006828339904515498,0.0018499704823264906,0.0009045040188978102,0.9237665564754103,0.45060296471311273,0.9282017826023985,0.4517581884946127,5,4,2.01171875,8.265625,2.013543775625312,2.013840928260351,2.0143784364056896,2.0732723509088684,1.9928409949228807,2.035007596659287,2.1079017807067504,2.6322349849321496,0.7568359375,2.037109375,2.013671875,0.6490899176185227,0.5186745383831596,1.9937112167302415,0.36220709735925966,0.0004317212924158653,0.0006550690306384609,0.0006598505781507669,0.0006742313173253818,0.9351009665033168,0.9810568472824062,0.9457356585270364,0.9812658702972555,5.451371304343777,1.9937304960009432,0.36573008600832113,0.0004433745607377304,0.0006923905504277339,0.000509015089502185,0.0005430507823098674,0.924173129363723,0.9809648405027228,0.9287484514899029,0.981056837629228,
42,test,0.49457764625549316,59.71875,60.40625,1.3046875,3.375,3.375,21,5,3.201171875,8.625,3.2032102841551127,3.203487717253585,3.204592838282296,3.25795832021189,3.084801339032369,3.1239704162848696,3.2598906050538794,3.6676867630511945,0.62890625,2.244140625,2.25,2.2109375,0.626878622330453,0.5123531072648484,5.50434055893928,1.9987475461976634,0.36312207153527476,0.003331257702683388,0.00181263478114142,0.0023167905795959953,0.0010738696591204666,0.9347641798674973,0.43846377912701223,0.9445800297684128,0.4408688299499404,5.451129618872057,1.985588249743719,0.3642526207539668,0.004206993996874964,0.0022996694203195928,0.004631595332162952,0.0021887933321425718,0.9293395714572563,0.4356541891711974,0.924203637782556,0.43190868580292663,5,4,2.099609375,8.265625,2.096429743085753,2.0967257318895376,2.0972926136923906,2.1558416909799747,2.125170495439214,2.1669768193248475,2.24634488570068,2.757764603410482,0.74609375,2.01171875,2.00390625,0.6465970570212816,0.5198158328891415,1.9988546645576903,0.36314153224248935,0.0023496651249610423,0.0031728157586517532,0.0012027273264596516,0.00113445003239187,0.9351006803520674,0.9037661074255996,0.9457353723757853,0.9047451681072561,5.451129618872057,1.985116259584875,0.3641660350016835,0.0032464276449397644,0.004370036180847569,0.0032054324747123886,0.003113453757974593,0.9297574993737721,0.8882765136765169,0.9250383000654052,0.8782235907554009,
43,test,0.4886445701122284,60.65625,61.125,1.2998046875,3.375,3.375,20,5,3.146484375,8.625,3.1456479677436326,3.145928080753627,3.1470139390609795,3.200811501064259,3.0003738708217607,3.039748640330539,3.170159046746928,3.587346609586989,0.63525390625,2.255859375,2.2578125,2.041015625,0.6310119734667439,0.5128014035074068,5.50434055893928,1.9951422255700146,0.362467075611777,0.0011457520725990378,0.0006377448410842824,0.0017609397683937544,0.0008321266355338795,0.9347891345217301,0.44712269289238266,0.9451064934751585,0.4497697760515723,5.456355907015293,1.9945122613114337,0.36553925280919974,0.0014149354883921106,0.000791108879071541,0.0020474707336228803,0.000983125389169108,0.926809742377011,0.4446384498235917,0.944121855054445,0.44911162842168356,6,4,2.037109375,8.265625,2.0353299826409175,2.0356271670929327,2.0361717586758896,2.095017265704,2.026524173408267,2.0685869272847444,2.1426459888768368,2.664034641304148,0.75341796875,2.0234375,2.01171875,0.6484316680171328,0.5186906318380782,1.9942541374792224,0.3623057323806882,0.0005599741662951629,0.0008198007283423032,0.0005814723760000362,0.0005799151817030478,0.9351008050636773,0.9569469494340509,0.9457354970873988,0.9574104575291568,5.456355907015293,1.9938797912356283,0.3654233384358371,0.0004404115612128834,0.0006517622293205566,0.0004922701641429938,0.0005076042720139436,0.9272955063127464,0.9544102282849801,0.9450820983392054,0.9552298217686487,
44,test,0.505056619644165,61.34375,61.5625,1.2958984375,3.375,3.375,22,5,3.15625,8.625,3.1655835065843614,3.1658626354135126,3.166957089101351,3.2205831454681184,3.054942361798655,3.0942552725500323,3.2330679233424213,3.640145111214789,0.63427734375,2.2421875,2.248046875,2.26171875,0.6317394401348597,0.5134637465383763,5.50434055893928,1.9953131547815666,0.3624981291430259,0.0015313256836551048,0.0008500584098199421,0.0020312666650195155,0.0009576659423736418,0.9346857180824264,0.44603474011434646,0.9452909376503138,0.4488178732162965,5.441715462032991,1.9955690790234697,0.3667169099425749,0.0017962247046021673,0.0009883592645718667,0.0021560710987653664,0.0010418336477550543,0.9209947547366193,0.44142939014994564,0.9373208912624822,0.4456609039019848,6,4,2.05078125,8.265625,2.0498436052713433,2.050140524338375,2.0506891732019743,2.1094544195116924,2.080548457847606,2.1224597727105587,2.198889838059531,2.715229357593279,0.751953125,2.0078125,2.001953125,0.6473179033822728,0.5188913731241712,1.9948714832740801,0.3624178885578446,0.0008819850316363897,0.0012681680719244168,0.0006518874900098837,0.000642188201426792,0.9351006910583894,0.9449382141665611,0.9457353830821082,0.9455236482025967,5.441715462032991,1.994525162934508,0.3665250740966463,0.0007128441036483579,0.001008446559425447,0.0005615601388733182,0.0005855747849014429,0.9212564246555273,0.9440205406307896,0.93807984344134,0.9449692229694802,
45,test,0.4991966784000397,60.40625,60.40625,1.291015625,3.375,3.375,18,5,3.16796875,8.625,3.1725820015669335,3.1728599179196646,3.173951451339208,3.227447838699641,3.199094875299572,3.2379511419265037,3.3867596954129553,3.776123187239265,0.6328125,2.2421875,2.248046875,1.8896484375,0.6323105813391093,0.5132375954770764,5.50434055893928,1.9969818195901605,0.3628012834974352,0.0017459221987001783,0.0009629703719843426,0.0019854712744091785,0.0009309734635370587,0.9346687404490419,0.44356633552640223,0.9449078676326161,0.4461737248332781,5.458664844075143,1.995007544412959,0.3654753683180143,0.001754425768548451,0.0009711779036853685,0.0021806074024395272,0.0010441527634767677,0.9267631135273646,0.4425077274826171,0.97429412992072,0.4547715131077696,6,4,2.064453125,8.265625,2.064114307951875,2.064410722117313,2.0649631563403537,2.1236278110696882,2.0698821693925344,2.1118187594622158,2.1876459164091613,2.705065423287,0.75048828125,2.009765625,2.001953125,0.6485794943101694,0.5187624689545844,1.9965004579437649,0.36271383221399056,0.0012291463649605205,0.0017254965556848063,0.0006099841797180261,0.0005910885818487182,0.9351007431618896,0.9291050250986823,0.9457354351856111,0.9298463044080164,5.458664844075143,1.9948862826075238,0.3654531537639248,0.0010253455185784688,0.0014458944090877965,0.0007481056484950344,0.0007548625091037847,0.9270832536918476,0.9298782442114498,0.9751215277982661,0.9331016158088328,
46,test,0.5104643702507019,60.65625,60.875,1.287109375,3.375,3.375,20,5,3.17578125,8.625,3.1743128071309243,3.1745908779311844,3.1756839967034676,3.229198273517731,3.1503424141457645,3.1894058865907624,3.3374354980962906,3.7307680175342925,0.6318359375,2.244140625,2.25,2.140625,0.6313673680279278,0.5123900138122648,5.50434055893928,1.996836173547507,0.3627748232809762,0.0021980682713040878,0.0012080094523044082,0.0022301572760135002,0.0010425180308432109,0.9347043600917404,0.4422150287836861,0.9444767951445838,0.4446014909374344,5.453473662436645,1.9955801907318182,0.3659282714570186,0.001468537087442101,0.0008045913435494208,0.0022704222056910695,0.0010831388827927222,0.9201982081387818,0.43801195432253576,0.9580682905250022,0.44783798829872234,5,4,2.072265625,8.265625,2.06851742906595,2.068813867968083,2.069369518872734,2.128036899546367,2.127645570162835,2.1694227862411353,2.2481739170314725,2.759841444596397,0.74951171875,2.009765625,2.00390625,0.6494108388413938,0.5188342221576027,1.9961248466332795,0.3626455931022453,0.0012381294299945722,0.00172090798466764,0.0007329326212790477,0.000705362280394684,0.9351006474879799,0.9225789378360416,0.9457353395116987,0.9233828270808729,5.453473662436645,1.9948253538044205,0.3657898574893127,0.0007470990900459995,0.0010358993874670158,0.0006819386568528429,0.0006873255599700569,0.9205059279512264,0.9234011626817121,0.9589730556797695,0.9262471464263066,
47,test,0.49635082483291626,61.34375,61.8125,1.2822265625,3.375,3.375,25,5,3.255859375,8.625,3.2577976324198636,3.258072186684988,3.2591864207524757,3.31205129921891,3.271995528326315,3.310631529027556,3.464089480297477,3.845006771715017,0.62255859375,2.25,2.26171875,1.9453125,0.6227253658257978,0.5109762226313365,5.50434055893928,2.0025089383320145,0.363805421719384,0.00443349916682223,0.002343960619887723,0.0026232006028577004,0.0011863887022485779,0.9347042669666026,0.4276717238187248,0.9431504674561495,0.429446627887181,5.446776595652269,1.988651897405112,0.3651061985895466,0.004165988126931808,0.002195222774837335,0.006914288102257693,0.003179395279780123,0.916566481940774,0.4200084027400429,0.9541101558532752,0.42945883904889437,7,4,2.162109375,8.265625,2.160151905619996,2.160445555699906,2.1610237208730405,2.219127626673254,2.0773940038782674,2.119290076069965,2.195061926083522,2.7119522020447993,0.73876953125,2.015625,2.017578125,0.6446014861070378,0.5202104399402294,2.004404801498618,0.364149852291276,0.003653095800436823,0.004594362385483603,0.001205156943115071,0.00108110099914654,0.935100049226234,0.8584923692815795,0.9457347412499537,0.8598606130852964,5.446776595652269,1.9896494783343526,0.36528934928642615,0.0030165213064616836,0.00376463409104839,0.005298178243726248,0.004913705966515402,0.9168751521036445,0.8444350136138795,0.9562744774249055,0.849882257729903,
48,test,0.4918198585510254,61.125,61.125,1.2783203125,3.375,3.375,21,6,3.201171875,8.625,3.2112122264923952,3.2114876119523235,3.212583423161496,3.2656613139305084,3.2239145471293282,3.2626678290462627,3.4124343866704034,3.799256247700853,0.62890625,2.25,2.255859375,1.8935546875,0.628655677406645,0.5128789057834158,5.50434055893928,2.0032280956103645,0.3639360744779932,0.004086754770654899,0.0022128043261403353,0.0026086035861290213,0.0012040686978454394,0.9348018683989867,0.4366243011083085,0.9449378980324568,0.43917711715728025,5.443200809869153,1.9981951213479272,0.36709928425292854,0.002640624883224696,0.0014403426829658096,0.003068033848482088,0.0014513930362412344,0.9135147461667303,0.4317021378670164,0.9466041202142552,0.44037688687256604,8,5,2.1015625,8.265625,2.1030199712587905,2.1033145831684057,2.10387203646374,2.1622280260449775,2.1415344590517233,2.1832754432322528,2.262044612492133,2.7730107646212234,0.74609375,2.015625,2.01171875,0.6464174136351699,0.5190936821508345,2.0026108727970535,0.36382394064348533,0.0036413927974274785,0.004889879443263594,0.0011608785645949027,0.0010907403036708241,0.9351001239445376,0.9001830310792945,0.9457348159682573,0.9011945604084022,5.443200809869153,1.997683731925135,0.36700533412309594,0.0017457099509128327,0.002383715639254159,0.0008824546334427197,0.0008712401639018984,0.9138804257842512,0.900290885019547,0.9473357274324403,0.9034722295395016,
49,test,0.49694061279296875,60.65625,60.40625,1.2734375,3.375,3.375,18,5,3.13671875,8.625,3.1340060890839285,3.1342844100505283,3.1353577807255526,3.1890150008342286,3.1330310452139334,3.172090531032399,3.316275089469362,3.7137377613037876,0.63623046875,2.34375,2.283203125,2.0234375,0.6299111083439638,0.5124541977373538,5.50434055893928,1.9954579401943224,0.3625244330047157,0.0017106790656447046,0.0009601655807956017,0.0020794189479564906,0.000989599164289747,0.934687995663408,0.45028736663527374,0.9452939420974582,0.4530755649271051,5.418252741699694,1.9955918521749187,0.368309111314897,0.001381680583266487,0.0007752556183713165,0.0017249852754668282,0.0008490819759873724,0.9228880050372483,0.4463749904190471,0.9597561467513538,0.4560535877862375,4,4,2.02734375,8.265625,2.029992073856743,2.030288644173685,2.0308288422907204,2.0896004642393273,2.031153803037897,2.073183910815554,2.147193001409926,2.6681954592337407,0.7548828125,2.123046875,2.041015625,0.6497634315302961,0.5186640993189197,1.9945173330042212,0.36235354837647926,0.0005802847901943409,0.0008611230290272886,0.0006227705627104285,0.0006268490451959074,0.9351006193774936,0.9660336020655088,0.9457353114012115,0.9664027181316426,5.418252741699694,1.9940891373735017,0.36803176825375633,0.0006237937530908511,0.0009259048320058213,0.0007140606727302767,0.0007735670116343552,0.9232568919043667,0.9627239193538324,0.9602206937134765,0.9641073621737166,
50,test,0.5038955807685852,61.8125,61.8125,1.26953125,3.375,3.375,22,6,3.140625,8.625,3.1384150554260657,3.1386930167488862,3.1397643834332416,3.1933681485148355,3.097380197972388,3.13657125339,3.279604691049828,3.680341139214133,0.63623046875,2.2578125,2.263671875,2.07421875,0.631818509360669,0.5120127957435644,5.50434055893928,1.9960329953373126,0.3626289060359231,0.00136264500301575,0.0007667570347128818,0.0018678270467695768,0.0008908084328771404,0.9347591335804619,0.451299229796168,0.9453902780121535,0.4541003846113977,5.433033298940012,1.9956300079248384,0.36731414996373885,0.001389558141682734,0.0007735825229640994,0.0019549077675105053,0.0009558268042715533,0.9010659507361538,0.4405390037272305,0.9467516463819745,0.4527312099844295,6,5,2.03125,8.265625,2.0298690944711537,2.030165713422091,2.0307062998253866,2.0894910224771133,2.0310643442769822,2.0730946593742243,2.147085948829308,2.6681101212412184,0.75439453125,2.025390625,2.021484375,0.6492538505891549,0.51841883301383,1.9944532173675604,0.36234190018066464,0.0006968561691884645,0.001026180605544785,0.0005678587767627974,0.0005685971565359864,0.9351006361173573,0.9608641686992849,0.9457353281410779,0.961287210256748,5.433033298940012,1.9940861792074944,0.3670299940176221,0.0006129622366302101,0.000888350396644187,0.0006750980637511006,0.0007189619024917868,0.9013538499541012,0.9597965992099271,0.947182596053814,0.9616672463802837,
51,test,0.49827882647514343,59.71875,59.71875,1.2646484375,3.375,3.375,23,6,3.2578125,8.625,3.259172105396409,3.2594474267678586,3.2605690180754614,3.313503294921839,3.1047016698244603,3.143732000960957,3.2780626002054816,3.685550633608252,0.62255859375,2.296875,2.30859375,1.931640625,0.6290033581020653,0.5129681769062598,5.50434055893928,2.000615265207318,0.3634613890229294,0.0032158737210252752,0.0016866046180983743,0.0028071409743963827,0.0012608778634117606,0.9346569056536138,0.424685149933593,0.9450169921958311,0.42732761079271914,5.4686397199170695,1.987927305885393,0.3635140378045492,0.0022783746350842904,0.0011976891143810535,0.0057388886362419456,0.0026123141804101917,0.9272116776473407,0.4214936080229691,0.9422485417557329,0.4231963262369841,7,5,2.1640625,8.265625,2.1663648679792327,2.1666588753430727,2.1672436103273043,2.225371383864749,2.1074934494068622,2.1493392973804113,2.2269702285605444,2.7408734526112375,0.73828125,2.068359375,2.0703125,0.646332476693147,0.5193675120759926,1.9996927411188188,0.36329378963865777,0.0023662008496581066,0.0029503794558228117,0.0010804605062180173,0.0009633011993494801,0.9351001829615297,0.8531093267040565,0.9457348749852494,0.8545207990458311,5.4686397199170695,1.9866728937142781,0.3632846549533538,0.0013636500071223523,0.001684050050347877,0.004055091444328696,0.003672107158919439,0.927524263403491,0.8376750670003104,0.943401302209903,0.8319668880082622,
52,test,0.49615997076034546,60.1875,60.40625,1.2607421875,3.375,3.375,21,7,3.171875,8.625,3.1724693619216033,3.1727469646973945,3.1738351747622646,3.227293231309736,3.135755876372072,3.174785812386271,3.317857500270406,3.7160555334789698,0.63232421875,2.3203125,2.30078125,1.88671875,0.6301891904936555,0.5124216966604764,5.50434055893928,1.9993611821278598,0.36323355372349075,0.0025276698256933017,0.001392150698895995,0.0021560091954988536,0.00100970696477975,0.9347056693378173,0.44303740727357027,0.9451592261510138,0.4457453803198294,5.467164735049009,1.9877269398813127,0.36357546117795814,0.0022142453899078873,0.001217681120905155,0.00629803969178333,0.0029725164518081743,0.9333770193233306,0.44056885873583757,0.9287462146361873,0.4372886968393118,7,6,2.06640625,8.265625,2.065079894648898,2.0653758998520977,2.0659260024882475,2.1245470467608665,2.0456363759139724,2.087630985243435,2.162244778150252,2.681972712890429,0.75,2.09375,2.0625,0.6488346609603889,0.5185782898396065,1.9981641661534537,0.36301608607925817,0.0015348447709033763,0.0021518045945312413,0.0007783947825457105,0.0007535965648992385,0.9351006022279389,0.92823887546734,0.9457352942516577,0.9289885191802781,5.467164735049009,1.986550165778365,0.36336021723343176,0.0008738044104266152,0.0012259306656791276,0.0047173703407086265,0.004656309516012687,0.9336422073648887,0.9217243918074752,0.9290702190783469,0.912434888313441,
53,test,0.5148094892501831,61.8125,62.03125,1.2568359375,3.375,3.375,31,8,3.517578125,8.625,3.518095269720277,3.5183588354195194,3.5196027006766166,3.5704925897818045,3.458802862272475,3.4968100789399825,3.659238832975796,4.0207594563830975,0.59228515625,2.478515625,2.6328125,2.267578125,0.6278278544153938,0.5114016009827742,5.50434055893928,2.135325220687773,0.3879347939727158,0.04705175186688226,0.023337079182702135,0.006432548029092544,0.0027538904712031873,0.934726591155755,0.40459309984595276,0.9445494463614947,0.40697152122451447,5.453077558730372,2.0670673628552403,0.3790643614716001,0.032396891172220776,0.015482857844663592,0.017710514618512363,0.007446118330757225,0.9276809295483863,0.389049355646771,0.9317812012245632,0.38998295189430726,11,7,2.451171875,8.265625,2.4473620224334263,2.4476484795916473,2.4483582186647745,2.5048524516470465,2.4013745586845996,2.4424125439397364,2.5389232523988174,3.0195994539229765,0.70361328125,2.271484375,2.4296875,0.6472511397170939,0.5185565973858427,2.1502706057871994,0.390649993902552,0.05187677023986392,0.05499783696673071,0.004640703811398694,0.0036747135218976063,0.9350989703095509,0.7557209796383499,0.945493698659102,0.7576103052444124,5.453077558730372,2.0700204758066683,0.37960591125144877,0.03358135818300845,0.03295969290229245,0.016211111902921793,0.012423119085985224,0.9279146862867398,0.7078413981010421,0.9321642470681653,0.708485846685882,
54,test,0.49284955859184265,65.25,65.75,1.251953125,3.375,3.375,34,9,3.56640625,8.625,3.5706001507126337,3.5708606930924973,3.5721205781389953,3.6225559292081067,3.509291001648777,3.547270038898611,3.719107174329804,4.069966408175983,0.58642578125,2.544921875,2.53125,2.255859375,0.623643941460457,0.5078179136465477,5.50434055893928,2.2284521960990693,0.40485361910973505,0.08015634538411476,0.04035511387044878,0.0044658624524887,0.0019367123475705218,0.9345931084515513,0.4098404512383311,0.9451746141307176,0.4125567023238898,5.461557576812554,2.1624832821301623,0.3959462574030428,0.07590585038412723,0.03699619796192962,0.016637778439645423,0.0071126947362939764,0.9085158543667253,0.39138660953713794,0.9458882717120956,0.4026107855768878,14,8,2.5,8.265625,2.5049730832297152,2.5052559789930933,2.505976302269842,2.5619614939166313,2.441130927404446,2.482054028170648,2.580311415413898,3.0572522652383145,0.69775390625,2.345703125,2.31640625,0.6461899637492913,0.5181640594668687,2.245297119092352,0.4079139172168218,0.08648782007131928,0.09679837403060045,0.0023169163794980463,0.0019099009803566515,0.9350988328556147,0.7873898852799674,0.9457335248793326,0.7892768745610941,5.461557576812554,2.1747286586291072,0.39818836074567415,0.08135466477727338,0.08392285286571653,0.014964502964891047,0.011906406755989793,0.9087776042362918,0.7335040793262029,0.946476339142829,0.7469830882794034,
55,test,0.4619860053062439,66.0,66.0,1.248046875,3.375,3.375,26,7,3.544921875,8.625,3.543353362700499,3.543618015186202,3.544894628061756,3.5958682184645285,3.4842469758187202,3.5222874175663828,3.697685207439134,4.046142826663106,0.58935546875,2.60546875,2.59375,2.220703125,0.6076113394839251,0.4977781589098096,5.50434055893928,2.2571609564813158,0.4100692775659732,0.09128251464092862,0.04747473394033803,0.0037030286088857167,0.0016513803852232223,0.9348430285988636,0.4216953556090403,0.945283630401959,0.42436920243551607,5.468557184822605,2.246944737136243,0.41088438160112833,0.09465823725306244,0.04901555550908841,0.006670318445684664,0.002999315695169755,0.9311347272555359,0.41776816566048236,0.9289095953784683,0.41717154823896196,9,6,2.455078125,8.265625,2.455340745984519,2.4556271300319645,2.456357223824038,2.5128343786780603,2.446771994467029,2.4877285585442652,2.5879634256202393,3.063197811050361,0.703125,2.41796875,2.388671875,0.6323715692975023,0.5082510270251178,2.2589224902281404,0.41038930386666495,0.0916416956538546,0.10932563929495535,0.002366137016018399,0.0020435271750028575,0.9349674526400049,0.8256844738143461,0.9457341848296617,0.8274218763002745,5.468557184822605,2.248038641623159,0.41108441690293546,0.09477237998934473,0.11207951648664041,0.00511668323566461,0.004494860981319335,0.9315736596288833,0.8148639712772952,0.9294273666954824,0.8145157430547283,
56,test,0.46563267707824707,65.5,65.25,1.244140625,3.375,3.375,25,6,3.490234375,8.625,3.4848699176788127,3.4851373954622855,3.4863927425275727,3.5377951109036685,3.307228615619637,3.34580104346474,3.5043608598503972,3.8787967433590893,0.59521484375,2.490234375,2.50390625,2.166015625,0.6234411142398099,0.5069559765470765,5.50434055893928,2.2586142271330245,0.4103333002288422,0.09274749265141402,0.04958831879981431,0.004860792108696721,0.0022195666328903556,0.934770791763273,0.43187291160458063,0.9452733612075646,0.4345899148726513,5.4718144081656,2.258582017655339,0.4127665613594007,0.09803090403370351,0.05162208958766952,0.0038924465468266334,0.0017922691213413894,0.9386248524703475,0.43083224015443,0.9460814376250664,0.43273114864224266,9,5,2.396484375,8.265625,2.393214656834361,2.3935024135098804,2.394213464076423,2.4510103302677346,2.3526280788938405,2.39385270057702,2.4899062486941057,2.9740211848982807,0.7099609375,2.283203125,2.287109375,0.643651703046031,0.5158946351833074,2.2616487510101524,0.4108845967637558,0.09264120481190297,0.11982940324931929,0.003107897934450321,0.0028441512177447563,0.9350995976233225,0.8762027065652545,0.9457342896470404,0.8774241588880315,5.4718144081656,2.2604071967460677,0.41310012148307834,0.09877822090121935,0.12382957909438701,0.002091842774334829,0.001954112730337338,0.93896316179986,0.87157572710937,0.9466343511750228,0.872483725114257,
57,test,0.45849180221557617,64.375,64.125,1.2392578125,3.375,3.375,29,8,3.521484375,8.625,3.5194665423047664,3.5197322048681574,3.5210016864546025,3.5721317072085217,3.4845799392794174,3.522637068291398,3.6948556765070895,4.046627916389145,0.591796875,2.4921875,2.513671875,2.232421875,0.6072519819362481,0.49847270829212287,5.50434055893928,2.262904463541781,0.4111127280936005,0.09254942351003237,0.04871914723140338,0.006281579133847082,0.002830463427520262,0.9347154251945078,0.42607907840242537,0.9452410501503286,0.42879837545610694,5.473017553550664,2.2490476012531997,0.4109337452780709,0.108137068624516,0.056139403859350574,0.006323135195104079,0.0028589090544848842,0.9376103986153268,0.4245042606683489,0.9318248532592968,0.4207456161548778,11,7,2.4296875,8.265625,2.4237525301051095,2.424040024999115,2.424764913884627,2.481470791841016,2.395596453809072,2.4366965601490955,2.53460793047532,3.0146950137461994,0.7060546875,2.287109375,2.296875,0.6327985725956101,0.5091879405361313,2.2641676182464807,0.4113422114787897,0.09272841517438923,0.11544485832942793,0.005168953807721088,0.004603420030737635,0.9350995883606581,0.8521542130360745,0.9457024043748765,0.8535445189904441,5.473017553550664,2.2510554278542583,0.4113006044341787,0.10847980400818269,0.12991471141199348,0.004880516284258896,0.0043556052308059,0.9379121823690593,0.8392926809196491,0.9321261678660324,0.8296749605762754,
58,test,0.45534461736679077,65.25,65.25,1.2353515625,3.375,3.375,30,7,3.53125,8.625,3.537146313940991,3.537412673526696,3.5387016528383075,3.589864437128275,3.2950593377905886,3.333524169342249,3.4849012152430277,3.8655703908135104,0.5908203125,2.484375,2.505859375,2.19921875,0.6152286703994931,0.5033738038040918,5.50434055893928,2.265816765011416,0.41164181989641513,0.09367297395935292,0.04914010212093785,0.006221740082766658,0.002795198672128617,0.934547752435817,0.4247265864038072,0.9449765240619037,0.4274004770819107,5.4640916530206285,2.242059868360531,0.4103261824169966,0.09945552411301772,0.05176178969201328,0.010750803080732396,0.0048591019205069695,0.9280346291223687,0.4186943909323209,0.9224949336990065,0.4154866683143041,9,6,2.44140625,8.265625,2.4395982417278828,2.4398859739811,2.4406217211050105,2.4973109399889606,2.3781920371065386,2.4193547890668916,2.517655622438557,2.9983557283545217,0.70458984375,2.27734375,2.291015625,0.6385191519948723,0.5131638204480286,2.26918264451907,0.4122533154010288,0.0938446677456648,0.11530339790801727,0.005121870978431531,0.004518564719827568,0.9350999186086932,0.84395095314835,0.9456795953920798,0.8453853038614705,5.4640916530206285,2.245676064892326,0.41098799352146376,0.09983842179455316,0.12058901204233184,0.009666462998026759,0.008638304750851086,0.9284687802414133,0.8267664058521823,0.9229218950954863,0.8190707429716936,
59,test,0.4692036807537079,63.875,63.875,1.2314453125,3.375,3.375,29,8,3.408203125,8.625,3.3956650999941824,3.3959373420446037,3.3971806202285326,3.449343511167029,3.30221429642712,3.3407799548412997,3.5018685636800866,3.8738275433097376,0.60498046875,2.548828125,2.51953125,2.072265625,0.6153984025630741,0.5045424992599449,5.50434055893928,2.257587679226933,0.4101468023377507,0.09179753008811087,0.05126397999786395,0.0027955822542260478,0.0013247279133278235,0.9347476260019398,0.44836503608688033,0.945204613542936,0.4510798839922346,5.463799444561464,2.24608922708321,0.41108559160584013,0.10556276786924457,0.057937858639432,0.004030709967982382,0.0019176355649787745,0.9373707828774975,0.4439763854129905,0.931223345218446,0.44229671428628325,7,7,2.3046875,8.265625,2.3032384696686874,2.30353039823555,2.3042271033431208,2.3617117549565476,2.308032397299549,2.3493650570403832,2.444050408133923,2.931572475148965,0.72119140625,2.349609375,2.302734375,0.6488067724578114,0.5188633985076784,2.259250187227934,0.4104488381553385,0.09206047309911547,0.13483501520370839,0.0014940067472393181,0.0014904479529660396,0.9351004222328774,0.9572381089121187,0.9457351142565971,0.9576986211420525,5.463799444561464,2.247690756590488,0.41137870805777577,0.10626326167252209,0.1501591796216615,0.0025031430723521098,0.0025346037967152245,0.9378313180806606,0.9406726302479185,0.9319503451737532,0.9403205939482574,
60,test,0.4717946946620941,65.25,65.0625,1.2265625,3.375,3.375,24,6,3.40625,8.625,3.4083897468197355,3.4086612741147317,3.4099161296507794,3.4620025206352483,3.3143357664008386,3.352872835967283,3.5102061205229322,3.8853805770057326,0.60498046875,2.49609375,2.498046875,2.072265625,0.6171832062087379,0.5051789090837556,5.50434055893928,2.258255396657696,0.41026810977205885,0.09195080317744697,0.05149849988376384,0.00296994664708361,0.0014108149703519549,0.9346906587201094,0.44945408363357725,0.9454856237317415,0.452331808897289,5.452124788890728,2.257954069976417,0.4141420377202725,0.097542924157068,0.053429071286288876,0.0026090072976252543,0.00126130840454449,0.9253766732260775,0.4462838231308184,0.9318413174286091,0.4479881217242484,6,5,2.302734375,8.265625,2.3019280963044926,2.302219559166226,2.3029160112552263,2.36036319573252,2.2913119909574737,2.3327291426430015,2.4280389780916267,2.9161710520390294,0.7216796875,2.2890625,2.279296875,0.6488906320515577,0.5189188639484266,2.2603898473081707,0.41065588567865824,0.09258205833693633,0.13544381652924734,0.0016310820698217654,0.0016259283007981806,0.9351003434986964,0.9564723845294426,0.9457350355224161,0.9569407721136042,5.452124788890728,2.2595694769096974,0.41443832714794154,0.09830097177626307,0.13628224033675182,0.0011811364373635058,0.0012250616664998912,0.9256218011879964,0.9550679465139374,0.9321638355881712,0.9553692110991799,
61,test,0.46139150857925415,63.65625,63.65625,1.22265625,3.375,3.375,26,6,3.412109375,8.625,3.416235616776341,3.416507277442527,3.4177711203405323,3.469838437259163,3.2333528204643547,3.272128508094715,3.4280014659682543,3.8087797337265576,0.6044921875,2.474609375,2.490234375,2.078125,0.6147045643332886,0.5046504000929243,5.50434055893928,2.259330726032144,0.41046347002692196,0.09235699430972133,0.05165252893275146,0.003453538831087677,0.001638559304483201,0.9347886843259472,0.4489529799813315,0.9452978216768999,0.45169318213740883,5.460872849587497,2.258193166674549,0.41352238531705204,0.10828804839211781,0.06001409208632768,0.00275489559049813,0.0013373291031650617,0.9360008025560003,0.45012436826680685,0.9296871106579161,0.4484516067406237,7,5,2.306640625,8.265625,2.302822970950318,2.3031141607457855,2.303811291671368,2.361250127275781,2.2913119909574737,2.3327291426430015,2.4280389780916267,2.9161710520390294,0.720703125,2.265625,2.271484375,0.6482150975923064,0.5190673765401674,2.26080051231554,0.41073049316396404,0.09250724028706614,0.13402677957562278,0.0017672075812908972,0.0017499903124320924,0.9351004032407886,0.9499923629145738,0.9457350952645109,0.9505268732974109,5.460872849587497,2.2604538978721633,0.41393637246890175,0.10880917785015409,0.15404162516699818,0.001290219917819968,0.0013412080950981787,0.9364402245345254,0.9541754169624508,0.9301177892197705,0.9538782928264927,
62,test,0.4561383128166199,63.875,64.375,1.21875,3.375,3.375,25,7,3.41015625,8.625,3.4122054282945387,3.4124765958974668,3.413729360898135,3.465762733640986,3.4621675708889907,3.500284253590258,3.6742399210324503,4.025398146829816,0.60498046875,2.474609375,2.490234375,2.07421875,0.624193120268859,0.5085497853730617,5.50434055893928,2.2586025405539396,0.41033117707186095,0.09207497232804851,0.05149371294523086,0.003232527988611622,0.0015336714035471951,0.9346409897279155,0.4488738977998932,0.9451115246712405,0.4515960072043083,5.487427945980936,2.2360530792765925,0.4074865494888743,0.1126488801125145,0.06120829422813615,0.007771198791209244,0.00363232274012848,0.9447813755063832,0.44400535858235135,0.9342274971273419,0.43879063111083555,8,6,2.3046875,8.265625,2.305029602132683,2.3053208320321796,2.3060170510223967,2.3634446859249034,2.2769196828856506,2.318372123825269,2.4129234352849944,2.902479905159555,0.72119140625,2.265625,2.271484375,0.6485741514623498,0.5190557217405952,2.2600367476423457,0.41059173636557633,0.09216632194167396,0.13464823133438994,0.0015069615027840655,0.0015007768348208952,0.9351004549758732,0.9555427335619817,0.9457351469995929,0.9560206648067922,5.487427945980936,2.2391414622781403,0.40804936015936516,0.11311184057064505,0.15654715207072162,0.00601601561016718,0.005888931001223563,0.9452346880773561,0.9358905715633448,0.9344401454750564,0.9240719013807037,
63,test,0.4762890934944153,64.8125,65.0625,1.21484375,3.375,3.375,27,6,3.431640625,8.625,3.4270502219196852,3.4273212328555447,3.4285761601818443,3.4805380193650226,3.3142802834537837,3.3527916156557507,3.511966041788992,3.8849945110582778,0.60205078125,2.47265625,2.4921875,2.09765625,0.6169574983771506,0.5035912179454174,5.50434055893928,2.25911915756215,0.41042503336630326,0.0944346783614094,0.05218967376394661,0.005127155750985324,0.0024081608411361567,0.9347807426914914,0.44438032816939854,0.9452922148479397,0.44711688969798874,5.458688254205995,2.2238366067830415,0.40739395679347407,0.10946733511843121,0.059017280593390904,0.007288512969134686,0.0034200734115999052,0.9268535244087817,0.43451515736376034,0.9267271562321948,0.43445088528199155,9,5,2.330078125,8.265625,2.3297336833931674,2.330024747230623,2.330728881484952,2.3880746479484833,2.3053597098562597,2.346720474574542,2.4418457626597267,2.929278338277685,0.71826171875,2.265625,2.2734375,0.6404885959666603,0.5141014388008999,2.2614174895582844,0.410842582384487,0.09467516952815735,0.13336740525060609,0.004028201276304877,0.0039127506362356835,0.9351004036213189,0.9313824237851078,0.9457350956450385,0.932101631029002,5.458688254205995,2.2261726817721335,0.40782191217035274,0.10979400892573032,0.1465197718447158,0.005976845480028636,0.0058276055753261015,0.9273116046220542,0.9024168023424611,0.9273363001863721,0.9024191474623012,
64,test,0.4552712142467499,66.0,66.6875,1.2099609375,3.375,3.375,27,6,3.423828125,8.625,3.4266885508845704,3.426959095911525,3.428214383767624,3.4801148883655753,3.395616724488468,3.4339147706454765,3.604112736111162,3.962271792194465,0.60302734375,2.494140625,2.505859375,2.08984375,0.6174481528912901,0.5051273735005638,5.50434055893928,2.2626442048594977,0.4110654456481383,0.09408533980940526,0.05235799333867925,0.004999252401090892,0.002361941334788767,0.9347005738775902,0.4469961044430058,0.9451993853218301,0.44972966778867113,5.473184045311456,2.2423153251868735,0.4096911974132733,0.09008553393857621,0.04902028953797459,0.007818831864758735,0.0036718308408091958,0.9389598759270248,0.4415097672979626,0.9410588489107612,0.4420132913428429,9,5,2.3203125,8.265625,2.3183222313613268,2.318613182226969,2.319313599085681,2.3766565409456626,2.3243816475577126,2.365674476923085,2.4614976069635732,2.9471303030867526,0.71923828125,2.287109375,2.2890625,0.6475149724755012,0.5185649877138836,2.264448684247508,0.41139327408983595,0.09479356661291938,0.1359897671115449,0.003945388564927654,0.0038806291699776366,0.935100329278475,0.9434275258085567,0.9457350213021929,0.9440280707693006,5.473184045311456,2.245217625902606,0.41022147388336916,0.09025921173792373,0.12441286489313128,0.006901368683961628,0.006784861694255071,0.9393506701317733,0.9259565567342745,0.9416766798147238,0.926125938383586,
65,test,0.4684474766254425,63.4375,64.375,1.2060546875,3.375,3.375,27,6,3.427734375,8.625,3.428878227697735,3.4291496726744057,3.430418767301401,3.4824189509578547,3.444826873910351,3.483030839452337,3.659555634108906,4.009431712472488,0.6025390625,2.5,2.505859375,2.150390625,0.6195233159492995,0.5058116312914207,5.50434055893928,2.2579326226583802,0.4102094698685391,0.09558106876054229,0.05297953653054146,0.005694619868142681,0.002681415001042167,0.9347671302239231,0.4455044600372242,0.9450969804957641,0.44815615672798337,5.466260279914707,2.2210460929968825,0.40631912482431937,0.11071821220925582,0.05936737521399035,0.009244212599544,0.004313486214846059,0.9315887643204528,0.432944067356564,0.9326230985678201,0.4322456675550786,7,5,2.326171875,8.265625,2.322863378397712,2.3231547629523206,2.323864388473011,2.381272672922523,2.32288661214636,2.364205650843664,2.4609685368470564,2.9459759649865807,0.71875,2.294921875,2.2890625,0.6486658592123709,0.5194065519036921,2.2600962588778177,0.41060254805770086,0.09623997415513852,0.13619675026261277,0.004298466466902795,0.004188524027791659,0.9351004662626288,0.9344144665925735,0.9457351582863485,0.9351041081165582,5.466260279914707,2.223002194184858,0.4066769748145884,0.11114967217217231,0.14649117235982528,0.008510156860386253,0.008207507437044447,0.9319892754455656,0.8914008504867815,0.9333168588869096,0.8876871441833424,
66,test,0.4512369930744171,66.1875,66.1875,1.2021484375,3.375,3.375,31,6,3.4609375,8.625,3.452011672687184,3.4522825303626243,3.453551084324034,3.5054067790293058,3.418943227886657,3.457163677109361,3.6311135816753626,3.9842362640324867,0.5986328125,2.48046875,2.5,2.140625,0.6143770406233129,0.5033765203974636,5.50434055893928,2.25704459014458,0.41004813673438956,0.09695249149642748,0.05262628902064578,0.005632181201966624,0.002605191979184077,0.9346927249577011,0.43751010861399076,0.9448553084202995,0.44007635541327195,5.480550485535842,2.252257255837637,0.41095456775405115,0.09835161814254789,0.05297099224535444,0.004278341339945868,0.001990327867252803,0.9489461046728271,0.43902044374206345,0.9496346223578866,0.43909995533424817,8,5,2.36328125,8.265625,2.3636925751420246,2.3639831971171086,2.3647050848403754,2.4219057204720937,2.378508250153002,2.4196493987763272,2.518540282656583,2.9984225328814222,0.71435546875,2.271484375,2.28125,0.641887187667161,0.5152789919040899,2.2584423680504475,0.4103020777634557,0.09717659307215065,0.13055811434730236,0.004391838989930008,0.0041278984578952,0.9351004044619229,0.9004976226061017,0.9457350964856426,0.9015063124329014,5.480550485535842,2.254182068216655,0.4113057756088274,0.09877404873284057,0.1311663270293778,0.0030028119241229945,0.0028710226449890743,0.9494958020172293,0.897574840619074,0.9506492804418638,0.8976667895860652,
67,test,0.4572806656360626,64.5625,64.8125,1.1982421875,3.375,3.375,24,6,3.423828125,8.625,3.4199776217730937,3.420249876257945,3.42151350935936,3.473630734349614,3.3990929104739958,3.4373807355405375,3.6058086082100784,3.9655450835726396,0.603515625,2.48046875,2.494140625,2.0859375,0.62250456988262,0.5070063232116672,5.50434055893928,2.2532233604887844,0.40935391558021517,0.09488749340770042,0.05222027571397941,0.005602072388745327,0.0026218508146408606,0.9348495341573999,0.4428108964052892,0.945277258645528,0.4455060380638991,5.470535163710865,2.250982696497978,0.4114739470883967,0.10378304716703912,0.056947786363466396,0.004966375730137251,0.0023655278662800556,0.9383623684257572,0.44522219777075217,0.9372743174640741,0.44484279993706366,6,5,2.318359375,8.265625,2.3220625131649855,2.3223541353543293,2.323061346521905,2.3804930941986364,2.279311664510766,2.3207585525746244,2.415736407143277,2.9047615156481936,0.71923828125,2.271484375,2.275390625,0.64465765050883,0.5164262070565172,2.2555498352787455,0.4097765774349914,0.09518604533317454,0.1351864310491954,0.00391088367414838,0.003820217106178649,0.9351005428921368,0.9367688894422738,0.9457352349158565,0.9374354314441303,5.470535163710865,2.252984683293047,0.4118399052140933,0.10427971816558745,0.14490297649910008,0.003659429874876885,0.003671522935725669,0.9387094257077502,0.9341737254121589,0.9380610577748207,0.9341312245650466,
68,test,0.44936415553092957,66.6875,66.6875,1.193359375,3.375,3.375,23,6,3.45703125,8.625,3.4543028343766258,3.454574031724372,3.4558482845039116,3.50776868586734,3.4928509138416515,3.530891503672496,3.7068510719108496,4.054569679137428,0.599609375,2.474609375,2.4921875,2.1640625,0.6089219701236501,0.5007795264954374,5.50434055893928,2.255476130941802,0.40976318721391874,0.0954778408192718,0.05184066085085678,0.006357508257974764,0.00294141196470951,0.9346289900838434,0.4375881288537138,0.9447799518058471,0.4401492043595756,5.47282985854332,2.2525280045256824,0.4115837807399385,0.10015832273831737,0.05375289209769127,0.004761808415970847,0.0022234350904528142,0.946598329011211,0.4401011546049057,0.9424769887341684,0.43895787791663193,6,5,2.35546875,8.265625,2.351712961365803,2.3520042595754256,2.352719687099719,2.410048431994863,2.357662090256628,2.398874050643681,2.496094203104502,2.978803754575712,0.71484375,2.265625,2.2734375,0.6446409562441877,0.5164908633824122,2.2573893442897703,0.4101107698766341,0.09526513854644492,0.12871942151405197,0.005267953466972841,0.004971066117903715,0.9351004958372116,0.9041699778625051,0.9457120486300976,0.9051232149775496,5.47282985854332,2.2537927981301005,0.41181488487383433,0.10060509635955306,0.13245471884149695,0.003791112768075422,0.003652754409401182,0.9470451614474413,0.9044465579928028,0.9432582239456613,0.9040997251541922,
69,test,0.4674346446990967,63.4375,63.875,1.189453125,3.375,3.375,27,6,3.560546875,8.625,3.5531874590753585,3.5534583650259886,3.5547901386248792,3.606371734349292,3.480240502131387,3.5183040999440527,3.6869643196989665,4.042417562675851,0.58740234375,2.494140625,2.51953125,2.287109375,0.5938119258410474,0.49022872760508757,5.50434055893928,2.273184672313629,0.4129803830218829,0.09812075958824895,0.05071060117695054,0.01133980040792082,0.005029762326470418,0.9346711380377384,0.41931841039862605,0.9450414867160513,0.4219576627185821,5.48192738330917,2.2397257150691527,0.4085653746323689,0.11211929567098267,0.05682605156721513,0.014266061244187611,0.006289110725770977,0.944578992394911,0.41586142867641224,0.9408953843464811,0.4145200327043352,7,5,2.47265625,8.265625,2.472009622006124,2.472299389917855,2.473068803096307,2.5299204600831864,2.470095541235528,2.511041333216624,2.6148983228598697,3.085946992587649,0.70068359375,2.2890625,2.302734375,0.6124649441112218,0.4972939140901381,2.2760603177193874,0.4135028153414254,0.09860692187100462,0.11745712421865832,0.011322325949360668,0.00976788372034742,0.9351004644890093,0.8248772822630999,0.9456888699897519,0.8264644146851371,5.48192738330917,2.241963266575148,0.4089735433930146,0.1116693450454811,0.12644537000021006,0.013877480023447575,0.01177562872916081,0.944729056036163,0.7996035647416677,0.9420874001687984,0.7984058144506372,
70,test,0.5066693425178528,65.0625,65.75,1.185546875,3.375,3.375,34,6,3.61328125,8.625,3.6220867623178985,3.622355610643666,3.623752459503394,3.6748668593297356,3.382190746152386,3.4204922568077847,3.5813117750600556,3.9490956264547545,0.5810546875,2.533203125,2.576171875,2.54296875,0.6032478490637686,0.49905440257342254,5.50434055893928,2.2946970718182356,0.4168886440159578,0.10526609533444464,0.053620166143383226,0.013087792216426308,0.005733206477729854,0.9346176547682745,0.41404419092445377,0.942564618747598,0.4156067349231386,5.493343800841471,2.22925411656043,0.4058100489211967,0.11168216744473725,0.055130892554797244,0.013064117136072362,0.005623378521586173,0.9545148135896202,0.40862232303392715,0.9063022777106742,0.3894145295525656,9,5,2.53515625,8.265625,2.536161244422248,2.536449290619087,2.53726686758879,2.5937173923894723,2.488106303580169,2.5289639231361485,2.6350406226613843,3.1025658384495793,0.693359375,2.33203125,2.369140625,0.6390727046805029,0.5163906623870625,2.302180581564765,0.41824820919300265,0.10672479385005751,0.12267335981964736,0.01115690920159107,0.00937858423949801,0.9351003124599853,0.8032810135432976,0.945549681005394,0.8049041209422813,5.493343800841471,2.2335216823880595,0.4065869101522334,0.11179370301095659,0.11851152966348834,0.01271729146352829,0.010249841275740908,0.9549281255009214,0.7618177966794432,0.908018686061693,0.7293920517792777,
71,test,0.41161391139030457,68.75,69.6875,1.181640625,3.375,3.375,32,6,3.728515625,8.625,3.7129689703409325,3.7132364333935284,3.7147438569699065,3.765394401910921,3.6741426838598934,3.711637314119773,3.909215355665176,4.225912224591264,0.56787109375,2.521484375,2.529296875,2.54296875,0.6127696974038256,0.5057939521876555,5.50434055893928,2.4537382855833214,0.445782425580181,0.1439390087657939,0.07516540005630684,0.007843257981956953,0.0035099354301441027,0.9346434347744017,0.42309321615441625,0.9238067468809099,0.4161841262915589,5.477321819257153,2.4150824356175176,0.44092396162054553,0.1400894590475179,0.07188879925157561,0.014380917898922263,0.006386849067550415,0.934473214691951,0.4167265924121955,0.8987122957831062,0.40123670811357187,10,5,2.669921875,8.265625,2.669793387481641,2.6700798423578824,2.671010417338411,2.726882970454486,2.682768043059206,2.7231896500805974,2.849855978422725,3.288381427118245,0.67724609375,2.322265625,2.318359375,0.647047836796289,0.5244788045148585,2.487638704028972,0.4519412775048852,0.1464149456069741,0.17809241432770695,0.006173914518807777,0.005407399749848116,0.9351001011524831,0.8377243242539885,0.9447541718240755,0.8383855614905925,5.477321819257153,2.4480513001058033,0.4469431194455201,0.1410749042360857,0.16305602778974032,0.013360121861615504,0.01143707600254698,0.9348801123619532,0.8066888691172651,0.9196026726004956,0.795261333524722,
72,test,0.42391544580459595,68.0625,69.0,1.177734375,3.375,3.375,27,6,3.705078125,8.625,3.7051259867998896,3.705393218914162,3.7068958108518593,3.7575561457490054,3.605045305621606,3.6428181695205084,3.8354424341635003,4.161443391499995,0.5703125,2.474609375,2.5,2.40625,0.6099489522887442,0.502995361948187,5.50434055893928,2.462310693099969,0.4473398160477322,0.1454744625543949,0.07708695951862729,0.00752858360467723,0.0034115829345557776,0.9348938815029815,0.42860345527397503,0.9230978704132724,0.4211422819158193,5.480883590953222,2.384679695536574,0.4350903747477396,0.14174889389585488,0.07306968251895524,0.017039519028045902,0.0075864261245495185,0.9360150494361168,0.4166705142948535,0.8807987497053489,0.3913416115272027,9,5,2.640625,8.265625,2.643995239869671,2.6442815639401585,2.645199292580093,2.701121854615024,2.648658418920483,2.6891598016392106,2.8133674055160265,3.2558576019562597,0.6806640625,2.267578125,2.283203125,0.6462515197296127,0.5236650789876826,2.4936052371064745,0.45302524624076085,0.14704109441672308,0.18628928590238308,0.006051027935934705,0.005456588362045315,0.9351000971129171,0.8630960476076532,0.9450783780815044,0.8638268304887072,5.480883590953222,2.4105435687314176,0.4398092987616586,0.14224073942971138,0.1646385515899337,0.01640816039284143,0.014022902950624534,0.9363269515626689,0.7999649007563269,0.8963113149304309,0.7629736756903183,
73,test,0.4364340901374817,67.5625,68.3125,1.173828125,3.375,3.375,30,7,3.669921875,8.625,3.663422565735006,3.6636912882237804,3.6651779414500103,3.716116520713571,3.558077881539178,3.5959407326686033,3.782229338131442,4.116444528084071,0.57470703125,2.486328125,2.505859375,2.470703125,0.6147010500310236,0.5069641221617097,5.50434055893928,2.4713223964653253,0.4489770155031186,0.15166544691679462,0.0822840673694391,0.006676743751826031,0.0030870586656752516,0.934603508956938,0.4372819000439856,0.924387204574284,0.4303605311290794,5.491207325616584,2.4331479395753193,0.44309890253544776,0.16844862832950902,0.08936039574549523,0.013604925927055866,0.006189688145191959,0.951842886400585,0.4336361251872382,0.9066870963081692,0.4116553150166947,10,6,2.599609375,8.265625,2.600561213451465,2.6008486984485293,2.601755865256129,2.6579277389908,2.5780966984775437,2.618791670841289,2.740379336221295,3.1889627429784126,0.685546875,2.279296875,2.2890625,0.6477981337493136,0.5246019147946188,2.502278084502655,0.45460088410388244,0.15297382258960024,0.20766950733812667,0.0069348563860227586,0.006565573192222459,0.9351003649570933,0.907220566187954,0.9449979660565742,0.9074602416271021,5.491207325616584,2.461796410331342,0.4483160558966725,0.17082101943322314,0.21833076131536355,0.013095238112524221,0.011955341152749602,0.9521698706508532,0.8716509295962174,0.9261203025264271,0.8420132847163434,
74,test,0.419676810503006,68.3125,68.5,1.169921875,3.375,3.375,29,7,3.70703125,8.625,3.7018795569784353,3.7021457407607947,3.7036405067585867,3.7542010503045686,3.7177095284090598,3.755142699607365,3.9523309346775144,4.2678973440853705,0.5703125,2.486328125,2.501953125,2.39453125,0.6090565863855699,0.5047395074747283,5.50434055893928,2.471893766345574,0.44908081901493446,0.14669053782935126,0.0783659513090572,0.018299104126281662,0.008350075688183934,0.9346792323604562,0.43152832601500235,0.9209707716822848,0.4231218404194069,5.4943467774575225,2.4431909264162024,0.4446735936727268,0.1549570016896391,0.08073085366836627,0.012636226458095479,0.005718951122273811,0.9411279044523893,0.42770206921828563,0.9218676228980183,0.4180267447712358,10,6,2.64453125,8.265625,2.642073088343162,2.6423590635463445,2.643276694582804,2.6991704822543894,2.625861616588589,2.6664184965527107,2.7898456009767227,3.234163594047881,0.68017578125,2.279296875,2.28515625,0.643861400245821,0.5235078615154414,2.507760898309943,0.45559697323546494,0.1479702943743515,0.19038235817394797,0.017607332119774277,0.01605262254729414,0.9351000154004137,0.8728351832155066,0.9426194532899412,0.8712058461214588,5.4943467774575225,2.4773069803159027,0.45088289484746763,0.15871831922265578,0.19205371359035478,0.013167700723232478,0.011793360193047955,0.9414904498780858,0.8501587580120022,0.9435014455400541,0.8482557843876207,
75,test,0.42279985547065735,68.75,69.9375,1.166015625,3.375,3.375,27,6,3.724609375,8.625,3.7169924741913998,3.717257700131268,3.7187517315703844,3.769180708429421,3.6343871485849575,3.672068012005221,3.8667686090418147,4.189136810604476,0.568359375,2.48828125,2.517578125,2.494140625,0.6079756423881322,0.5039742479278119,5.50434055893928,2.4617264274510138,0.44723366969964584,0.1426482009558141,0.07495053921059443,0.012204628896330227,0.00549051947328801,0.934722702670812,0.4253883631451135,0.925627158990336,0.4192200767382566,5.485048601031396,2.4254433943615847,0.4421917781923591,0.17024091552011544,0.08723029999620287,0.02558352569856659,0.011311212340872914,0.9356207924873328,0.41781846145429785,0.9005502737441926,0.4005464173792709,9,5,2.666015625,8.265625,2.665343397533009,2.665629503551012,2.666556135417563,2.722381400947828,2.7051813439115957,2.7455019779842766,2.8714770226730653,3.309148708741586,0.677734375,2.28125,2.302734375,0.6472087517298991,0.5249090464209215,2.4947282226527685,0.4532292644213711,0.14478133012051408,0.1790117964369098,0.01090829897905099,0.00966700833613176,0.9351000451985358,0.8478631243676658,0.9452349120701946,0.848867236209508,5.485048601031396,2.4556325823298693,0.4476956834745489,0.17224455328785382,0.2013316410016621,0.02546434630740535,0.021844960757619936,0.936043677715034,0.818791603802528,0.9185847856281555,0.7972400800544206,
76,test,0.426586389541626,69.0,69.4375,1.162109375,3.375,3.375,44,9,4.00390625,8.625,3.996560377677712,3.99680165555858,3.99823167617582,4.045230790560832,3.682930138955819,3.7202645122065006,3.9053354899321713,4.2325962586768755,0.5361328125,2.58203125,2.71484375,2.83984375,0.6081684035760219,0.5019408992296053,5.50434055893928,2.4882684866800187,0.4520556931454698,0.15788186609763866,0.07326084260565041,0.01138211473301265,0.004599412678609902,0.9346605083381023,0.3816230594160533,0.9299769227120906,0.3780691096721629,5.460655717805354,2.4201410947391353,0.4431960591926484,0.15587122737122971,0.07011946952325905,0.031301759326427536,0.012413394829848748,0.9198847471260416,0.368048855736733,0.8998292762588074,0.358804046943382,22,8,2.970703125,8.265625,2.9727929538841726,2.973060691715048,2.9739842149613738,3.0269307198154682,2.9272436678970353,2.966779117710522,3.095408369859001,3.517588955450774,0.640625,2.38671875,2.521484375,0.6367445212046087,0.5173765544643086,2.5198830241643377,0.4577992580913152,0.16156326620128336,0.14841965656015993,0.009243828474772009,0.006564375414715075,0.9350968289369472,0.6763002432028173,0.9454485459056663,0.678567861340686,5.460655717805354,2.446207189640699,0.44796949598277064,0.16121589350820642,0.1388280292358386,0.028899963933413986,0.019795351580808494,0.9203451135826075,0.6401592880861966,0.9107644083854023,0.6297709771785486,
77,test,0.4272390902042389,69.9375,70.125,1.158203125,3.375,3.375,40,9,3.91796875,8.625,3.9125316717497443,3.912783109901863,3.914248413837705,3.962569690736393,3.8468970891547545,3.8838322730878434,4.079116993201286,4.388630568901091,0.5458984375,2.654296875,2.708984375,2.638671875,0.604845028773372,0.5022859828680888,5.50434055893928,2.4865720881186375,0.4517475002669194,0.16093301675493787,0.07744893540971934,0.009258642426039465,0.00386171292098542,0.9348557705509553,0.3941160249835427,0.9282029645274221,0.38956477607721196,5.485491043293008,2.46366755079182,0.4491243411661557,0.17710880048713484,0.08447707986431088,0.011937601081801752,0.0049695435299198214,0.9393866662158965,0.39258207169544457,0.922989005649467,0.3847592691337581,16,8,2.87109375,8.265625,2.868142120047541,2.8684183343087826,2.8693511696891076,2.9235232813117813,2.883574997697938,2.9232599226230214,3.050449775628158,3.4765306152361104,0.65283203125,2.46484375,2.513671875,0.6492524283695349,0.5252787637203293,2.512694222256002,0.4564932339034294,0.16348558413554937,0.1642673481859516,0.006364677935946972,0.004840556956192848,0.9350982975360989,0.7252480473990162,0.9442176336153763,0.7263300192632741,5.485491043293008,2.4892344871385106,0.45378517027788134,0.17969850700192502,0.17479514339047547,0.010490830061875123,0.007866114618669666,0.9399577988563808,0.7097429338307831,0.9376919918722999,0.7048215868089254,
78,test,0.4115951955318451,69.4375,69.0,1.154296875,3.375,3.375,53,9,4.04296875,8.625,4.050609534246497,4.050851136382592,4.052298369676784,4.099108118281104,3.8874779695565347,3.9242062203982337,4.126171803366545,4.425999513258755,0.53125,2.76953125,2.8203125,2.779296875,0.5989718622222342,0.4967172305460103,5.50434055893928,2.4986958196041718,0.45395007682549454,0.16490697445554403,0.07564743643908399,0.012010468529887852,0.004805023027288934,0.9347156225593611,0.3778081298144792,0.9340607853980778,0.37592752372671784,5.471003613522058,2.473571359426461,0.4521238760129523,0.16752870373300066,0.0769702267914248,0.019769696921323465,0.007869195875283709,0.9347029216651075,0.37390355360601724,0.9155250668121759,0.36488512328620154,27,8,3.00390625,8.265625,2.9998344520746674,3.000103201156935,3.001030091197932,3.0539980039673593,2.9565505502453613,2.9959673076094453,3.124469023214644,3.544897983152042,0.63671875,2.59375,2.638671875,0.6342710260030521,0.515552140646818,2.5196015151321665,0.4577481149926721,0.16614641211850145,0.14783399260223667,0.009572451650488922,0.006631438973508315,0.9350968340146357,0.6594571524027576,0.9441758153181965,0.6609032092552907,5.471003613522058,2.492920964105884,0.4556606319806506,0.17043200512381684,0.15270532782712037,0.017347492466345926,0.011948670711282654,0.9350119963084342,0.6495861287595331,0.9255448083321225,0.6389132019865218,
79,test,0.4278622567653656,68.3125,69.0,1.150390625,3.375,3.375,52,9,4.21875,8.625,4.226248483930261,4.226475379449474,4.227855765569503,4.272407368487972,4.04172203617259,4.077714196253568,4.274385240808087,4.568498381627677,0.5107421875,2.86328125,2.873046875,3.0859375,0.5856241710580148,0.48707209719074246,5.50434055893928,2.5327946589713584,0.4601449768325097,0.17522064021033756,0.07541424687092399,0.011709219092249867,0.004430165151784209,0.9347115578863114,0.357094296474782,0.9392454356658675,0.3573744481703909,5.465781198111828,2.4814215994633795,0.45399212107513465,0.166997960964415,0.07047683979583227,0.020193101000284486,0.007553321939166089,0.9312643784091419,0.34870454432295556,0.9366887295315163,0.34930493186062106,33,8,3.189453125,8.265625,3.18247105275346,3.1827273795312356,3.1836262405311473,3.234614446840699,3.0768651305563828,3.1157453036426515,3.244154106821854,3.6565304950299566,0.6142578125,2.69921875,2.69921875,0.6138375745731042,0.5010994109312862,2.549909588230999,0.4632543282754987,0.1765318225548862,0.13819181311183623,0.010068855724274961,0.006304602121652852,0.9350939892067904,0.595014741890254,0.9440300989678692,0.5966632948071287,5.465781198111828,2.4898686328024198,0.4555375604245836,0.16870011632371984,0.12749759967565075,0.016329863121965715,0.010036633894106724,0.9316795734824206,0.5736023099827665,0.9415767153047456,0.5758177553274706,
80,test,0.4250945448875427,66.875,68.75,1.146484375,3.375,3.375,55,8,4.1328125,8.625,4.1218365794648975,4.122069167041947,4.1234511384356916,4.168988897024111,3.982081511021449,4.018332819895532,4.214059025870144,4.513106650509899,0.52099609375,2.837890625,2.8359375,2.8828125,0.5814081368492828,0.485230762125355,5.50434055893928,2.5475166752928953,0.46281959628308633,0.1779618816934132,0.0801982292758562,0.015861871497374835,0.006248154709945532,0.9347386168156984,0.3719417473844293,0.9393256550605589,0.37219198936347714,5.445392901520358,2.4888437998570287,0.45705495358510156,0.1718454298325165,0.07516093471698393,0.019980177245679798,0.007790988838936771,0.9036993894947489,0.3555554750596559,0.9092226617784922,0.35597273409823993,29,8,3.087890625,8.265625,3.090015545453477,3.090277453120802,3.0911855305641134,3.14304862337071,3.027649563591475,3.0668237807207124,3.195996837013861,3.6117180277281573,0.62646484375,2.669921875,2.65625,0.6116265416289459,0.4998528934928726,2.5582799759787704,0.4647750168408487,0.18003196767541585,0.1533925719949179,0.013399356318211098,0.008973031690505597,0.9350956928590488,0.6370834570947357,0.9430406511702785,0.6378746933197791,5.445392901520358,2.4946385310235355,0.45811910658035904,0.17398423827948495,0.14090353984320161,0.017748936190034037,0.011731474607098084,0.9040344929681288,0.6067079586789811,0.913367372217917,0.6078571178165009,
81,test,0.3993373513221741,70.125,70.8125,1.142578125,3.375,3.375,47,9,4.0625,8.625,4.071284312673703,4.071522248685295,4.072943225259401,4.119232295611313,3.9275203216319863,3.963838804041704,4.152426702081344,4.460420303940724,0.52880859375,2.81640625,2.8203125,2.814453125,0.5673152919151375,0.4779978050872308,5.50434055893928,2.5455641663235156,0.4624648745959973,0.17284455791060704,0.08017628939368966,0.010276144748583071,0.004151255955753368,0.9347468299132746,0.38154279787377404,0.9408724499865819,0.3823832731702759,5.474333258207347,2.52879577404104,0.46193676102012327,0.17527278049217454,0.08059247620277321,0.01571480610848397,0.006367767396861422,0.9360363085985046,0.3800585506222553,0.9372870576391321,0.3796147284616279,29,8,3.009765625,8.265625,3.008164822090805,3.008431144364197,3.009348005037634,3.0619671556936656,2.963532421049397,3.002909529706542,3.1317886687612804,3.551272234491851,0.63623046875,2.646484375,2.640625,0.6069852460287479,0.49679093608218894,2.552852596695368,0.4637889987656066,0.17636876041899718,0.16145584058049076,0.00812640268231224,0.005755286677950283,0.9350965159378406,0.6744424710577945,0.9442414098677316,0.6758542487409692,5.474333258207347,2.53433823362531,0.4629492057002057,0.17730901092999307,0.15926860120544944,0.01328027641979812,0.00944318425211458,0.9363603299180445,0.6681882160421472,0.9408573183306492,0.6684521159368985,
82,test,0.4039172828197479,68.75,68.75,1.138671875,3.375,3.375,49,9,4.078125,8.625,4.072324811521429,4.072568407733595,4.0740148693210205,4.120893303211504,3.867476575109464,3.904232413094435,4.103759271109227,4.406726205423697,0.52734375,2.8203125,2.826171875,2.796875,0.581036664401118,0.48555638010436514,5.50434055893928,2.5673547682287747,0.4664236779570775,0.19277196139035802,0.08970510809041264,0.01237662331089151,0.005013669586735061,0.9347646842936319,0.38262057038544683,0.9434338062362828,0.38449532343800186,5.47452641450972,2.5401811063030975,0.46400015525919924,0.18303755713189496,0.08404152215020418,0.015968730142348342,0.006443074533250414,0.9179023720075206,0.3743391815471488,0.9329514388314202,0.37788981466911464,27,8,3.025390625,8.265625,3.025211179374124,3.0254800731457823,3.0264098639270096,3.079316283568718,2.955185880374592,2.994604334238412,3.1225370575571527,3.5435672920744086,0.6337890625,2.650390625,2.646484375,0.6187657424709349,0.5036241951296286,2.5793128268284193,0.4685961559263457,0.19631824689505706,0.18043060360628926,0.010226473412181747,0.00726478208629501,0.9350973523989019,0.6765466591194051,0.9457001684131194,0.6789934984188296,5.47452641450972,2.555575907018472,0.4668122342501001,0.18404579291692968,0.16393056497729316,0.014612775789101029,0.010267570156046754,0.9181637625559258,0.6573217419800714,0.9349482824408781,0.6613905374799841,
83,test,0.43588533997535706,69.9375,69.4375,1.134765625,3.375,3.375,40,9,3.935546875,8.625,3.9269689153850145,3.9272178599531906,3.928661456064882,3.9766016286730936,3.7541882551888457,3.79130321444798,3.976470125963955,4.299854623341206,0.5439453125,2.802734375,2.806640625,2.654296875,0.5714234461339393,0.4802718146227777,5.50434055893928,2.544275376243013,0.46223073390889724,0.16590761722304492,0.08176483566492238,0.023577483432453583,0.010038496531201164,0.9346481997249834,0.40231233948015294,0.9378190027776769,0.4018377260493092,5.480871669384777,2.5192647440269282,0.45964673066496253,0.19415506298987584,0.09433786087017618,0.02055951996310945,0.008738720896248477,0.9288068132479639,0.3947697205754971,0.9212718278381082,0.3913321859738497,18,8,2.86328125,8.265625,2.8623295578186303,2.862603465801039,2.863519487173938,2.9174094841287035,2.8045581708154526,2.8444574434130803,2.9703518779152382,3.4015934129705734,0.6533203125,2.630859375,2.623046875,0.6008729055211554,0.49372500910383416,2.5534286125894723,0.4638936463410857,0.16730993769018276,0.17533323878123144,0.02193544990056484,0.01721962224717963,0.9350984558857958,0.749068443591148,0.9423607174691471,0.7485093808233572,5.480871669384777,2.5259903442752356,0.4608738347925551,0.19439150979185094,0.19776957336421874,0.01828655756683606,0.014314003235607463,0.9291225694978511,0.7272295809896601,0.9245989808031805,0.7228896994531575,
84,test,0.4253025949001312,69.1875,69.9375,1.130859375,3.375,3.375,43,10,3.98828125,8.625,3.9828579113051203,3.98310788168373,3.984589334294696,4.032491963016566,3.915950711307954,3.9525458760824472,4.156086593834747,4.452367506245219,0.53759765625,2.810546875,2.81640625,2.71875,0.5654992197408895,0.4766576590570357,5.50434055893928,2.5773433394683543,0.46823834969343253,0.17976714730942867,0.08772787148615059,0.02907458601300572,0.012274132600649091,0.9347558295517384,0.39891373155749216,0.9428557640311048,0.40055255641925025,5.4766646487620445,2.5467953690857836,0.4650267146923933,0.19502313478984323,0.09337664742414677,0.020267590026412208,0.008487417717118438,0.9253303706659981,0.3881885911929285,0.9320121416844938,0.3911415162307779,18,9,2.919921875,8.265625,2.9187078472541725,2.9189834589924666,2.9199283057726455,2.973864644140788,2.902569512304807,2.9421860352848155,3.071467458969459,3.4943461952883603,0.646484375,2.640625,2.634765625,0.6043074500203317,0.49503249619599404,2.5854869147954385,0.4697178321563878,0.1822580811831278,0.18661283085799454,0.029274879863079306,0.022583620746864895,0.9350985771281684,0.7358501617479691,0.9449209595097425,0.7374084811042018,5.4766646487620445,2.552028085690081,0.4659821715150929,0.19657140777745408,0.19505495330534317,0.01805355088441729,0.013811200949149385,0.9255631693354864,0.7103735171201443,0.9338829598377485,0.7172616598436734,
85,test,0.42376095056533813,68.75,69.0,1.126953125,3.375,3.375,34,8,3.84375,8.625,3.8383490269961746,3.8386023963987044,3.840047797647251,3.888755746183983,3.753934856609781,3.7910760513355934,3.9842011006499507,4.29994201851903,0.5546875,2.833984375,2.794921875,2.654296875,0.5787044703789422,0.48364214097438246,5.50434055893928,2.5191540500698735,0.45766682186454866,0.1640192289453548,0.08349695241551419,0.019138750960379092,0.00837949648618287,0.9347027386070055,0.41386327139756646,0.9416812952503131,0.41499906500809647,5.459927229195602,2.5181834342643037,0.46121190421713765,0.17468802636511516,0.08943804639148253,0.015189905055775554,0.006746703065542429,0.9193576276500615,0.41077593613894997,0.9224826819859357,0.41082078451399673,13,8,2.76171875,8.265625,2.7611297771971826,2.761408749751899,2.762320893803117,2.8170480449441597,2.7445174853855763,2.7846737874318257,2.910102790684236,3.345759916327987,0.666015625,2.6640625,2.609375,0.6025013621342162,0.4952886095896111,2.5287619039043956,0.45941232684042055,0.1657304041523755,0.18884257202967045,0.019591698210167152,0.01636411611129577,0.9350993259070988,0.7980565947312958,0.9450372793641657,0.7992836940681274,5.459927229195602,2.524239067196333,0.4623210092798661,0.17541670175598334,0.2007325000976609,0.01382463033395176,0.011794095632299401,0.9196575406205749,0.7936221462818905,0.9263489858550029,0.7943496375939115,
86,test,0.3967736065387726,69.9375,69.9375,1.123046875,3.375,3.375,41,9,3.94921875,8.625,3.9452094431526348,3.9454606990190655,3.9469305981363405,3.995027243600304,3.985198292259908,4.021606952152779,4.234091450132499,4.518088317499284,0.54248046875,2.791015625,2.80078125,2.68359375,0.58201693197677,0.48450902231201065,5.50434055893928,2.5725552123089406,0.46736846762342915,0.18851190639494853,0.0931678015804265,0.014340140787358457,0.0061204633896634825,0.9345892793179562,0.40328052956606253,0.9429294065519915,0.4050207298279759,5.479903575015047,2.565038117533524,0.4680808854426751,0.19289234873306693,0.09534622144278194,0.01032244053250242,0.00445337104441941,0.9285475395991467,0.402051563517371,0.9352127556421914,0.4035025325549753,18,8,2.876953125,8.265625,2.8713004811225296,2.8715773474709976,2.8725128534259508,2.926701299505302,2.8279939046649147,2.8678162585967604,2.994646504141676,3.4236803385116015,0.65185546875,2.6171875,2.6171875,0.6040820599434673,0.4950992464417848,2.58164310771092,0.46901950925224334,0.19201186970683182,0.2051454072022515,0.013404638783225842,0.010675855304701732,0.9350990189774961,0.7601884887653679,0.945352183506273,0.7619364969529347,5.479903575015047,2.5714888770435045,0.46925805205184534,0.19712549250016576,0.20864473085915636,0.008327297407008771,0.006717669674753039,0.9290193585752924,0.7545384929216297,0.9367410061766073,0.7557682621552958,
87,test,0.4365990459918976,69.4375,70.625,1.119140625,3.375,3.375,40,9,3.869140625,8.625,3.8732039476681415,3.873457168919105,3.8749151923488276,3.923469741998146,3.8098339753878454,3.8469591295327454,4.062300496685957,4.354621026770536,0.55126953125,2.798828125,2.787109375,2.69921875,0.5736578600934329,0.4807468228781066,5.50434055893928,2.55636769933968,0.4644276043545365,0.17382228139733957,0.08905339355961624,0.017772165524734262,0.007823935613149476,0.9346028449320745,0.4161194486963036,0.9431389531982317,0.4179411048060897,5.461377824132148,2.5342738855285507,0.46403562748037214,0.17290021144874768,0.08749005006356482,0.015472778609257887,0.006811705753137101,0.9157751773287597,0.4057649728562907,0.9134139292468344,0.4029857321761048,16,8,2.787109375,8.265625,2.788895512057099,2.7891741809533808,2.7900902266562806,2.84469996575453,2.7553033985737048,2.795389494903776,2.92064552337751,3.3555107938777162,0.66259765625,2.626953125,2.6015625,0.6009356570061815,0.4937280125639974,2.5647318906509633,0.46594716718349327,0.17522619755160385,0.2025395076355432,0.015576610373723376,0.01314737448148421,0.9350994830391484,0.806638342089734,0.9452731368471694,0.8080019779587956,5.461377824132148,2.5400943837223346,0.46510138384831007,0.17508177276518921,0.19922489133909382,0.013650919893738234,0.01162684844911047,0.9160529921214824,0.7900420957129135,0.9158294212328206,0.7832926667349354,
88,test,0.4141002595424652,66.875,67.8125,1.115234375,3.375,3.375,32,9,3.865234375,8.625,3.8652416809836856,3.865496726812633,3.8669670175354396,3.915745630515023,3.7807796875119024,3.8179023163067813,4.017589330475111,4.326057573127077,0.55224609375,2.84375,2.80078125,2.578125,0.5802782445061908,0.4842062953527206,5.50434055893928,2.5409900343713185,0.4616338700636254,0.17318668593017428,0.08832174762216628,0.01451295910806838,0.006363979010303306,0.934640701872814,0.4144804468529217,0.9408084897653479,0.41525724454634855,5.463718193723846,2.5232832010049364,0.46182528299197845,0.16693474506518058,0.08367393587261605,0.012222298622806882,0.005383358315495903,0.9293731675964576,0.4108102833371171,0.9350199435881539,0.41158633997837185,15,8,2.78515625,8.265625,2.7839386531389625,2.784217402607849,2.785139545451269,2.839791604502452,2.7510695010829704,2.791211364017808,2.917817622412587,3.352024760784165,0.6630859375,2.677734375,2.6171875,0.6008501967590231,0.49414402564634013,2.5482028052823233,0.4629442488154072,0.1737168777099054,0.19828697791534208,0.013295067731580623,0.011118954166234346,0.9350992810791894,0.7990954170964186,0.944734086626215,0.8000580196669286,5.463718193723846,2.5311267324888846,0.4632608496163622,0.16795858617782322,0.1834854206443949,0.011770697317128764,0.009885517238013451,0.9297987691371148,0.7862263344281565,0.9383520733438111,0.787166196446821,
89,test,0.41146376729011536,71.75,71.75,1.111328125,3.375,3.375,39,9,3.8671875,8.625,3.869664282808163,3.8699183314355174,3.8713792924037715,3.9200488955501145,3.8500124617137326,3.8868566270891254,4.08934671935052,4.390657080218627,0.5517578125,2.828125,2.80859375,2.580078125,0.5721563709052478,0.47984216629900556,5.50434055893928,2.5467093267231413,0.46267292138877175,0.1867700754826549,0.09528277812029912,0.01582930357714929,0.00694331642308345,0.9346194831583237,0.4145988031727853,0.943078735451234,0.4163870081200759,5.465880337649416,2.5525844405250036,0.4670033522217089,0.20468076075613517,0.10461255472600373,0.014199764258872705,0.006291134867278326,0.9206120957934845,0.4117284111507321,0.9326767667693119,0.4144542185287672,19,8,2.78515625,8.265625,2.7819041054372584,2.7821828543550726,2.783098749285586,2.837755648806934,2.7059937563536636,2.7462004806105984,2.8695372063467532,3.3085981024996878,0.6630859375,2.658203125,2.625,0.6019994763281362,0.4942761864462984,2.5540037013706467,0.46399812548350367,0.1902301397512005,0.2189706861047436,0.014659711954984722,0.01233597298134632,0.9350995766583869,0.8041402891123246,0.9455897267289766,0.805792083472709,5.465880337649416,2.558897210650696,0.4681582933722148,0.2069292365027504,0.23845114062924663,0.013568821528462394,0.011613638118245666,0.9210557530880434,0.8028619294432837,0.9352851754059,0.8051560543418296,
90,test,0.4327068328857422,70.375,70.625,1.107421875,3.375,3.375,43,9,3.9140625,8.625,3.9118479353024806,3.9121011379245045,3.913577055272382,3.962009413142008,3.7661231076105306,3.803189859322941,3.9945723531134463,4.311011325225416,0.54638671875,2.84375,2.833984375,2.609375,0.5734304655716764,0.48089210202101473,5.50434055893928,2.5667689930248083,0.4663172573608782,0.16500090604800377,0.08279009854393375,0.043509466439887845,0.018813872903885656,0.9346039497727441,0.40863953578665474,0.9410968845114223,0.40957400786393816,5.468447234591621,2.5513903851724478,0.4665657865423261,0.19095474844615534,0.09486036988892314,0.032599188470740614,0.014073262855266479,0.9378838611259939,0.4073504294978697,0.9268075959252746,0.4038647441856098,21,8,2.83984375,8.265625,2.8409567446409922,2.8412341640619334,2.842168308036608,2.896517955914613,2.7935948939823225,2.8335660370823925,2.960917209094159,3.3916980771636798,0.65673828125,2.677734375,2.654296875,0.6004435647864413,0.493915631805781,2.579180003878027,0.46857202534267806,0.16699997097304387,0.18555790014678936,0.04342377446866941,0.0356045705643594,0.9350990220927811,0.7831010836345871,0.9448349897800208,0.7842697490729856,5.468447234591621,2.5589903855557057,0.46795557784088393,0.19240999329052233,0.2067630724866246,0.03387675524745504,0.027453579659363223,0.9382001286968311,0.7690323520350224,0.9293881966650002,0.7665558107764965,
91,test,0.4313441216945648,69.4375,69.6875,1.103515625,3.375,3.375,37,8,3.916015625,8.6328125,3.9174646366166113,3.9177176136694714,3.9191906079030336,3.967585831345074,3.702572279473043,3.7398169346141312,3.9262729002226022,4.250815337239882,0.54638671875,2.83203125,2.810546875,2.634765625,0.5739412015189883,0.4800718487316697,5.50434055893928,2.5444837981319153,0.46226859891500843,0.17983095499845625,0.08932084116825288,0.019774917990668328,0.008476399153230889,0.9348042759079673,0.40512920460697827,0.9424067587205984,0.4065502473597759,5.462608560105274,2.531619599746459,0.4634451785975436,0.200771852062398,0.09859493925378185,0.01455361570633329,0.006280401557045328,0.9171898051186451,0.3992341750221192,0.9279956814893611,0.4014074381994079,17,7,2.83984375,8.265625,2.8381648344479564,2.8384431850091265,2.8393737422352188,2.893804110132395,2.753626616317598,2.793718949024881,2.919187330810095,3.353957512937944,0.65673828125,2.6640625,2.62890625,0.5997698141223785,0.49216230631962876,2.551487346994021,0.4635409672917673,0.1813646473086319,0.1950315223026398,0.018779146208401265,0.015028743166596638,0.9350990297590256,0.7639487058865134,0.9447667243486233,0.7651987057068417,5.462608560105274,2.5397304740056765,0.46492997732876756,0.20145297122236894,0.21045110802359987,0.012823348682745817,0.010356277033218524,0.9176078166317811,0.7531948844925228,0.9312767876556229,0.755434877786475,
92,test,0.42576855421066284,70.125,70.375,1.1005859375,3.375,3.375,39,8,3.951171875,8.625,3.9444658819034575,3.944720696297653,3.946222472749442,3.9947526528952357,3.786010522255128,3.8230736638158134,4.018127822326953,4.330466716098632,0.5419921875,2.984375,2.83203125,2.66015625,0.580440735484202,0.4830682762246409,5.50434055893928,2.5973658541199884,0.4718759361467483,0.2132143196891798,0.10652920274291655,0.0360742282162505,0.015541951185452119,0.9347560615050119,0.4071996812622343,0.9422387700362025,0.408566543027057,5.4700113340146,2.5718173130412563,0.470166724710189,0.20277080232047684,0.10037131885259486,0.02989968631293305,0.012980425910834228,0.9279191951449857,0.4043954201185938,0.9335064516223763,0.40532649788567343,12,7,2.876953125,8.265625,2.879148190131058,2.8794263782496547,2.880378138126697,2.934735644281339,2.818608883553357,2.8585872485674937,2.9870860480566437,3.4163149373372033,0.65185546875,2.81640625,2.6484375,0.6028766316996768,0.49371471863649447,2.6094132524582614,0.4740646448956478,0.2146053413842992,0.23565792937426255,0.03581959410921076,0.029114791714720967,0.9350991538648632,0.7761616725454072,0.9453058389454654,0.7777680830151203,5.4700113340146,2.5815832946285577,0.4719520924162069,0.20446215773301368,0.21575056169476028,0.029602969364919574,0.02404954473481179,0.9282252282932095,0.7595599246013645,0.9362246674019099,0.7608055163901188,
93,test,0.41218113899230957,69.6875,69.9375,1.0966796875,3.375,3.375,40,9,3.87890625,8.625,3.872431398545949,3.8726900326292193,3.8741878307661337,3.9233873215755546,3.8409161921703454,3.877825177059173,4.078724568022446,4.382488916225513,0.55029296875,2.810546875,2.791015625,2.705078125,0.5681802148272209,0.4759513638647959,5.50434055893928,2.569826524375695,0.4668727337741101,0.20171925769340504,0.10361124897643219,0.022863054233626556,0.01008734065805608,0.9348157976807476,0.41714335655592755,0.9435162189059083,0.4190371989726487,5.462507406705947,2.571223832356707,0.47070395349948474,0.21206010877189918,0.10830030548917037,0.021638060616027133,0.009606126529321,0.9200021345063725,0.4118632670918262,0.9254545595938755,0.4128913562056315,13,8,2.796875,8.265625,2.796404670362229,2.796685734721378,2.7976286429808352,2.8525373144801636,2.768815101273812,2.8089381824814446,2.936480740291766,3.369216614099472,0.66162109375,2.640625,2.60546875,0.5998716656991648,0.49111198917498106,2.5784026749256634,0.4684308042565116,0.20327533392528974,0.23825287329226918,0.021498367672016627,0.01833056356013328,0.935099896043007,0.8150433123966371,0.9455607488068365,0.8165918598456371,5.462507406705947,2.577879650053037,0.47192240817620684,0.21483840151125477,0.24941475761490203,0.021157877680469284,0.018305476481699886,0.9202399556466956,0.8093207352543536,0.9276534436034103,0.8103930423971872,
94,test,0.430986613035202,70.375,70.8125,1.0927734375,3.375,3.375,35,8,3.8984375,8.625,3.8945647107784307,3.894820824952464,3.8963116946416663,3.945154759408554,3.8911261514681708,3.9278667842805,4.12970836644333,4.429713827304457,0.5478515625,2.830078125,2.81640625,2.673828125,0.5766201287641506,0.48158394158646545,5.50434055893928,2.5708539838079645,0.46705939726654266,0.18650144667952073,0.09452256909170466,0.023098313146221905,0.010074664235344243,0.9347445826342602,0.4122907983186826,0.9431196277235152,0.4140426656416198,5.453911394882969,2.5641489725246855,0.4701486303812069,0.19694226176041862,0.09898530957102494,0.022148108393228227,0.009737394059937652,0.9216808068146012,0.4078410117184645,0.920185957182504,0.407074434083058,13,7,2.8203125,8.265625,2.818324860932407,2.818604831056237,2.819545702717241,2.8742609265713246,2.7543497612894035,2.794461763417375,2.920506431013213,3.3548916018074824,0.6591796875,2.66015625,2.634765625,0.6024031357022573,0.4944506737721029,2.5798472000108315,0.468693238070281,0.19126028228755487,0.21710796062638177,0.023782450249923315,0.019809309051940577,0.9350993805865127,0.7957922536137565,0.9452850586748802,0.7972451405622026,5.453911394882969,2.5704905284303683,0.47131138412737755,0.20065740965290768,0.22376174333388713,0.02124371314608897,0.01797760525701643,0.9221434015809473,0.7901571483214671,0.9225031223375213,0.7900703384743333,
95,test,0.41202887892723083,72.0,72.0,1.0888671875,3.375,3.375,42,8,3.896484375,8.625,3.880532405151185,3.8807903565291713,3.8822756066544644,3.931364470450252,3.8539589983675477,3.8907864385706374,4.085845836167312,4.39427223884595,0.54833984375,2.833984375,2.82421875,2.658203125,0.5688532090164746,0.47761220230050216,5.50434055893928,2.574134328302241,0.4676553532142445,0.20305957608644132,0.10351318297248892,0.01974513763041763,0.008655204363282525,0.9347483447033698,0.4143779728159603,0.9437415699379477,0.41640162252516283,5.483400187378115,2.5702306311057823,0.4687293546478753,0.21947673689706537,0.1102796546529358,0.02196307416349974,0.009640768419922563,0.9351226740607723,0.41280259880814146,0.9313695720964938,0.4115565493001666,13,7,2.814453125,8.265625,2.8143392149752398,2.814620032363016,2.8155643740646528,2.8703985231263243,2.759044136690961,2.79921295661549,2.926497526420064,3.3601744713874075,0.65966796875,2.666015625,2.64453125,0.5981737581303155,0.4907507974261468,2.5816342940226895,0.4690179080271491,0.20470813443597358,0.23467308192862676,0.01939445589876243,0.01627139243893604,0.935099697254608,0.8016826942895339,0.9454441493457688,0.8032279085274917,5.483400187378115,2.578309127411555,0.47020261868655844,0.22218934830988513,0.24832731736121771,0.022920111612339866,0.0193793806560211,0.9353728842780633,0.7995571069868421,0.9328326567489746,0.7989296375260979,
96,test,0.4154866635799408,69.9375,69.9375,1.0849609375,3.375,3.375,33,8,3.955078125,8.625,3.9594722886422833,3.959727174930069,3.961241814178919,4.009730234184712,3.80610070075335,3.843090403174929,4.038072862093751,4.349278051351005,0.54150390625,2.84765625,2.822265625,2.708984375,0.5800717159884898,0.4825934660122663,5.50434055893928,2.559605011483496,0.4650157424083417,0.16705424537045666,0.08217199145390955,0.03883565864409988,0.016507501553184104,0.9346886778733721,0.4016554367724814,0.9433042786995562,0.40351370411081494,5.4660855379946005,2.5480044922726863,0.46614793613484123,0.18510732687642495,0.090281976741673,0.028060968166527367,0.011894970934579259,0.9297853462532402,0.3970854141266182,0.9271169671913198,0.39601814120013384,14,7,2.8828125,8.265625,2.8797298324485108,2.8800084873727294,2.8809730715116153,2.9353794209555337,2.7857380163163037,2.825776272708473,2.9541718683243237,3.3848140463402867,0.6513671875,2.6796875,2.640625,0.6004273609670174,0.4930522023220448,2.5646176510127843,0.46592641271945606,0.16834297719939517,0.17695088278179152,0.039406957548499655,0.031005220112961196,0.9350991200872443,0.7508042343673081,0.9455737201740781,0.7527865863002003,5.4660855379946005,2.5563191230375995,0.4676690668795247,0.1863726108333097,0.1933382556570255,0.027140301175275994,0.021324828866260137,0.9301947462965083,0.7410887214589654,0.929456922426608,0.740753241181689,
97,test,0.4204547703266144,69.6875,70.375,1.0810546875,3.375,3.375,43,8,4.00390625,8.625,3.9963977380384272,3.9966501812453017,3.9981566865126967,4.04628682120484,3.788843056084009,3.825874293506911,4.01930585525238,4.332845860238763,0.5361328125,2.837890625,2.833984375,2.705078125,0.5651885662622304,0.4753205469349421,5.50434055893928,2.6152828079804085,0.4751309952530244,0.2090119738152545,0.10299454053949567,0.04333593451318851,0.018448878519755553,0.9348308129794942,0.40234461310311836,0.9439882948848668,0.4044347918090379,5.478218568944635,2.5757960538289355,0.4701886245340437,0.2217182057907916,0.10592732869932447,0.047133744107613396,0.01989170639783251,0.9423287634810622,0.39708759061560545,0.92586234692918,0.3911118801973063,17,7,2.935546875,8.265625,2.9353763859961672,2.935653449239456,2.9366220216797467,2.990685666224783,2.8964921578978746,2.936171601169877,3.0665638792735397,3.4891583368121983,0.64501953125,2.669921875,2.65625,0.6025310462484517,0.4933312793154382,2.6233079550727876,0.4765889622894836,0.21107228512050913,0.22185000309749756,0.044411396080080934,0.034940913462331226,0.9350989037930546,0.7507651513299142,0.945701719807273,0.7528498018133105,5.478218568944635,2.5856817559116383,0.47199317138778624,0.22429224822348903,0.22239727719337465,0.04828019883736889,0.03757442405535735,0.9428129846929671,0.7317101464583394,0.9277862467678224,0.7233283608292468,
98,test,0.4239442050457001,70.125,70.375,1.078125,3.375,3.375,46,9,4.0859375,8.625,4.087960164475695,4.088209947048653,4.0897474281070245,4.137316888176153,4.043999295500904,4.080235043443829,4.2887185830355,4.573634446130368,0.5263671875,2.84765625,2.88671875,2.8046875,0.5748797083793037,0.479180394330927,5.50434055893928,2.616300600260521,0.47531590246746985,0.20861223296474574,0.09864374431132125,0.05100173979213629,0.020950191123264173,0.9347794524252082,0.3880504256019049,0.9437626778644477,0.3900575900181596,5.48079246454998,2.5867135471839777,0.4719597693061653,0.21485964170207783,0.09914632386247299,0.043369512343049976,0.01776623660540974,0.9308351706352376,0.3829689886503518,0.9283600256940288,0.38207008953742544,22,8,3.02734375,8.265625,3.02915894310586,3.029434575473348,3.0304322117205316,3.0840750991163617,2.964923290343167,3.004481476016327,3.139459704675158,3.5548196899264317,0.6337890625,2.6796875,2.7109375,0.5963516631309632,0.48898494644092855,2.628697556127092,0.47756811701230534,0.21109564704002803,0.20283784113327888,0.05159113778926461,0.03792531100233467,0.9350987330764635,0.7005428106352323,0.9456916563856588,0.7028787240567788,5.48079246454998,2.597027912472558,0.4738416806091921,0.21617954493650515,0.19554247686096266,0.04305472075067218,0.031209002437533773,0.9310504263777561,0.6800863077202,0.9302268596435992,0.679862061197483,
99,test,0.4052392840385437,71.3125,71.0625,1.07421875,3.375,3.375,41,8,3.939453125,8.625,3.9335469891731423,3.933801804177763,3.9352923947783074,3.98385860748642,3.803508208519676,3.840643982803896,4.045827469028742,4.348506692288112,0.54345703125,2.8359375,2.83203125,2.67578125,0.5625853348651281,0.47399178314393126,5.50434055893928,2.611849108189163,0.4745071785115858,0.21450919665819868,0.10879659155185314,0.025227100909039457,0.011010059001709512,0.9347687707275094,0.4125626772290699,0.9441169523594057,0.41474186901266946,5.463991441675722,2.6149991603688445,0.4785877116174371,0.23521840889025114,0.11903323816328301,0.026998708986716302,0.011978927658439184,0.9218447079471837,0.41146841896319303,0.9209779775482811,0.41097896648529614,16,7,2.861328125,8.265625,2.8587842372180456,2.8590641115687383,2.8600167656705096,2.9145945848246355,2.796522383708397,2.8365542657129055,2.9646160845252854,3.395292016680777,0.65380859375,2.66796875,2.65234375,0.5990787033294207,0.49089113550456087,2.619577812999905,0.475911289454211,0.2164977032250599,0.24560077157328675,0.026766054681301554,0.0222841276604822,0.9350995322639095,0.7954152793088768,0.9457023482781279,0.7972225087754669,5.463991441675722,2.6297370194165937,0.4812849814073087,0.23752412128677758,0.2663807877043755,0.026687756374193405,0.02282080975192306,0.9220375791174877,0.7976264058275843,0.922596800103352,0.797724259732549,
100,test,0.43942779302597046,69.6875,69.9375,1.0703125,3.375,3.375,46,8,4.046875,8.625,4.044918170553873,4.045170702447018,4.046708861904256,4.094709969892136,3.949983536350591,3.986537314281129,4.194169872424408,4.485218281030214,0.53076171875,2.845703125,2.8671875,2.765625,0.5683615097724857,0.4764441530041792,5.50434055893928,2.59923767266055,0.47221599841588274,0.20402667700816934,0.09734967928393878,0.03435121916260986,0.014221537333889242,0.9348224873613589,0.39115214350742505,0.9440812276632533,0.39327621795076223,5.468486786940952,2.566507805016694,0.4693268732303891,0.19979391650523937,0.09376832857260861,0.02963406120203249,0.012155754190070596,0.925330663616621,0.38347728770003703,0.9204028757626013,0.38199203725536224,16,7,2.984375,8.265625,2.983842644048534,2.9841202506424005,2.9851163861273746,3.039112525796842,2.9836889744779755,3.023159050496764,3.1582318557141615,3.5721942550866714,0.63916015625,2.677734375,2.69140625,0.604733863638236,0.49436660118303033,2.6099631780444468,0.47416455251951245,0.20712457821421548,0.2034540553883443,0.03655342095117575,0.027326290810756076,0.9350987141191398,0.7126462454881431,0.9456958563985483,0.71492807497798,5.468486786940952,2.5764276725934105,0.47114087918179887,0.20243428837570132,0.19231702040219112,0.027819561850797037,0.020459298233299998,0.9255759917138304,0.6933726182271193,0.92205791143373,0.6925623713362306,
101,test,0.43583741784095764,70.375,70.125,1.06640625,3.375,3.375,33,8,3.8671875,8.625,3.8628192890059734,3.8630780911446223,3.8645672017018784,3.913801933586996,3.8065782420360983,3.8436836485288244,4.048425868584128,4.351153448115058,0.5517578125,2.8515625,2.8359375,2.615234375,0.5622400017654762,0.4738157693314634,5.50434055893928,2.570682148097616,0.4670281790473012,0.21047584319220647,0.1090348956933232,0.027438646268441502,0.01219507888507225,0.934837775492622,0.42025351693825946,0.9441807981831909,0.4224340745124844,5.459620752737592,2.585866911162505,0.4736348966850648,0.22753681943954085,0.1185172509459545,0.015452628695322268,0.006937347803671759,0.9110834097007263,0.41499228779976083,0.9095079592131032,0.41437327751000536,10,7,2.779296875,8.265625,2.7793743469168763,2.779656733881692,2.780592648419384,2.835673610764997,2.7384449901192136,2.7786635842389797,2.9045482672375775,3.3405645020256247,0.66357421875,2.685546875,2.65625,0.5972659753712777,0.4897694740677775,2.578244254365942,0.46840202323214997,0.21204412579165233,0.25088589683447293,0.026768269559433122,0.022980893704876503,0.9350998039955254,0.8207735755804373,0.9457113567884106,0.822410967365937,5.459620752737592,2.591656796023115,0.47469538881864504,0.22990636558153543,0.28031111806321185,0.013913278637376791,0.012336925672520802,0.9115611649988979,0.8319108234019463,0.9110156432305434,0.8318095232675368,
102,test,0.43543949723243713,69.9375,70.375,1.0634765625,3.375,3.375,40,8,3.931640625,8.625,3.9277795122448955,3.92803562252641,3.9295436472356733,3.978272143648992,3.797029331694436,3.8341090998440044,4.033797058695149,4.341456068087551,0.54443359375,2.8203125,2.837890625,2.66796875,0.5611077528458385,0.47276199145090303,5.50434055893928,2.5877614810170773,0.47013106353211453,0.20860821286247866,0.10470221475055658,0.02991337595998278,0.012938203343368359,0.934711061534995,0.4087948946849768,0.9445136463883541,0.41116966537225097,5.467165831289384,2.584069267656996,0.47265243956347414,0.20190016855483073,0.10227949528977363,0.02236922276154285,0.009786054636088662,0.9143111069208176,0.4035580727592203,0.9200587508345599,0.40490563448203737,16,7,2.849609375,8.265625,2.8485364999357294,2.8488165118753987,2.8497734808965056,2.904411511599133,2.7813734976827265,2.82146797140566,2.9501827366685345,3.38120629836066,0.6552734375,2.650390625,2.658203125,0.5970482946497445,0.48790060028558685,2.5907564795658606,0.4706751793106921,0.2100862676042201,0.2358702857959949,0.02915663365300869,0.024090229635440663,0.9350998042434124,0.789250363051343,0.9457344962671321,0.7911252183332697,5.467165831289384,2.5903914350768935,0.4738088280131741,0.2032139077760169,0.23146042806649444,0.02188617913057822,0.018395054297554524,0.9146134560432895,0.7819981610882392,0.9212682779634722,0.7832315517398899,
103,test,0.43268969655036926,70.625,70.8125,1.0595703125,3.375,3.375,43,9,3.931640625,8.625,3.937917812091257,3.9381747628092336,3.9396968060686155,3.9884601349230127,3.730843283774505,3.7681495524600885,3.9614408859814234,4.279230692085166,0.54443359375,2.82421875,2.83984375,2.638671875,0.5685040780962889,0.47511929133403885,5.50434055893928,2.601481958231415,0.4726237285602721,0.21270467630853407,0.10802067494023668,0.02368197786774573,0.010347192305899287,0.9348051647452804,0.41304226284241474,0.9448147867067922,0.41551253800495014,5.460455333704912,2.6086079026785045,0.47772717534685283,0.23089191306097234,0.11756214162302282,0.019123371765074282,0.008454146783161367,0.9165517885198868,0.4087427050856793,0.9214006477765606,0.40988074762504917,16,8,2.849609375,8.265625,2.848166218994024,2.8484471577802886,2.849406715802013,2.9041398310957733,2.7794451507871045,2.8195642241446874,2.9477419303620698,3.379587089662062,0.6552734375,2.654296875,2.66015625,0.5993734738401115,0.48875217192267373,2.60754362427613,0.473724980559455,0.21405755110877678,0.2421160825998373,0.023476586532254373,0.019503116440091593,0.935099728040016,0.793654259619868,0.9457344200637339,0.7955000886090561,5.460455333704912,2.6151822977829333,0.478931176607306,0.2329552963607311,0.2668395561399954,0.018790406695451622,0.016046073432083356,0.9168607709310121,0.7963098030808997,0.9224647141918245,0.7972963866782262,
104,test,0.43311426043510437,69.9375,70.125,1.0556640625,3.375,3.375,46,9,3.953125,8.625,3.954666090666503,3.9549216497276607,3.9564337306870536,4.005021941239366,3.876580009203068,3.9133990873603506,4.113862978762893,4.416366530711999,0.5419921875,2.826171875,2.841796875,2.720703125,0.5677627580111511,0.4750590057983347,5.50434055893928,2.6091565394645007,0.4740180066124581,0.2167207845510335,0.10924611283006014,0.03409634943188511,0.014802561383898691,0.9346976938971547,0.4103342933781324,0.9446101728418652,0.4127588651490288,5.471517680148225,2.595619317138497,0.4743874494924744,0.224391833969511,0.11134128501083683,0.02112672158022555,0.009201311148391424,0.9281083633795575,0.40698487486345214,0.9265795418378406,0.4062601457084951,16,8,2.873046875,8.265625,2.8704548594032517,2.8707360174977237,2.8717005294295554,2.926371147045307,2.8248264802424554,2.8647909723117917,2.9942876733923973,3.422256735960615,0.65234375,2.65625,2.662109375,0.598465419995295,0.4886691203904469,2.6179462321456923,0.47561487231999805,0.21830153259301532,0.24467661284550288,0.03404473159827148,0.02809369436552035,0.9350998706714586,0.7882400001612377,0.9457345626951783,0.7901214534408317,5.471517680148225,2.6061379894640777,0.4763098909320305,0.2254873863433442,0.2419479879545729,0.020968434308840322,0.017291124831455118,0.9284827223027703,0.775632656669864,0.9279220672684882,0.7749668812864958,
105,test,0.4226362109184265,70.125,70.8125,1.052734375,3.375,3.375,38,9,3.904296875,8.625,3.8975656340861318,3.8978244023246904,3.8993340054166854,3.9484637465587795,3.820908212608626,3.8579112778706044,4.057082991750839,4.363989970327703,0.54736328125,2.837890625,2.84765625,2.68359375,0.5725992741105799,0.47869476960773155,5.50434055893928,2.5864191839457544,0.4698872019728687,0.19634653348533337,0.10003696353017015,0.01634374975477737,0.007160887437506473,0.9345896713646971,0.4141127502746648,0.9442740641662404,0.4164415135659738,5.469415612426282,2.579247173610803,0.4715763723917528,0.22703732073991123,0.11518454162218472,0.019164110491015407,0.00844257169362368,0.9200677848608159,0.40937299837505575,0.9245172469158511,0.4103443013153181,14,8,2.8203125,8.265625,2.8167731417493127,2.817056399221187,2.8180152863542816,2.8731030323234408,2.8198401205415293,2.8598162830141325,2.988721301254106,3.417502319295593,0.65869140625,2.669921875,2.669921875,0.5982627584039383,0.4899273059247245,2.590032009019832,0.4705435612652112,0.19896636421520064,0.22882084793457316,0.014219770064667792,0.011957898854157054,0.9351001636393779,0.8036002698539116,0.9457117164322648,0.8053592400271539,5.469415612426282,2.583838198106825,0.4724157718489071,0.2279175607901225,0.2580097349777459,0.01976510022012601,0.016718475029223932,0.9205822840360094,0.7937427898693052,0.9260824431987134,0.7947005340562235,
106,test,0.4253138601779938,70.8125,70.625,1.048828125,3.375,3.375,40,10,3.955078125,8.625,3.9495032509715386,3.949760318138774,3.951274419096012,4.000030002440234,3.8887232818952255,3.925333767647744,4.114393427708411,4.425805478358803,0.54150390625,2.826171875,2.84375,2.6953125,0.5680555567699224,0.475075941151594,5.50434055893928,2.625547067863181,0.4769957526699874,0.2170148644655221,0.11037915729917638,0.029382372785584643,0.012854815421959896,0.9346763032082581,0.4135380951415781,0.9440496023749168,0.41572912302433657,5.470140739250063,2.612386403256293,0.47757206400770635,0.21545554076176998,0.10797047522231068,0.02635971684737015,0.011489004500912208,0.9234372816413261,0.40732764504810853,0.9323720076170918,0.4094293104281019,15,9,2.876953125,8.265625,2.8747349273618457,2.8750153740545117,2.875983681575963,2.930613173368418,2.8091062692646034,2.8491315599956453,2.9783765247764804,3.407564575019068,0.65234375,2.65625,2.6640625,0.5972647520249968,0.4885247040151124,2.6332360014807414,0.47839263818883004,0.21826351703805713,0.2473695647000538,0.03183760904285293,0.026488039762631317,0.9350999276604943,0.7948507793594589,0.945734619684214,0.7966886465712757,5.470140739250063,2.6197093757616003,0.4789107813925741,0.21628361682163533,0.237392789846261,0.02578655093878801,0.02131264562121336,0.9236203345680316,0.7809828185756064,0.9338055334020394,0.7828529470596536,
107,test,0.43218985199928284,69.0,69.1875,1.044921875,3.375,3.375,41,8,3.94140625,8.625,3.940839010538818,3.9410964347963953,3.942618515695505,3.9914210909720738,3.803362180335861,3.840472634424051,4.039691189298484,4.34803814160849,0.54345703125,2.837890625,2.857421875,2.763671875,0.5762998088635696,0.4806094372905828,5.50434055893928,2.630272157247528,0.4778541823644716,0.2169573195550809,0.11120836582731372,0.038185810115758834,0.016818000162902053,0.9346475865847088,0.4163210121785073,0.944056328070288,0.4185293746758877,5.471603892687654,2.619198534773277,0.4786893543726035,0.22256013920210815,0.11215891577499602,0.021629519456193513,0.009540071961059864,0.9253601557903339,0.4121218275079361,0.9224355759267153,0.4110908845716749,15,7,2.859375,8.265625,2.8569029027011625,2.8571830467636192,2.8581461796760466,2.9127899079074435,2.8260619752672325,2.8660451172021597,2.9962553265818626,3.423682881950635,0.654296875,2.669921875,2.681640625,0.5967868688369686,0.4898930935644049,2.6420615405945522,0.47999601629004107,0.21826820295367,0.25366178553957347,0.03737498456840527,0.0316712119294436,0.9350998367702301,0.809905668679722,0.9456314228616352,0.8115521385404089,5.471603892687654,2.627345703135631,0.48017834526487957,0.22450351031035787,0.24904749464811327,0.019808648407043883,0.016725359361543728,0.9256863358709744,0.7963051799991803,0.9240894527161094,0.7959470625221241,
108,test,0.4442289471626282,69.4375,69.9375,1.0419921875,3.375,3.375,43,9,4.0546875,8.625,4.0566268658789895,4.056880012621714,4.058421113509883,4.106380369353983,3.8349120498823157,3.871766419113171,4.0625969683054315,4.375940008961979,0.5302734375,2.845703125,2.8671875,2.8046875,0.57092472811442,0.47771694836560014,5.50434055893928,2.5900454727899147,0.4705460072930212,0.18739199332428136,0.0888281633520655,0.04579461971121912,0.018851534704497776,0.9346356220781207,0.38883058452888314,0.9424738118290978,0.39036437446261935,5.449180756687039,2.558910352428751,0.46959542483309036,0.20546485384233204,0.09575342314297319,0.02919382748210264,0.011976475189656239,0.9163206212467783,0.3790545917863292,0.9145597498746927,0.3783369702951712,17,8,2.98828125,8.265625,2.98459463047122,2.9848723241844897,2.98586330976299,3.039865343657911,2.9759602335241504,3.0154020892876416,3.1487344981867706,3.5642653744769834,0.638671875,2.677734375,2.689453125,0.5960578514927715,0.4891624060441165,2.597857336279426,0.4719652260724306,0.18951018548475584,0.18474854743346836,0.046150523379903774,0.03430251885809724,0.9350992318315399,0.7084714697146721,0.9457339238552596,0.7108016280192995,5.449180756687039,2.565106479903975,0.47073249988196264,0.2063075300192425,0.19381978329292587,0.028087222175719795,0.020709365967769604,0.9166376320262524,0.686083043418306,0.9165686341649142,0.6860668308493353,
109,test,0.426195353269577,70.8125,70.8125,1.0380859375,3.375,3.375,45,9,3.994140625,8.625,3.997450457273371,3.9977048342895816,3.999225619693583,4.0475360933758555,3.9654476882629677,4.001897131570145,4.21050044161901,4.499149582346797,0.537109375,2.876953125,2.86328125,2.78515625,0.5662625029057262,0.4754808163121862,5.50434055893928,2.59870471484583,0.4721191734085975,0.1856868264372018,0.09140658574954877,0.040861002060257334,0.01737980586725519,0.9348323010357449,0.401983962443538,0.9430554571485379,0.4036739772807059,5.488884257707747,2.587019920711306,0.4713198164232543,0.1962174179584144,0.09525506538851865,0.03119157625692459,0.013147457456344607,0.9378030784400497,0.39822914914549307,0.9303068622063444,0.39588676961839625,17,8,2.927734375,8.265625,2.93021588227361,2.9304938633672912,2.931465516561541,2.985644941494342,2.854420447010944,2.8942691709905706,3.0240721746523174,3.4499101627357014,0.64599609375,2.71484375,2.685546875,0.6013249389410366,0.4925804304891902,2.6121839494027155,0.4745680107239039,0.18981472132086985,0.1986638873669134,0.0417569000232243,0.032748442514152126,0.935099438937991,0.7483395231632899,0.9456526297555934,0.7503985848562889,5.488884257707747,2.5995220082019808,0.4735975265923326,0.19848106103622865,0.20344150753176404,0.030686098630460457,0.02382196240714346,0.9381625145089147,0.7383409821143464,0.9330082237529638,0.7371863027060921,
110,test,0.4494299590587616,71.0625,71.5,1.0341796875,3.375,3.375,41,9,3.884765625,8.625,3.8810610393069167,3.881319660152359,3.882818482922508,3.931965890883835,3.7412617824087295,3.7784614599306083,3.973807922183754,4.288250107201961,0.5498046875,2.8515625,2.826171875,2.595703125,0.5691568293853149,0.4774273550544757,5.50434055893928,2.5509064733896407,0.46343543719271907,0.19629416910792852,0.0992910096532871,0.02772672452815872,0.012073039073099989,0.9346553036690644,0.4115490721135698,0.9412734121108155,0.4125314140749064,5.4658982267077025,2.5559342122833875,0.4676146730640673,0.20776061882204733,0.10516369843426367,0.020580986041635718,0.009032877851225342,0.9224061611068626,0.40892991297912923,0.9123697843856302,0.40480993495626433,17,8,2.80078125,8.265625,2.7992662577120386,2.7995477605795673,2.800487965372731,2.8554295591612058,2.7951982401209543,2.8352316012310244,2.9619131606787064,3.3939975109363223,0.6611328125,2.68359375,2.64453125,0.5988006877496103,0.4903534184129485,2.558154697763887,0.4647522569455367,0.19861033240658177,0.22490809860639097,0.026760501445781237,0.022250406885522076,0.935099864590712,0.7943541338559128,0.9433635289569144,0.7941991881362603,5.4658982267077025,2.5639335766346605,0.4690781771432662,0.2108106537597294,0.2393893877683125,0.019904041540860007,0.016818253814834785,0.9228635350872869,0.7951025270640147,0.9140391110557431,0.7887472174841537,
111,test,0.4319946765899658,72.4375,72.25,1.03125,3.375,3.375,43,9,3.921875,8.625,3.9203106866341435,3.920568743199935,3.922081384637506,3.971051113238285,3.7121475579647623,3.7494311356972947,3.9346811931911456,4.260624465547134,0.54541015625,2.87890625,2.869140625,2.634765625,0.5643370577210258,0.4743275094280589,5.50434055893928,2.583925955473439,0.469434245175298,0.2059378225353612,0.1038517653336838,0.028532921037270675,0.012391493180765373,0.9347048738739989,0.410479274515382,0.9436231351568969,0.4124694215480089,5.464186498707673,2.5937496531733872,0.47468175798663376,0.21873305324721137,0.11170502891406595,0.014252202265058855,0.006283313113186875,0.9138542957736062,0.4097315306687439,0.9216938779970336,0.4115892180253518,17,8,2.83984375,8.265625,2.84307825701279,2.843359522386415,2.8443127957187198,2.899121436346297,2.8205567841390775,2.860531758655654,2.9890405014745993,3.418195208244545,0.65625,2.716796875,2.693359375,0.597846076740657,0.48944448237511434,2.5917684171996576,0.47085902288340736,0.20707660242128867,0.23294839241993479,0.02790580375182028,0.02309009694277575,0.9350999598676983,0.7904165557338458,0.9456757940765064,0.7922344587187555,5.464186498707673,2.6004756621648717,0.4759126839429632,0.22146858805162495,0.2519792496464335,0.014147947817839679,0.01189855545626582,0.9142244817100993,0.7941770488878344,0.9232049059958038,0.7957702854754745,
112,test,0.43299785256385803,69.6875,70.625,1.02734375,3.404296875,3.404296875,43,9,4.234375,8.8515625,4.233169357513734,4.233421256831635,4.235206776445665,4.282454126263696,4.136999531458089,4.173101948825284,4.403578715908348,4.663264503620952,0.52197265625,2.947265625,3.095703125,2.927734375,0.5526227676715691,0.4721424849070967,5.50434055893928,2.630466762689589,0.4778895372702913,0.18623636278926003,0.08299347106356436,0.07716525927631501,0.030100209792721957,0.9347587849359629,0.36829131977919644,0.9364420664587039,0.3674150470902648,5.486752971852859,2.5793400716721546,0.4701031894281036,0.19826306684333517,0.08670903825599732,0.068080926125349,0.026190252111509587,0.9437592580645244,0.3644788915754186,0.9260468280527832,0.35744320410641406,17,8,3.166015625,8.484375,3.16945022928802,3.1697262902804595,3.170855991915077,3.224143823140519,3.131947448252606,3.1710611223355696,3.3194200423151554,3.71336997813218,0.626953125,2.7890625,2.927734375,0.5812043455557429,0.4870042400585748,2.644247477061203,0.48039314587227605,0.18819100673435152,0.16207881916818978,0.07906609697678224,0.053396634225938204,0.9350991997327807,0.6425840163150641,0.9408106044413227,0.6418184010810979,5.486752971852859,2.5930914469919393,0.4726094760042132,0.20093848613930732,0.16537529231415402,0.07075171517874868,0.04630383330319969,0.944156882108742,0.6220347898185028,0.9306857927902437,0.6125891026124097,
113,test,0.41375023126602173,72.25,72.4375,1.0244140625,3.427734375,3.427734375,42,8,4.1484375,8.96875,4.137561886362376,4.137816491587838,4.139633195924136,4.187392399571487,4.0690696231301065,4.105344097400444,4.34224541604067,4.598752680363475,0.53759765625,2.951171875,2.896484375,2.814453125,0.5638330543616202,0.4852187969495747,5.50434055893928,2.746745433900175,0.4990144422367445,0.19596278176165072,0.09609858807251911,0.1354972239683363,0.05744307430687459,0.93496280288936,0.4007052593825141,0.9449329980170207,0.4031408370509608,5.465160709945074,2.722728746274809,0.4981973798721416,0.19918355144975664,0.09719900053529587,0.10386813281590346,0.04404832503982176,0.9216844435526559,0.39333704269123165,0.9263393084655709,0.39442604774316786,15,7,3.048828125,8.6015625,3.0451735772013,3.0454526398111272,3.046561547661985,3.100499158872192,3.0093745492219695,3.0488789788492965,3.196904678572885,3.5978413211412557,0.6455078125,2.775390625,2.708984375,0.5937257235687927,0.5021289257838105,2.756518741162214,0.5007900059318663,0.19936072864096843,0.2132624060083758,0.13607396691699503,0.10847403802572736,0.9350997196763018,0.7609096379410498,0.9456769469663566,0.7629145358879198,5.465160709945074,2.7305463009530073,0.4996278144180045,0.20421637151247207,0.21679814411485993,0.1030150682500457,0.08236063007032268,0.9219892316504898,0.7459608272178557,0.9271231663399826,0.7468925118236485,
114,test,0.44745224714279175,73.625,73.8125,1.0205078125,3.427734375,3.427734375,36,8,4.06640625,8.9765625,4.062522730901287,4.062780543591636,4.064582145947192,4.112895672437933,3.9356864732764354,3.9723292806940784,4.19797962842533,4.472328953061089,0.546875,2.9140625,2.837890625,2.759765625,0.5715203351301521,0.4898418262288143,5.50434055893928,2.7276451713352783,0.4955444057518331,0.16480553041399126,0.08345382362065248,0.13320176259054328,0.05805427819386891,0.9347719469149602,0.41198992524169065,0.9441646880308294,0.4141883179416447,5.472689070499347,2.711362353220535,0.4954351175980734,0.1959722644573958,0.09933366420456584,0.11480876609018686,0.050085887786985084,0.9230397986657062,0.40619347398194783,0.9331305104272527,0.4086688007679265,14,7,2.958984375,8.609375,2.957902857349819,2.958184178401287,2.959266626784298,3.0136901933425135,2.9103967853911565,2.9501159064427993,3.092730139150452,3.5033106614459375,0.65625,2.73046875,2.640625,0.5923642750550402,0.5012255510573583,2.7375651362439823,0.4973466134463759,0.16759194871552463,0.19473503195231368,0.13175097171628636,0.11163073736154441,0.9351000754062335,0.8098034725245007,0.9457347674299532,0.8115391443695545,5.472689070499347,2.718962748118083,0.4968239037687547,0.197677918476451,0.22969827612478777,0.11383657695121219,0.09647433877174937,0.9235645867717723,0.7960769916459315,0.9344921254883163,0.7979798429767343,
115,test,0.4060593247413635,73.125,74.3125,1.017578125,3.427734375,3.427734375,42,8,4.15234375,8.9765625,4.139992132758325,4.140247546047625,4.142074078919175,4.189909174851572,3.9877643579081283,4.024321400433898,4.247933092484827,4.522342820535487,0.53759765625,2.837890625,2.83984375,2.841796875,0.5570710246883462,0.48043820009007293,5.50434055893928,2.784167811379965,0.5058131453836663,0.20988978868794916,0.1043936320159432,0.12726094983679648,0.05461409434556321,0.9346891482333266,0.4055631880283131,0.944470913647705,0.40792517813241236,5.479118898932744,2.7500722218795515,0.5019186976240335,0.22584059339396312,0.11053183788786382,0.1207903387751923,0.05142668940490849,0.9254342242411138,0.39724522129936013,0.9346747932011228,0.3994873410423365,17,7,3.05078125,8.609375,3.049578534320653,3.0498578957195117,3.050971409509318,3.104940187715768,3.021300862968249,3.06075240729491,3.208135288888188,3.608897054762952,0.6455078125,2.650390625,2.646484375,0.585670886247872,0.4968830325606066,2.796298119554537,0.5080169167609427,0.21195646487261222,0.23666214040434508,0.12580047643180237,0.10351974413161426,0.9350998328766575,0.7859850103028229,0.9457345249003763,0.7878811073110753,5.479118898932744,2.7586128665512093,0.5034774600508393,0.22855752217728398,0.24586889068001738,0.11908620920147239,0.09641355268266753,0.9259006975752371,0.7614289092965527,0.9359567369968085,0.7633856487412636,
116,test,0.4073256850242615,73.375,73.625,1.013671875,3.427734375,3.427734375,42,9,4.1640625,8.9765625,4.154733508811361,4.154988854443861,4.156824027455159,4.204583342093877,4.064998315897772,4.101299796992449,4.33208384687122,4.595038735089443,0.5361328125,2.87109375,2.87109375,2.884765625,0.5576410076011288,0.48000903962017205,5.50434055893928,2.7826851664730414,0.5055437861586969,0.1966799738810714,0.09790854454653293,0.14070662533660805,0.06042964507902277,0.9347531127054376,0.4058988168156355,0.9447695134689837,0.40836246644286706,5.488868342851971,2.739688869027037,0.499135467986743,0.21777279001588923,0.10568943696018811,0.11442739062987162,0.04827007807895188,0.9380455584925711,0.3983751724070489,0.9365261541927206,0.39784105439728434,17,8,3.060546875,8.609375,3.0607073667829936,3.060986579949705,3.06210621960851,3.116025581640027,3.0285735237859037,3.0680076649479897,3.2166245976973427,3.615823874782088,0.64453125,2.689453125,2.681640625,0.5919078821906265,0.5012013308382783,2.794126707469892,0.5076224258929825,0.19831470668141282,0.21793913354128963,0.14078863211734038,0.11450154544125829,0.935099821533794,0.77661979226709,0.9457345135575137,0.7785754871329288,5.488868342851971,2.7485078737433173,0.5007421752650776,0.2218201012263279,0.23238225635080084,0.11632567779757341,0.09198491980885158,0.9382187729862066,0.751337841009358,0.9374732847965817,0.7511365666856773,
117,test,0.4259241223335266,72.0,72.6875,1.0107421875,3.427734375,3.427734375,44,10,4.1015625,8.9765625,4.098631593196106,4.09888775752756,4.100696909183938,4.1487674176665,4.041356649022944,4.077771630617512,4.323036707478013,4.57329063191951,0.54296875,2.890625,2.84765625,2.798828125,0.5645053862550795,0.48468233070310013,5.50434055893928,2.7364676731274047,0.4971472320482181,0.19353400243652263,0.09649382237590173,0.1290050340089719,0.05547921177922061,0.934706916394088,0.4064348697075351,0.9440082199242603,0.40858990031347814,5.474413160213465,2.701156659190529,0.493414833725338,0.21811102497180812,0.10630035966960186,0.10842280238469648,0.04629031009738226,0.9087731936602639,0.3918218343345075,0.927246283987377,0.39855212770331194,15,9,2.9921875,8.609375,2.9950253247468988,2.9953052832312643,2.9963951176124652,3.0505875453515,3.031625360627855,3.071008999617348,3.2186836535060537,3.6182321077130455,0.65234375,2.7109375,2.654296875,0.5892552303985623,0.4996413915331933,2.742237510661742,0.4981954661595626,0.1940256071475508,0.21749652522252874,0.12827144106745525,0.1058598604818974,0.935100081246536,0.7883187475518835,0.9457347732702557,0.79019968697688,5.474413160213465,2.7061470807555903,0.4943264239577542,0.2199000627680361,0.23410796904930675,0.1082870678962875,0.08805912079657786,0.9091037760932075,0.7533005343354798,0.9289149192031818,0.7651616244483327,
118,test,0.43313542008399963,72.0,72.6875,1.0068359375,3.427734375,3.427734375,40,8,4.1484375,8.9765625,4.152711305286004,4.15296860607725,4.154839571060467,4.202858731583922,4.069576351486019,4.105920263196844,4.352466409974195,4.60009841528762,0.53759765625,2.900390625,2.873046875,2.826171875,0.5567379802201788,0.4802846180702345,5.50434055893928,2.743641610531415,0.498450555730173,0.19189315415737163,0.09369242513257377,0.139511126486064,0.058921590881626316,0.9346619460404693,0.3990484771490845,0.9419402025583654,0.4003381829678656,5.460813451129086,2.7335068108657863,0.5005676966131488,0.2045504834285401,0.10002095323293941,0.11843243135916648,0.050180842756037125,0.9063782282034039,0.3908090612673775,0.91431870450457,0.3923983718092283,14,7,3.05078125,8.609375,3.0511778101125104,3.051458406972206,3.0525879948479924,3.106703904875309,3.0316250526478306,3.071075908076184,3.2204030310091705,3.6190271784330585,0.6455078125,2.720703125,2.68359375,0.5834357394701495,0.4959553998276704,2.7526193272838366,0.5000815806742676,0.19384612612277774,0.2064449791996761,0.13930749185225277,0.11068481519943855,0.9351001910422472,0.7583440119384016,0.9454878143596854,0.7602116950780706,5.460813451129086,2.741806580487715,0.5020875745024426,0.20712558327579078,0.22039055568706495,0.11877919914442003,0.09465627181499131,0.906680381017317,0.746871157733866,0.9174995165272408,0.7490930081375131,
119,test,0.4054202437400818,70.8125,71.0625,1.0029296875,3.427734375,3.427734375,41,9,4.1171875,8.9765625,4.113393323592633,4.113650301222358,4.115476994548922,4.163594157962621,4.041343602479387,4.077724244732921,4.309609059961981,4.572777194791572,0.541015625,2.85546875,2.84375,2.80859375,0.558636983973455,0.4807385381736656,5.50434055893928,2.7798128240463127,0.5050219539072269,0.2076049583271562,0.1046935843106759,0.13021813321570352,0.05655263134247266,0.9347588946159275,0.4105067373474983,0.9447084238651628,0.41294755891686546,5.46675938561918,2.759848165240677,0.504841711618169,0.21486822824661722,0.10750694511520748,0.11720575100252617,0.051182932993942214,0.9134268269186601,0.40244628865292364,0.9089560258765967,0.4011476180314661,14,8,3.01171875,8.609375,3.010352946396534,3.0106341551884093,3.0117398228958057,3.0660332951714904,3.0304773417816198,3.0699059141849743,3.2172820662690844,3.6176170755279213,0.64990234375,2.671875,2.650390625,0.5889968673140501,0.4991047003999819,2.790894226647104,0.5070351655684848,0.20974926273431915,0.24308828489755593,0.13093321303436678,0.11072799975623802,0.9351002335335368,0.8082378706650122,0.9457349255572556,0.8099844769925499,5.46675938561918,2.7675745292564455,0.5062550469180714,0.21710323138342158,0.24445408177663777,0.11649263643917962,0.09877215784408061,0.913810853431805,0.7883410484114296,0.9100136823684899,0.7876454162846505,
120,test,0.39508137106895447,74.0625,74.0625,1.0,3.427734375,3.427734375,41,8,4.0703125,8.9765625,4.074351903253475,4.074609992983284,4.076435708030459,4.1247793122759635,4.061112907525321,4.097565426376814,4.348968354850644,4.593073011138192,0.54638671875,2.900390625,2.865234375,2.734375,0.5549999074596312,0.4794272289095718,5.50434055893928,2.7502572299105426,0.4996524470935959,0.19222804761866108,0.09822367983331923,0.13098887727661435,0.05753535107336116,0.9348189937512785,0.41526242651677925,0.9449784751325394,0.4178016988798253,5.474719848311505,2.7523787197285,0.5027432993813153,0.19499835056832193,0.09954193397317444,0.11869056347210005,0.052402691881732126,0.9183074518211898,0.41003996767752277,0.9270826559214242,0.4123218992102447,13,7,2.9609375,8.609375,2.958523568966266,2.9588054883540056,2.9598963977478103,3.0144110312098262,2.9343688887367962,2.9740983165848403,3.118330700573695,3.5269468976524974,0.65576171875,2.71875,2.671875,0.5878078465616655,0.4982418692525412,2.7573444591302514,0.5009400180830397,0.19512767793237185,0.23136941904117414,0.13191024700573095,0.11342398223648933,0.9351003794751458,0.8220884087257948,0.9457350714988655,0.8237363734469567,5.474719848311505,2.7597794495089802,0.5040951000187055,0.1979502525988952,0.23668539008279985,0.11899825291214672,0.10416903415649711,0.9187511153897852,0.8225583214077938,0.9276390516160715,0.8239591442719133,
