epoch,phase,loss,accuracy,accuracy_nn,temperature,length,length_nn,lexicon_size,actual_vocab_size,entropy_msg,entropy_max,entropy_msg_mc_ml,entropy_msg_mc_perks,entropy_msg_mc_james-stein,entropy_msg_mc_minimax,entropy_msg_1_ml,entropy_msg_1_perks,entropy_msg_1_james-stein,entropy_msg_1_minimax,redundancy,kld_train_test,kld_test_train,mutual_info_sent_received,topsim,topsim_norm_max,topsim_cosine,topsim_cosine_norm_max,entropy_target,mutual_info_msg_target,proficiency_msg_target,entropy_target_category,mutual_info_msg_target_category,proficiency_msg_target_category,entropy_selected,mutual_info_msg_selected,proficiency_msg_selected,lexicon_size_nn,actual_vocab_size_nn,entropy_msg_nn,entropy_max_nn,entropy_msg_mc_ml_nn,entropy_msg_mc_perks_nn,entropy_msg_mc_james-stein_nn,entropy_msg_mc_minimax_nn,entropy_msg_1_ml_nn,entropy_msg_1_perks_nn,entropy_msg_1_james-stein_nn,entropy_msg_1_minimax_nn,redundancy_nn,kld_train_test_nn,kld_test_train_nn,topsim_nn,topsim_norm_max_nn,topsim_cosine_nn,topsim_cosine_norm_nn,entropy_target_nn,mutual_info_msg_target_nn,proficiency_msg_target_nn,entropy_target_category_nn,mutual_info_msg_target_category_nn,proficiency_msg_target_category_nn,entropy_selected_nn,mutual_info_msg_selected_nn,proficiency_msg_selected_nn,messages
1,train,7.218832015991211,77.5,78.5,1.5,4.39453125,4.9921875,3876,10,7.03515625,13.5859375,7.017602612005652,7.017739485011039,7.0222034417499755,7.059713563616038,6.896304396259795,6.8986694421087895,6.971764175520709,7.065469619785081,0.482421875,,,5.859375,0.10436227605135781,0.5061416062778138,0.2827371524783522,0.2773422278672435,8.595299713017987,3.4146667817865852,0.39727140365040575,3.4555036587318666,1.855946518374993,0.5370986986759857,8.584461200813728,3.348407228343901,0.3900544425579678,4229,10,6.22265625,14.3671875,6.210761798208861,6.210903170910571,6.213796120062435,6.254792788565197,6.111590649947943,6.114038560458304,6.161557358838172,6.288811602086476,0.56689453125,,,0.2587871526264498,0.5751997376198512,0.3828742497131593,0.29211906822725403,8.595299713017987,3.578099986709149,0.416285656832879,3.4555036587318666,1.9089957830191322,0.5524508064678807,8.584461200813728,3.5011888554911,0.4078519051561698,received
2,train,3.7293100357055664,87.625,88.5,1.4736328125,4.5859375,5.2109375,1107,10,7.0078125,13.578125,6.991282656517578,6.991419818494553,6.995946878502655,7.033489737614761,6.883758938309443,6.886126271457616,6.9607758229911205,7.053113025361663,0.48388671875,,,5.8046875,0.08900877676761622,0.5143697401475152,0.3103210977547038,0.2951494526654767,8.598488334867168,3.6189833160192357,0.4208859947328338,3.481188239701388,2.0442274420072737,0.5872211731309953,8.58750152657252,3.564543582234582,0.41508505951407704,842,10,6.11328125,14.359375,6.100004955502199,6.100147263341517,6.1030513813327945,6.14437399285921,6.029212757363986,6.0316700749886465,6.080534584028067,6.207324604465493,0.57421875,,,0.25461385195911096,0.5959004803406905,0.40716899544975776,0.31254061927652554,8.598488334867168,3.8076264385076817,0.4428250978800104,3.481188239701388,2.1104859779137586,0.60625448341018,8.58750152657252,3.736301395248997,0.43508596577102976,received
3,train,3.2117950916290283,89.125,90.125,1.4482421875,4.578125,5.20703125,985,10,7.265625,13.6015625,7.252029463677861,7.252165033883938,7.256920983984933,7.293577720491596,7.160951633828902,7.163287480658531,7.241358809849647,7.327320630856477,0.4658203125,,,6.05078125,0.07206459308436557,0.49563994417172325,0.2821427575144077,0.28436210353326313,8.5987371465681,3.881272423394628,0.45137702865399354,3.4873938443708647,2.1666193919979175,0.6212717830809791,8.58968146495231,3.8385802054496425,0.4468827186563145,721,10,6.359375,14.3828125,6.350455292949707,6.35059613998942,6.353720214746839,6.394210638759808,6.2904159808187545,6.2928448369573315,6.345005897172231,6.465790769271676,0.55810546875,,,0.2509956687366999,0.5661877015763191,0.39615089624733457,0.30783835042191654,8.5987371465681,4.08347315556504,0.4748921947445297,3.4873938443708647,2.2342760322567603,0.6406721270851556,8.58968146495231,4.023954928083799,0.46846381259914854,received
4,train,2.8019745349884033,90.625,91.5625,1.4228515625,4.578125,5.20703125,1205,10,7.45703125,13.515625,7.430722985499596,7.430856540740498,7.435439752247558,7.471605957501188,7.2932816723722365,7.29560003453069,7.371756565889764,7.458076766264361,0.448486328125,,,6.28125,0.07004738448854411,0.5185665209939737,0.2807300861866471,0.2880983127648643,8.59320225377386,4.038774859786968,0.4699964856539094,3.4819189668043204,2.2131905462156585,0.6356237946131493,8.58680563453612,3.9976313226725804,0.46555511942579825,871,10,6.61328125,14.296875,6.589855433506243,6.589994247812621,6.5932405446413025,6.632876966741559,6.453714388399406,6.456124129938211,6.509620972125715,6.627296455019111,0.53759765625,,,0.26346469027544317,0.6001441216046567,0.39607401305164963,0.30628728703123503,8.59320225377386,4.270665842608188,0.49698188364327717,3.4819189668043204,2.2918755286657184,0.6582219605096625,8.58680563453612,4.207864233900606,0.49003836967924164,received
5,train,2.4893596172332764,91.75,92.4375,1.3974609375,4.65625,5.3046875,1690,10,7.8515625,14.0078125,7.8211913163643425,7.821321535431913,7.826919012647475,7.86087680691465,7.636424702015022,7.638704221745167,7.729801542979452,7.797536994529564,0.439453125,,,6.68359375,0.10225427108566375,0.46462419296027513,0.2520117313407107,0.22772826886379108,8.59527247697143,4.239138237522806,0.4931941656160828,3.4835756460401157,2.278947297384442,0.6541977350125838,8.594407894312116,4.204425638900031,0.4892048051015325,1259,10,6.9765625,14.8671875,6.954827712280142,6.954963740968789,6.958642067585219,6.996807565895644,6.8131850450009495,6.815555694401825,6.876996947819307,6.983008098631904,0.53076171875,,,0.2697199154298838,0.5438475798305586,0.33785812341802063,0.2581757410665284,8.59527247697143,4.465249456267226,0.5195006287736174,3.4835756460401157,2.3670997758699883,0.6795029063200454,8.594407894312116,4.423546828337069,0.5147005916794601,received
6,train,2.0628881454467773,92.625,93.1875,1.373046875,4.79296875,5.4609375,2307,10,8.2890625,14.0390625,8.250224567082602,8.250350946237317,8.25645625273556,8.288541915857568,8.007286072869169,8.009521298874969,8.109948562797117,8.164273799962002,0.409912109375,,,7.1484375,0.11748584504009803,0.4781404022634153,0.2496025410746713,0.21290448227277012,8.593833753064033,4.48840772023561,0.5222823537440807,3.4811220826319667,2.3163331641537193,0.665398428773981,8.59004646405636,4.465325519415602,0.5198255373937759,1781,10,7.44921875,14.875,7.414476111296788,7.414608098506809,7.418641516455336,7.4550094074241455,7.223651443647061,7.225973366077061,7.293957439107531,7.388928773833327,0.4990234375,,,0.2872474379207247,0.5565979724649811,0.33922476057041423,0.24046916678425592,8.593833753064033,4.739059674547355,0.5514488423583593,3.4811220826319667,2.413908252005127,0.6934282092686755,8.59004646405636,4.703262034900646,0.5475246326758155,received
7,train,1.8937695026397705,93.4375,93.9375,1.349609375,4.7890625,5.453125,2399,10,8.3359375,13.9921875,8.29666475018647,8.29679120803448,8.30349645653661,8.334955122365105,8.083948795625352,8.086177125621623,8.198407429507704,8.240225955992903,0.404296875,,,7.2109375,0.12759509598578522,0.47864933334629367,0.24486490760383314,0.19716908229307264,8.595036702155321,4.599107979727528,0.5350888121948612,3.459064570106893,2.3201494982909594,0.670744778325795,8.591265538819417,4.571265355567496,0.5320828852178237,1891,10,7.5234375,14.890625,7.490365247356235,7.490497284788334,7.495285981024733,7.5308334423456715,7.292314640618402,7.294630688815149,7.373249667374733,7.456973671236492,0.49462890625,,,0.30277240876113404,0.5467417126202795,0.31935950975481503,0.21921765539917823,8.595036702155321,4.907987448429828,0.5710257696978867,3.459064570106893,2.448389664877162,0.7078184333522,8.591265538819417,4.86350428997966,0.5660987043182448,received
8,train,1.7247233390808105,94.0,94.625,1.326171875,4.796875,5.46484375,2567,10,8.3984375,14.0625,8.350454191315599,8.350579246305378,8.356958002624111,8.388357149266668,8.089127643537534,8.091352501665225,8.198196663934416,8.24517191092988,0.403076171875,,,7.26953125,0.09854677093739161,0.45193714741796615,0.2440004821440078,0.22283171400498494,8.597906245002134,4.620851527467568,0.5374391620231516,3.468296908424014,2.3335601292144563,0.672825940462756,8.594678123047757,4.594747287699429,0.5346037654834346,2067,10,7.5625,14.8828125,7.521682616347357,7.521813337078784,7.52610991122861,7.5618068659992925,7.27663240746123,7.278947398770157,7.3505807303111315,7.441285793071789,0.491943359375,,,0.29726008678154714,0.5390969971672485,0.33396233735516595,0.24433034089764968,8.597906245002134,4.90991603295249,0.571059499027053,3.468296908424014,2.459097883984783,0.7090217328314581,8.594678123047757,4.8712723493133225,0.5667777524152262,received
9,train,1.5933057069778442,94.375,94.875,1.302734375,4.8046875,5.47265625,2973,10,8.5703125,14.1328125,8.525958893437824,8.526083194020362,8.533036972271605,8.563491238937221,8.31575334570567,8.317952636174002,8.434087230494901,8.469369870340385,0.3935546875,,,7.453125,0.12660003235659262,0.4535330339940936,0.23147250412784934,0.20781483683957397,8.593651610716,4.669390044197799,0.5433534259609993,3.4843346824169252,2.373528070547464,0.6811997947628426,8.59187207272878,4.646243733071648,0.5407719870293647,2450,10,7.74609375,14.9609375,7.707466562602445,7.707596354953222,7.712291731359091,7.747172711686393,7.51703140648763,7.519320212381491,7.598701497084006,7.679166178883936,0.482177734375,,,0.29301425042300877,0.5325628024806761,0.3116125980462612,0.23387965164074428,8.593651610716,4.9661195806204566,0.5778823491550285,3.4843346824169252,2.5117457737546234,0.7208681147737332,8.59187207272878,4.928954329009811,0.5736764103663352,received
10,train,1.5483559370040894,94.625,95.0625,1.2802734375,4.80859375,5.47265625,3204,10,8.71875,14.109375,8.663524288367023,8.66364701208015,8.670686330071982,8.700538359739289,8.375044793935675,8.377236004852755,8.493885513275794,8.527940491617885,0.38232421875,,,7.64453125,0.11598062608658279,0.4793459007569147,0.2503319288608831,0.21418313933142438,8.596380993353451,4.733836384452973,0.5506778245535046,3.4670879713873726,2.3694688934833508,0.6834175864696032,8.59372461016586,4.707967935025874,0.5478378873645345,2653,10,7.93359375,14.9375,7.892488353495402,7.892616193123909,7.897454868195033,7.931536307977599,7.663202376612028,7.66547322409085,7.747343293218249,7.823681682434293,0.468994140625,,,0.3084310590264079,0.5559120203570497,0.3201017917095918,0.23299668858834924,8.596380993353451,5.0446467944279645,0.5868337848599758,3.4670879713873726,2.5148249683967956,0.7253421283655735,8.59372461016586,5.007780536784361,0.5827252750059569,received
11,train,1.5006235837936401,94.75,95.1875,1.2578125,4.8046875,5.4765625,3339,10,8.7265625,14.0390625,8.69153132847496,8.691653957547992,8.69836837370225,8.728489877287263,8.41006928138028,8.41225682136267,8.523073121810837,8.5626054461778,0.378173828125,,,7.65234375,0.10264548181613854,0.4698701704959369,0.2450658568288437,0.21217825379399743,8.591858371268735,4.803145494124054,0.5590345285701896,3.460854122568522,2.376244551409558,0.6866063888431085,8.588889181425152,4.770142704978905,0.5553852895546845,2814,10,7.96875,14.8671875,7.928784768421357,7.928912639804751,7.933726659525129,7.9677978318025025,7.719060730007197,7.721325424766783,7.802556178082891,7.878950597809291,0.464111328125,,,0.2963831457494689,0.5551115728385463,0.3160829089731484,0.2350063308881397,8.591858371268735,5.1228298735465465,0.5962423555161644,3.460854122568522,2.533048899534495,0.7319143800416982,8.588889181425152,5.0927921432647585,0.5929511995892014,received
12,train,1.4332305192947388,95.0625,95.4375,1.2353515625,4.80859375,5.4765625,3431,10,8.6484375,14.09375,8.601672513050321,8.601796214691639,8.608615260410582,8.638976347217838,8.364809597475324,8.3670019383236,8.479946323109525,8.517813219425701,0.386474609375,,,7.54296875,0.11332470989983924,0.4579835228429359,0.21646540296553468,0.19844687558338617,8.59736576328454,4.8015938764858,0.5584959403485235,3.4839187455020557,2.4039893198273763,0.6900245084449997,8.593000643816474,4.7857509210014015,0.5569359434931765,2887,10,7.84375,14.9296875,7.8004681096424235,7.800597216604422,7.805256497103103,7.839908940816432,7.620104719513509,7.622380616313377,7.701057531699915,7.78105727487945,0.474609375,,,0.29593669863566957,0.5364351666086247,0.2887648540035653,0.21991522097566849,8.59736576328454,5.169008686161456,0.6012316828761612,3.4839187455020557,2.57328229717779,0.7386171966553609,8.593000643816474,5.135458133830929,0.5976326951082457,received
13,train,1.3841062784194946,95.25,95.75,1.2138671875,4.828125,5.5,3992,10,8.875,14.2578125,8.823715415153998,8.823837226889182,8.832871808039496,8.860342362048852,8.539882698999595,8.54205638498675,8.68912526278525,8.691078726439887,0.377685546875,,,7.7578125,0.1259241238823115,0.44840687722646644,0.23327709314695141,0.20751782384430698,8.596704872082999,4.913364521959037,0.5715404442828709,3.487351470551339,2.4103655265960544,0.6911736734740371,8.595031820496203,4.894306893992688,0.5694344123684854,3498,10,8.1015625,15.1328125,8.064745093031638,8.064872035093892,8.07077826398139,8.103395211998688,7.809048161420314,7.811303648027312,7.908886287241589,7.968035148655157,0.46435546875,,,0.2889057716816646,0.5460684429746571,0.29490198686424857,0.2290711819384034,8.596704872082999,5.292794172542102,0.6156770822422857,3.487351470551339,2.591070743690029,0.742990996339233,8.595031820496203,5.2716886152779825,0.6133413727110135,received
14,train,1.211824655532837,95.75,96.25,1.1923828125,4.859375,5.53515625,3979,10,8.9765625,14.296875,8.923650211333008,8.923771671087927,8.93351547991836,8.960080503749282,8.65287537744152,8.655036802467649,8.817046891510476,8.802890991499698,0.372314453125,,,7.88671875,0.11182152626818338,0.4570243210054134,0.2255437415768205,0.1912947743546282,8.593400394918913,4.989254441480579,0.580591408778138,3.472772997862438,2.4184167750673424,0.6963935669149486,8.591655819932702,4.969861280715129,0.5784520917591945,3517,10,8.234375,15.171875,8.191128867598518,8.19125524756605,8.197590287390714,8.229506603536374,7.965741642088052,7.967979922864263,8.074077332095401,8.123078379863486,0.45703125,,,0.28885335684521596,0.54294404755796,0.29319521628649914,0.20930396565854037,8.593400394918913,5.4080387926864635,0.6293246612696084,3.472772997862438,2.6235668993930386,0.7554674322243052,8.591655819932702,5.384583424384461,0.6267224313027285,received
15,train,1.1525980234146118,95.9375,96.5,1.171875,4.86328125,5.5390625,4105,10,8.9765625,14.2734375,8.929167871176944,8.929289540555377,8.939398228673829,8.96564144835796,8.676001290480464,8.678160502917414,8.844706162217255,8.825792865985418,0.371337890625,,,7.88671875,0.11517399762878144,0.47544731117942934,0.22180845787894807,0.19355133836386038,8.592292594640684,5.005591617375254,0.5825676398051689,3.479348650359807,2.4127051287036547,0.6934358614662408,8.592660765167281,4.9795155082484275,0.5795079829561369,3591,10,8.234375,15.1640625,8.202409219142812,8.202535819732647,8.209204366370637,8.240825690857456,7.9561442612012,7.958384355510381,8.068494757401076,8.113629879819669,0.45703125,,,0.2889949512125783,0.561473243883908,0.29082409785315155,0.2063051142641591,8.592292594640684,5.428348087629304,0.631769464067734,3.479348650359807,2.6274710795376617,0.7551617683574049,8.592660765167281,5.390839432077144,0.6273771977511782,received
16,train,1.0960744619369507,96.1875,96.6875,1.1513671875,4.875,5.5546875,4302,10,8.9921875,14.234375,8.948092654422423,8.948214005360851,8.957901212103103,8.984472319831811,8.693768686482775,8.695925472299857,8.858349661773227,8.84334472978904,0.3681640625,,,7.93359375,0.12162226741395787,0.483430019750406,0.23898132317389836,0.21179699713195868,8.597121783163903,5.029302633340775,0.5849984169341261,3.48324408107504,2.3961845427446002,0.6879174950051337,8.596846315401033,5.0052280470452875,0.5822167645452203,3817,10,8.234375,15.09375,8.19232256682741,8.192448903523989,8.198943569664374,8.230691038045792,7.970851283496429,7.973088567986856,8.081192187838498,8.128108180237092,0.45458984375,,,0.28615785577876995,0.5592608901162739,0.307820693239134,0.2270928529091676,8.597121783163903,5.4443232645526916,0.6332727861567035,3.48324408107504,2.5959781783094504,0.7452759892462801,8.596846315401033,5.41159570862864,0.6294861522572416,received
17,train,1.0830708742141724,96.25,96.8125,1.130859375,4.8828125,5.5625,4222,10,9.0859375,14.328125,9.048368326943413,9.048489235724498,9.058805327700403,9.08453620834165,8.756507314346955,8.758658259735439,8.925333568721982,8.905483263492286,0.36572265625,,,8.0078125,0.13522251051872367,0.46622620636241296,0.23051652885008525,0.21221239526318308,8.593310983792461,5.0620276904881845,0.5890660421850781,3.470113003992773,2.434365426621116,0.7015233866505478,8.592691673395727,5.039827744205111,0.5865249139346149,3711,10,8.328125,15.25,8.285983553240678,8.286109647863118,8.292910984263676,8.324196409022678,8.058243814315516,8.06047376317219,8.174041295833657,8.214718894533407,0.45361328125,,,0.29890586143167497,0.5414765272040843,0.3086519272697486,0.2326478793934733,8.593310983792461,5.499579032582433,0.6399837086025392,3.470113003992773,2.6562042119465863,0.7654517904432251,8.592691673395727,5.46739383133837,0.6362841865100605,received
18,train,1.1043424606323242,96.25,96.8125,1.111328125,4.890625,5.5703125,4609,10,9.03125,14.34375,8.988272014837083,8.988393668002384,8.99946216009526,9.024677760823286,8.731634318036859,8.733788646078883,8.917591430108933,8.88091550969338,0.370361328125,,,7.91796875,0.08778961834395503,0.4343967037916841,0.2152010139426025,0.19389304489589418,8.593698727780664,5.172477974983806,0.6018919372007828,3.484954820426653,2.4503803145049847,0.7031311568638906,8.593594083354397,5.151644933319082,0.5994750139871867,4097,10,8.2265625,15.2578125,8.185786739077702,8.185913745655737,8.193038806895213,8.224318740149533,7.996193818719479,7.998430633086017,8.116431413417038,8.153326936560292,0.4609375,,,0.2662631851909219,0.5334807691520986,0.29040298133573544,0.2070728466864679,8.593698727780664,5.622585511187916,0.6542683993577649,3.484954820426653,2.6913057091201775,0.7722641605984116,8.593594083354397,5.59151046895647,0.6506602958809868,received
19,train,1.0437417030334473,96.4375,96.875,1.091796875,4.890625,5.57421875,4839,10,9.1171875,14.2890625,9.064776825647145,9.06489656298715,9.07456678790657,9.100654341171634,8.779588348255379,8.781733037189818,8.943828304640599,8.928100217965465,0.36181640625,,,8.0546875,0.1266735744430436,0.4429068108413117,0.21132414278840864,0.18940964115809109,8.592400078431693,5.07902034298092,0.5911061282784165,3.47925954543894,2.4365965768618914,0.7003204403236013,8.591042745669426,5.055516594680444,0.5884636759872752,4283,10,8.375,15.1796875,8.330154608019873,8.330279373822819,8.336820511333416,8.368005999484199,8.089014370880697,8.09123714985118,8.200976417099787,8.244935920973342,0.448486328125,,,0.2903788619091514,0.5279003072921006,0.2757299890177192,0.20603391409644492,8.592400078431693,5.499154574746932,0.6400021559227316,3.47925954543894,2.6486872956454235,0.7612790195884244,8.591042745669426,5.472423603217122,0.6369917791382963,received
20,train,1.0547441244125366,96.4375,96.9375,1.0732421875,4.8828125,5.55859375,4781,10,9.1796875,14.3984375,9.142637976532919,9.142758554872744,9.154029427461323,9.17862088381768,8.894548315539064,8.896683291650994,9.078853000245589,9.042021208633686,0.3623046875,,,8.09375,0.11558061163508976,0.4329120127962385,0.19831491562323744,0.18679638427743725,8.59559313319031,5.176755068889719,0.6022568761311685,3.4824494987744083,2.464635773451353,0.707730513915203,8.594510794166386,5.1415402336544265,0.5982353570542143,4264,10,8.390625,15.3125,8.34136565334806,8.34149204816912,8.3489259528407,8.379583889514286,8.16242150165035,8.164640197794665,8.287662703919588,8.317811055703118,0.4521484375,,,0.2952045212940456,0.5333287973944867,0.2726255810091223,0.21108294927716256,8.59559313319031,5.632048282925005,0.6552250898402673,3.4824494987744083,2.6984816053251732,0.7748803266996004,8.594510794166386,5.588844251330235,0.6502806716030564,received
21,train,1.0498576164245605,96.5,97.0,1.0546875,4.90234375,5.58203125,5028,10,9.3671875,14.2890625,9.313404482510986,9.31352291945966,9.32508554152034,9.348701172250266,8.987679511496854,8.989801708069782,9.178311254471502,9.13401865547982,0.344482421875,,,8.328125,0.1098652268156293,0.45306051079194853,0.22308676446578296,0.20615103117133018,8.598921495785508,5.1844903619807,0.6029233275965731,3.4599475675192677,2.4728276668195495,0.7147009076188201,8.59883271373726,5.1589857124354825,0.5999634932068894,4482,10,8.671875,15.1875,8.623527295178905,8.623650835013072,8.631826197234325,8.660771932047474,8.361326022920792,8.363520568114286,8.498028510000049,8.514479602231155,0.428955078125,,,0.29260920276848873,0.5471075141542704,0.2859786562052369,0.2217800891907983,8.598921495785508,5.664986738895687,0.6588020069344979,3.4599475675192677,2.7196663453048284,0.7860426472458916,8.59883271373726,5.6355561731887445,0.6553861856372126,received
22,train,1.066885232925415,96.5625,97.0625,1.0361328125,4.90625,5.58984375,5591,10,9.4296875,14.3671875,9.389769583462572,9.389887421730675,9.401877741545071,9.424841707713078,9.073676042841967,9.075787677837187,9.2707774235783,9.21904067041468,0.343505859375,,,8.3828125,0.13114121143575067,0.435517913604468,0.20534802859158466,0.18233672746861954,8.595331615996564,5.261168920153645,0.6120960953225133,3.4673576332249407,2.430843586752795,0.7010651463984987,8.594997102109915,5.239721507602216,0.609624581061925,4995,10,8.703125,15.2734375,8.655561234727589,8.655684447498405,8.66384429118339,8.692694517781469,8.392968763888774,8.39515852547937,8.529041556679383,8.545711044451501,0.430419921875,,,0.30226173266912254,0.5270864207755135,0.2741845271346803,0.19707054867717363,8.595331615996564,5.765374471791908,0.6707564907748421,3.4673576332249407,2.695994382644667,0.7775357110011061,8.594997102109915,5.73501298201543,0.6672501356175663,received
23,train,1.0106722116470337,96.6875,97.1875,1.017578125,4.890625,5.57421875,5354,10,9.28125,14.34375,9.240200432615941,9.240319964138566,9.251972605397572,9.275830945110659,8.949498654888448,8.951626521084814,9.13915818045891,9.09633187538138,0.352783203125,,,8.21875,0.13463371813137848,0.42736177454562074,0.22466873878968774,0.18793787148349048,8.595895003794265,5.2716363551594,0.6132737024861841,3.486970011990021,2.527075572011185,0.7247196171236867,8.593944761492649,5.251228611594431,0.6110382085679552,4853,10,8.515625,15.25,8.476753425540767,8.476878582025433,8.485018100912082,8.514530562672318,8.215642710839838,8.21785450351209,8.350810183252316,8.37041006708275,0.441650390625,,,0.2848918603908519,0.5147836590751419,0.2826752146057348,0.21162559023586336,8.595895003794265,5.771200774618006,0.67139032899664,3.486970011990021,2.790827918758497,0.8003590249305774,8.593944761492649,5.7412393168586515,0.6680563438787426,received
24,train,1.0056593418121338,96.75,97.25,1.0,4.91015625,5.59375,5848,10,9.4609375,14.359375,9.412606055960683,9.412723501275584,9.424540216572167,9.447559309970421,9.107409047809051,9.109515142569022,9.30481031504684,9.252310224441976,0.341064453125,,,8.4140625,0.11868266245593333,0.4429148686550234,0.20475521489642803,0.18449979402463465,8.596641852922236,5.276270614614816,0.6137595010802115,3.4844895523079784,2.493632763619865,0.7156378936387363,8.595289916087214,5.248474709170752,0.610622184988495,5303,10,8.734375,15.2578125,8.687976823071287,8.688099715204098,8.69638705592714,8.724993073114016,8.421335068951127,8.423520958682712,8.560125073193488,8.573732572296292,0.42724609375,,,0.280266109855886,0.5255791784438338,0.2621017702246692,0.19399425197647638,8.596641852922236,5.7828554194655375,0.6726877213687558,3.4844895523079784,2.7690464746294934,0.7946777951437375,8.595289916087214,5.749604753482799,0.6689250519312512,received
1,test,9.377218246459961,78.1875,79.1875,1.5,4.40625,5.01171875,225,10,7.04296875,13.0,6.996060560226828,6.996384065067481,7.003510922852687,7.060069193540063,6.436977746934138,6.462467809568508,6.975345614745178,6.97505547937309,0.458251953125,3.04296875,3.048828125,6.02734375,0.144373467327649,0.5581880235019899,0.3044090110502308,0.32135853462262676,6.658211482751794,3.328561866460343,0.49991831516361973,3.186646652398159,2.1172144094402015,0.6644020000921218,6.559663189357849,3.114389079221551,0.47477880941726075,167,10,6.328125,13.7265625,6.282350033375227,6.282683398088413,6.288573597630741,6.349033309128432,5.857053566565979,5.883280213869514,6.316480678621101,6.415234228402438,0.5390625,3.0859375,3.103515625,0.31029889710159564,0.6026823539926948,0.40941873210517954,0.3393585343221796,6.658211482751794,3.530526781601072,0.530251523362837,3.186646652398159,2.200623377800535,0.6905765269407648,6.559663189357849,3.2938404488089237,0.502135605704989,
2,test,8.899214744567871,80.0625,82.0625,1.4736328125,4.3515625,4.96875,215,9,6.76171875,12.8984375,6.729194952413229,6.72952279432237,6.735918355714329,6.794300951675138,6.250353706598217,6.276079500392535,6.739194323994657,6.794875413101671,0.4755859375,3.240234375,3.029296875,5.734375,0.10753018805341004,0.5458740412628718,0.3359624088564803,0.3480644868422484,6.658211482751794,3.410102202591994,0.5121648976494544,3.186646652398159,2.2103901775390815,0.693641441505797,6.574483738602677,3.1791167916870062,0.48355382994113044,161,9,5.97265625,13.6171875,5.93501444019315,5.93535337911676,5.940414140856197,6.003115411090278,5.550135647792802,5.576745060719501,5.9424343873469425,6.118817568970837,0.5615234375,3.32421875,3.08203125,0.28584365538132916,0.590226359472916,0.44059451875629213,0.35811786889739655,6.658211482751794,3.6371761338288477,0.5462692411094199,3.186646652398159,2.302058977072181,0.7224079818638605,6.574483738602677,3.375091068946067,0.5133621441831111,
3,test,7.662162780761719,81.8125,83.0625,1.4482421875,4.35546875,4.984375,239,10,7.15625,12.8984375,7.110724928905126,7.111047916498976,7.11740742441853,7.174459346924592,6.580114048098339,6.6054167909287145,7.059040584826176,7.113120790200753,0.4453125,3.427734375,3.265625,6.140625,0.11852319126432266,0.5455118275789618,0.3310327025326571,0.335372317279676,6.658211482751794,3.5457505418505395,0.5325379872711861,3.186646652398159,2.3014983333909154,0.722232046549274,6.588810325113304,3.3866221948137545,0.5139960065181444,170,10,6.39453125,13.609375,6.362901553022507,6.363234986388273,6.368594369474048,6.42946237221029,5.89321192733386,5.919390786326716,6.308522256719598,6.45010096434401,0.5302734375,3.501953125,3.34765625,0.29355307681454657,0.587512046123196,0.43912469771308127,0.35183141270670837,6.658211482751794,3.768428602915935,0.5659821128659117,3.186646652398159,2.4003816962331435,0.7532625854286982,6.588810325113304,3.5806088655450274,0.5434378421697021,
4,test,7.127833366394043,80.8125,82.1875,1.4228515625,4.40625,5.02734375,297,10,7.578125,12.9921875,7.51689207614573,7.517206217594391,7.524004363215419,7.578598077329829,6.868515802197564,6.893449466505601,7.396412867710597,7.391471696864332,0.416748046875,3.396484375,3.337890625,6.58203125,0.10832769745619882,0.5439330344702035,0.3057210585236061,0.320912392731791,6.658211482751794,3.6928066320214272,0.5546244125149379,3.186646652398159,2.3743767579211683,0.7451019886796345,6.594975701991904,3.5144087301671174,0.5328918390261314,227,10,6.84375,13.703125,6.792248627561693,6.7925737940872395,6.798601174160793,6.856834176255027,6.20293449834732,6.228718397251274,6.683367915965939,6.749058646758386,0.50048828125,3.484375,3.439453125,0.27966934001294574,0.5956041904306517,0.4336425559517037,0.34483871344101014,6.658211482751794,3.92867906848371,0.5900502077263569,3.186646652398159,2.4926888937062364,0.7822294611265813,6.594975701991904,3.703012984053479,0.561490011697093,
5,test,8.028586387634277,83.9375,84.375,1.3974609375,4.50390625,5.11328125,322,10,8.0,13.2109375,7.903049796807132,7.903355359948004,7.91080363283973,7.962802383365095,6.926912989749954,6.951771351323856,7.498634840326201,7.44782326572956,0.394287109375,3.5859375,3.517578125,7.05859375,0.11348255151571471,0.5501898638147185,0.3094715589659517,0.3121379285113631,6.658211482751794,3.9930086382753416,0.5997118968989339,3.186646652398159,2.4454884492925366,0.7674175131567057,6.606619950061446,3.793296624285505,0.5741660112067177,254,10,7.265625,13.9609375,7.188805850904477,7.189123175967261,7.195376054664261,7.251536186754794,6.416351268122304,6.4418578417598376,6.892684383118404,6.954954580943067,0.4794921875,3.744140625,3.6953125,0.2968415484225265,0.5914357759192471,0.41902785373266993,0.3227769566112958,6.658211482751794,4.265658522433385,0.640661314751513,3.186646652398159,2.554429591870777,0.8016042788893467,6.606619950061446,4.037667096847741,0.6111547398469906,
6,test,8.230381965637207,83.1875,83.9375,1.373046875,4.46875,5.08984375,333,10,8.0234375,13.109375,7.926406825163565,7.926711385419254,7.933342991235866,7.9859652120102,6.877894269306661,6.90281265834524,7.389822734206663,7.400459839341592,0.3876953125,3.677734375,3.513671875,7.13671875,0.09585865378736465,0.5491191050117885,0.32394412342721,0.31952628905176217,6.658211482751794,4.039197212266668,0.6066489811461043,3.186646652398159,2.430446459495398,0.7626971938248406,6.593498062230362,3.8419182008184967,0.58268284369813,261,10,7.3203125,13.8359375,7.244602096612841,7.24491731084141,7.250508977735299,7.306911695492913,6.476379019475198,6.501804033215089,6.9023019028528,7.012796798315251,0.470947265625,3.873046875,3.66796875,0.30396432703228526,0.5907434854211387,0.41835338105766984,0.32760500806762155,6.658211482751794,4.286658460495648,0.6438153055967518,3.186646652398159,2.5585495301969816,0.8028971546850061,6.593498062230362,4.056929861163462,0.6152924931308976,
7,test,7.556536674499512,84.625,85.375,1.349609375,4.5390625,5.171875,320,10,8.0,13.34375,7.920751132354159,7.9210578062838914,7.9293603322118145,7.980644207324412,6.980217821167569,7.0050084532635655,7.63359428318992,7.499280811217459,0.400390625,3.716796875,3.56640625,7.03125,0.10631915785203606,0.5571077614435842,0.2927106351538261,0.29845469186979773,6.658211482751794,4.1915210921448915,0.6295265782715217,3.186646652398159,2.474485798388126,0.7765171568444572,6.603182543766213,3.957396130233911,0.5993164817122801,263,10,7.234375,14.171875,7.1732306376034245,7.1735491678936265,7.180104618192899,7.236172926174439,6.357574638932123,6.38315672089717,6.832059653568724,6.898231692963183,0.4892578125,3.94140625,3.751953125,0.31917089323720477,0.6166131636762313,0.4217146310819947,0.3160225145113264,6.658211482751794,4.484623060052902,0.6735477044654397,3.186646652398159,2.616050786476965,0.8209415952999422,6.603182543766213,4.218760083753204,0.6388979943824146,
8,test,7.52903413772583,85.625,86.625,1.326171875,4.515625,5.11328125,328,10,8.0546875,13.25,7.963338186558683,7.963642526406288,7.971442961079197,8.022803608462652,6.922813431954005,6.947676651766427,7.502863189364368,7.443859746708305,0.392333984375,3.68359375,3.462890625,7.12109375,0.13002624908360755,0.5551111309176024,0.31725680559420877,0.3132333596542287,6.658211482751794,4.1651045935825275,0.6255590715873623,3.186646652398159,2.5357655446253693,0.7957473235123325,6.612547189152832,3.961827277713464,0.5991378457324906,260,10,7.31640625,14.015625,7.235987542926525,7.236303407664,7.242662827403998,7.298413456244119,6.416306017047132,6.441808376089733,6.892360057983332,6.954828040476223,0.47802734375,3.875,3.62890625,0.3247459511278948,0.6038912564055603,0.42586756645414736,0.32847293841817576,6.658211482751794,4.450329668038154,0.6683971633473652,3.186646652398159,2.6731681524168422,0.8388655674783111,6.612547189152832,4.216370840934559,0.6376318717015825,
9,test,7.256982803344727,84.5,85.375,1.302734375,4.4765625,5.140625,339,10,8.234375,13.3046875,8.145479751099074,8.145780600216062,8.153781553540162,8.204107771025397,7.023737193538625,7.048472294827369,7.627683040251395,7.541285809908751,0.381103515625,3.720703125,3.5625,7.31640625,0.11958702263690643,0.5732017353254413,0.31171963235965905,0.3019059411714377,6.658211482751794,4.260744466068694,0.6399232702515115,3.186646652398159,2.5443703599442324,0.7984475963249418,6.606364233880286,4.030077171944342,0.6100295153688874,275,10,7.4609375,14.1015625,7.3844411930535365,7.384753735376887,7.3912805523741625,7.446113068360453,6.551512608438728,6.576847908556506,7.069070841624763,7.085439159421663,0.470947265625,3.94140625,3.740234375,0.3386374848175777,0.6133164705816405,0.4178845299215449,0.3141381018829117,6.658211482751794,4.5480368293613695,0.6830718491209139,3.186646652398159,2.682825648120927,0.8418961813986894,6.606364233880286,4.284537722077355,0.6485470026167187,
10,test,7.236403465270996,83.3125,84.875,1.2802734375,4.5390625,5.1796875,368,10,8.6640625,13.421875,8.5475610716389,8.547854860693501,8.557074920695388,8.604446417858295,7.333461958082395,7.3577985901197644,8.06476503680075,7.840176381226233,0.354248046875,3.771484375,3.607421875,7.796875,0.11027274539759094,0.5618021280496192,0.30374554135989273,0.29038470291599516,6.658211482751794,4.282470064289951,0.6431862483466859,3.186646652398159,2.486967662471547,0.7804340844002713,6.599132768029586,4.030797475736928,0.6108071495795153,302,10,8.0078125,14.2265625,7.915233731244009,7.9155371753451655,7.923437224344136,7.974637218740916,6.938515558915348,6.963357776251355,7.564375790433829,7.458996797978976,0.43701171875,4.00390625,3.79296875,0.33113078660873013,0.611649174908642,0.39548090196208396,0.29860209724954007,6.658211482751794,4.5891984745072305,0.6892539364956527,3.186646652398159,2.6222861646177718,0.8228983162109708,6.599132768029586,4.298803914450604,0.6514195221646025,
11,test,5.883293628692627,86.125,87.625,1.2578125,4.5078125,5.15625,353,10,8.4609375,13.34375,8.362300888919805,8.36259758216083,8.370814515785439,8.419932334378734,7.318262153493423,7.342612997789389,7.961245744651006,7.825404372457966,0.365966796875,3.833984375,3.671875,7.5859375,0.11382458981337934,0.5488026945314554,0.31163104708722444,0.29842534765045076,6.658211482751794,4.290093630410647,0.6443312354262409,3.186646652398159,2.5342155060275244,0.7952609066713946,6.612019230227202,4.1086125980166495,0.6213854580509848,304,10,7.7734375,14.15625,7.689367782688455,7.689675187085689,7.69635235824125,7.749745995988702,6.712080956180888,6.737207158300001,7.234048404121477,7.240340232190392,0.450927734375,4.109375,3.912109375,0.33594269891490997,0.6050665639260778,0.4081442594115725,0.30920114901624707,6.658211482751794,4.613979921954902,0.6929758740628009,3.186646652398159,2.6827726708950266,0.8418795566417963,6.612019230227202,4.405386799179708,0.6662695079651683,
12,test,6.8587727546691895,86.5,87.375,1.2353515625,4.484375,5.12109375,350,10,8.4921875,13.2734375,8.389269189017194,8.389565771108108,8.397859946063893,8.44683690733568,7.245907537200075,7.27035728062086,7.869517322165515,7.755692242700439,0.35986328125,3.845703125,3.697265625,7.59375,0.12361645575411546,0.5481270367496665,0.3272215496012761,0.3156196732043057,6.658211482751794,4.356823452833744,0.6543534197013968,3.186646652398159,2.5521515512000663,0.8008894080802482,6.612678507172014,4.160284623376726,0.6291375905942717,287,10,7.7578125,14.0859375,7.661812230329362,7.662120126813655,7.669055146531871,7.722310913254905,6.793068531063642,6.818094161441832,7.343806153351972,7.31856522778828,0.44921875,4.1875,3.974609375,0.32525911573619315,0.6004927003843079,0.42668616060227843,0.3223386444934268,6.658211482751794,4.6928228728882715,0.7048173349622652,3.186646652398159,2.7103846339192135,0.8505444530159855,6.612678507172014,4.469627325553354,0.6759178327973546,
13,test,7.344699382781982,84.0625,86.875,1.2138671875,4.5703125,5.23828125,389,10,8.8984375,13.5859375,8.801195543949513,8.801486727789142,8.81635205663634,8.857259113074138,7.543093458166463,7.567169683968034,8.622389280511307,8.042655863818,0.344970703125,3.876953125,3.72265625,8.015625,0.07554180481542148,0.5037730769951715,0.2762262366648294,0.28837891410236277,6.658211482751794,4.522240594106588,0.6791975000826463,3.186646652398159,2.525167241046387,0.7924214751409712,6.603033840390695,4.209404692445567,0.6374955504084621,327,10,8.2421875,14.421875,8.168576910522049,8.16887794464428,8.181535636508828,8.22719370203119,7.111891389851177,7.136514653783229,8.009878402600457,7.6263899287817765,0.428466796875,4.1953125,3.98046875,0.25760116739331745,0.5922681936225203,0.3819268114721231,0.3086145760368823,6.658211482751794,4.9205859558506795,0.7390251824529062,3.186646652398159,2.700832841290709,0.8475470097251468,6.603033840390695,4.560033572745818,0.6905967291659383,
14,test,7.858607769012451,84.1875,85.375,1.1923828125,4.57421875,5.2421875,378,10,8.859375,13.6953125,8.753580296258352,8.753872541004293,8.770237734109324,8.809887609030206,7.538831010761778,7.5629092865194405,8.653906013151762,8.038476948827743,0.35302734375,4.00390625,3.8046875,7.9765625,0.07886354605844818,0.4961537692164743,0.3002913674150102,0.29989584762424326,6.658211482751794,4.452029987202616,0.6686525351043103,3.186646652398159,2.563717493061488,0.8045189105394298,6.609745851434407,4.176559065334215,0.6318789192821753,332,10,8.265625,14.640625,8.174541970901544,8.174843491447122,8.188108911667351,8.2332251618025,7.178901157316995,7.203444149265685,8.16476887453353,7.691170522161954,0.435302734375,4.3984375,4.08984375,0.25488906212154977,0.5866188092670988,0.4081585554724437,0.3155432455299352,6.658211482751794,4.854294317410384,0.7290688092418681,3.186646652398159,2.758979233352153,0.8657939000785798,6.609745851434407,4.548597688283832,0.6881652926635179,
15,test,6.233606815338135,86.0,86.25,1.171875,4.60546875,5.265625,363,10,8.625,13.71875,8.528747428804337,8.52904223703432,8.544248730910532,8.585814415110661,7.439161283471286,7.46336916193681,8.589979334272371,7.942321022572764,0.371337890625,3.859375,3.775390625,7.6640625,0.08515030640168497,0.5098647909512685,0.31073503793031204,0.30414081907422164,6.658211482751794,4.520529957695661,0.6789405787734691,3.186646652398159,2.550045370572543,0.800228468585768,6.603898223892156,4.244488556617086,0.6427247078492226,313,10,7.94921875,14.609375,7.86627517814957,7.8665806380021115,7.877595282906844,7.926063464789252,6.811940887837614,6.836945817900328,7.5864756697879265,7.336851170069648,0.455810546875,4.17578125,4.0390625,0.2701571809912261,0.5997408954639174,0.4084524384631001,0.3103730532737431,6.658211482751794,4.9082554438834585,0.7371732569021539,3.186646652398159,2.737195826169957,0.8589580599123028,6.603898223892156,4.590401839570896,0.6951048735068844,
16,test,7.666997909545898,86.125,86.75,1.1513671875,4.625,5.265625,409,10,9.2109375,13.7421875,9.109503103602284,9.109788626794412,9.128560603901121,9.164189876235946,7.829822677420291,7.85353094637757,9.166135227174713,8.319372485359104,0.32958984375,3.806640625,3.734375,8.359375,0.062447235979330426,0.5132901552172239,0.28068945200661405,0.28116855536088176,6.658211482751794,4.611462458183386,0.6925977749624588,3.186646652398159,2.5237414926645654,0.7919740617508645,6.614850922279978,4.3676963616128806,0.6602864392456242,339,10,8.6328125,14.640625,8.54058489733698,8.54087968352943,8.556495105210692,8.59762673051025,7.444797940696869,7.468998480924756,8.584313872405069,7.947758397976853,0.410400390625,4.1171875,4.0546875,0.2547444901257858,0.5996018523971381,0.3685343520171739,0.29076194192588434,6.658211482751794,5.025578944986757,0.7547941302263531,3.186646652398159,2.731592861609344,0.8571997963921235,6.614850922279978,4.74976687005376,0.7180459432661909,
17,test,7.400752067565918,86.125,87.75,1.130859375,4.56640625,5.25390625,372,10,8.859375,13.703125,8.769642387699268,8.76993472448317,8.787268876890137,8.825939643819401,7.53243169146616,7.556522442188731,8.64258266148829,8.0323835536482,0.353515625,4.05078125,3.8984375,7.9296875,0.07733606462805004,0.5142662361892566,0.29099872621485356,0.30245043743405153,6.658211482751794,4.5585361975061005,0.6846487542961144,3.186646652398159,2.5982265951371906,0.8153481946866797,6.607649876566694,4.300352205220544,0.6508141753199229,308,10,8.1640625,14.6484375,8.074886959357874,8.075190585719751,8.088987261380804,8.134059130835038,7.0866224152664135,7.111283491002085,8.095744449330496,7.602108649613094,0.4423828125,4.54296875,4.2578125,0.2719120640109445,0.6109560706140614,0.4221974344360186,0.31651012264597844,6.658211482751794,4.937658204304002,0.7415892716978256,3.186646652398159,2.774530858562952,0.8706741478459611,6.607649876566694,4.631921894779679,0.7009938452105766,
18,test,6.084146499633789,86.0,86.75,1.111328125,4.671875,5.3046875,381,10,8.8359375,13.84375,8.724757499243598,8.725048273171039,8.742678691318417,8.780889851392413,7.531903042756543,7.555996906578327,8.799536299330994,8.031920732277925,0.361572265625,4.10546875,3.830078125,7.91015625,0.10048177881455753,0.4901163684905959,0.2973150009839699,0.2817499574332899,6.658211482751794,4.5778436736280685,0.6875485534647026,3.186646652398159,2.5359861030165787,0.7958165368313064,6.613634175822511,4.3455985811977325,0.6570666694997971,296,10,8.125,14.78125,8.01912781184845,8.019430010051567,8.032617849981081,8.078173228929655,7.024048123956487,7.048789130900004,7.999527165402705,7.541712169236023,0.450439453125,4.578125,4.14453125,0.25698870248446193,0.5759282218888855,0.4043092989258092,0.2951027520010628,6.658211482751794,4.964055638226963,0.7455539150545805,3.186646652398159,2.730829716665597,0.8569603142571424,6.613634175822511,4.683949233986477,0.708226235298833,
19,test,7.811282634735107,83.4375,83.5625,1.091796875,4.68359375,5.37890625,375,10,9.0703125,14.0078125,8.947332554094963,8.947620871369585,8.967680751158218,9.002726033026173,7.72834418233619,7.752188771626233,9.126370059357017,8.221555427659844,0.352783203125,3.9375,3.6796875,8.1484375,0.12303489653163796,0.5128507633584167,0.289749331670892,0.26820459147091935,6.658211482751794,4.544438754704915,0.682531452549586,3.186646652398159,2.4487421262525286,0.7684385479041709,6.577124587677941,4.222390454525243,0.6419812181201149,319,10,8.4140625,14.9921875,8.319607294458287,8.319905596279858,8.335470466391401,8.377566656048693,7.201978882536563,7.2264991765633395,8.338281731298133,7.713577271034107,0.438720703125,4.3984375,4.0,0.2965318253028138,0.6091369179228817,0.37331937108446156,0.27989575548911394,6.658211482751794,4.9465668118089585,0.7429272597638451,3.186646652398159,2.6421585230604334,0.8291344511234207,6.577124587677941,4.590216291437606,0.6979062400668596,
20,test,6.787269115447998,86.375,87.625,1.0732421875,4.765625,5.39453125,364,10,8.8046875,14.03125,8.725890586436893,8.726186292614926,8.747533419746704,8.782779747474518,7.69691031052411,7.7207939593179535,9.136700309175238,8.19119542993669,0.3720703125,3.9921875,3.78125,7.79296875,0.10895369032874104,0.4902658727055518,0.2946317882487321,0.2657442595135407,6.658211482751794,4.679579123685132,0.7028282498697523,3.186646652398159,2.5975061845159955,0.8151221229881898,6.6082406325309835,4.385785075647378,0.6636842269419001,298,10,8.0390625,15.0703125,7.962784385273407,7.963092367750279,7.979005014000536,8.022821916305936,7.166658997873587,7.191226995771184,8.305198404758489,7.679536809984148,0.466796875,4.46875,4.1484375,0.2695539740033079,0.584440724590286,0.3683536526641304,0.26716183437200375,6.658211482751794,5.088086519000235,0.7641821729725778,3.186646652398159,2.82019576434437,0.8850042292018756,6.6082406325309835,4.7531849246246765,0.7192814531035301,
21,test,4.026305675506592,89.375,89.75,1.0546875,4.75390625,5.375,362,10,8.890625,14.015625,8.786796386648707,8.78708957682412,8.808528487578146,8.843202490296399,7.775375862978865,7.799159801588366,9.277913104931551,8.266939382705974,0.36572265625,3.978515625,3.720703125,7.875,0.08011876564175383,0.47461881943668777,0.28950571929924435,0.2649482305746812,6.658211482751794,4.682020186919042,0.7031948743364328,3.186646652398159,2.5225177173549715,0.791590029430032,6.625707479258954,4.490903650476192,0.677799867340125,286,10,8.1171875,15.015625,8.044760797810534,8.04506613744536,8.060664127648959,8.104253987834797,7.174681435618116,7.1992330867462115,8.2583203056726,7.687161696694133,0.45947265625,4.4765625,4.06640625,0.23892878944670493,0.5749661031235267,0.3594973448416497,0.2693044329121735,6.658211482751794,5.105089576049858,0.7667358703271406,3.186646652398159,2.7358261909340458,0.8585282553605867,6.625707479258954,4.883442768921852,0.7370447283114944,
22,test,6.317320823669434,86.875,89.125,1.0361328125,4.77734375,5.45703125,392,10,9.03125,14.0078125,8.9209841415717,8.921272271403625,8.93939612007077,8.976377876821312,7.661164850778321,7.685088206261879,8.951816999664459,8.156578692089424,0.355224609375,4.2109375,3.86328125,8.109375,0.10245986652195463,0.44967851938754677,0.26952901766096793,0.24985749445042638,6.658211482751794,4.599886721453364,0.6908592094693067,3.186646652398159,2.5199999316306867,0.7907999243449921,6.604769818529337,4.3682580605023285,0.6613793032192293,327,10,8.34375,14.984375,8.258985942555633,8.259285755270298,8.272456224945694,8.31726579419765,7.1855560224474555,7.210088295890679,8.136436079558344,7.6975504624748545,0.443115234375,4.82421875,4.2578125,0.27864841521732775,0.5499946412353698,0.3560573673960431,0.2577846979648789,6.658211482751794,5.012274176306098,0.7527958805890256,3.186646652398159,2.7301780375039533,0.8567558111437666,6.604769818529337,4.727643731962032,0.7157923533835917,
23,test,5.176747798919678,88.25,89.25,1.017578125,4.69140625,5.390625,419,10,9.2109375,13.9375,9.104312862390882,9.10459887424914,9.12436854532026,9.159083442009543,7.826460208570964,7.850172321617227,9.200446511625431,8.316118173689322,0.33935546875,4.2109375,3.994140625,8.265625,0.14003057140042877,0.49566665522741116,0.25547594153354597,0.2625252896041843,6.658211482751794,4.743110678954931,0.7123700848556759,3.186646652398159,2.6184234138930913,0.8216861483285438,6.620745391433408,4.5071770105627555,0.6807657966117528,363,10,8.5078125,14.9140625,8.424287751440108,8.424585865918122,8.440920217768076,8.482040122174478,7.402362873126062,7.426624245467889,8.626244294188984,7.906929108873206,0.429931640625,4.8828125,4.453125,0.29643100942689676,0.5928475121617022,0.3562688675398605,0.2668102397953701,6.658211482751794,5.146897520825354,0.7730150257555616,3.186646652398159,2.8186703652118927,0.8845255444593016,6.620745391433408,4.870761689296596,0.7356817701521767,
24,test,5.441869258880615,86.5,88.375,1.0,4.8125,5.4765625,398,10,9.2421875,14.15625,9.133863458620983,9.13414792267096,9.156353368748345,9.188350837227459,7.796432682399905,7.820187636900503,9.352768575186708,8.287224034892924,0.34716796875,4.1484375,3.849609375,8.3046875,0.09925665261924196,0.43297830492594097,0.26517954412981315,0.2442538071340089,6.658211482751794,4.703981035695747,0.7064931848262086,3.186646652398159,2.520516913011284,0.7909621580147366,6.614966895384316,4.478291824326255,0.6769938376337219,332,10,8.546875,15.21875,8.434566748117096,8.434863375579997,8.451975446108756,8.492072067279118,7.315998571738714,7.340368248050351,8.516194745938755,7.823532559661802,0.4384765625,4.8125,4.32421875,0.25504618706144166,0.5331080692831319,0.34549016404742416,0.24560472131226674,6.658211482751794,5.133998538856973,0.7710777214206369,3.186646652398159,2.7498890777023037,0.862941322858257,6.614966895384316,4.865961830798121,0.7355988182183365,
