epoch,phase,loss,accuracy,accuracy_nn,temperature,length,length_nn,lexicon_size,actual_vocab_size,entropy_msg,entropy_max,entropy_msg_mc_ml,entropy_msg_mc_perks,entropy_msg_mc_james-stein,entropy_msg_mc_minimax,entropy_msg_1_ml,entropy_msg_1_perks,entropy_msg_1_james-stein,entropy_msg_1_minimax,redundancy,kld_train_test,kld_test_train,mutual_info_sent_received,topsim,topsim_norm_max,topsim_cosine,topsim_cosine_norm_max,entropy_target,mutual_info_msg_target,proficiency_msg_target,entropy_target_category,mutual_info_msg_target_category,proficiency_msg_target_category,entropy_selected,mutual_info_msg_selected,proficiency_msg_selected,lexicon_size_nn,actual_vocab_size_nn,entropy_msg_nn,entropy_max_nn,entropy_msg_mc_ml_nn,entropy_msg_mc_perks_nn,entropy_msg_mc_james-stein_nn,entropy_msg_mc_minimax_nn,entropy_msg_1_ml_nn,entropy_msg_1_perks_nn,entropy_msg_1_james-stein_nn,entropy_msg_1_minimax_nn,redundancy_nn,kld_train_test_nn,kld_test_train_nn,topsim_nn,topsim_norm_max_nn,topsim_cosine_nn,topsim_cosine_norm_nn,entropy_target_nn,mutual_info_msg_target_nn,proficiency_msg_target_nn,entropy_target_category_nn,mutual_info_msg_target_category_nn,proficiency_msg_target_category_nn,entropy_selected_nn,mutual_info_msg_selected_nn,proficiency_msg_selected_nn,messages
1,train,7.759579658508301,75.1875,75.875,1.5,3.224609375,3.224609375,966,11,5.6875,9.0546875,5.6844897279221485,5.6845786365179585,5.686538110157401,5.711633080658547,5.667476008916491,5.669149241353833,5.703412458002359,5.778247588451472,0.3720703125,,,4.30859375,0.17063339331186086,0.5245451894225419,0.28517904904991237,0.33289941467961176,8.596772737735733,3.2683556320716507,0.3801840215834865,3.487350478851525,1.776917256360889,0.5095321698053343,8.583416078447584,3.186847004066472,0.3712795668927717,757,10,4.58984375,8.75,4.592831132119956,4.59293678691612,4.594354730553016,4.624695805926185,4.577690543558227,4.579569881581211,4.60336481608466,4.7047920359404,0.475341796875,,,0.20007988529421458,0.545724568240685,0.3051248106040125,0.34644127021640464,8.596772737735733,3.344522252727794,0.38904393017706934,3.487350478851525,1.8018384979020077,0.5166783518975128,8.583416078447584,3.250787520479478,0.3787288756328614,received
2,train,4.156692028045654,86.125,87.1875,1.4736328125,3.255859375,3.255859375,247,11,5.98046875,9.0703125,5.976137364815773,5.976220011209041,5.978271386741451,6.001588269904097,5.935224386760899,5.936805075007724,5.971845662964615,6.039846702314412,0.340576171875,,,4.6484375,0.14641209512360917,0.5170677701194436,0.27653527604481803,0.34201435094799176,8.593553053147255,3.6429274690725553,0.4239140023390429,3.4955173284148326,1.882896073373665,0.5386602029026506,8.582761069050083,3.5799205233161553,0.41710592832713816,134,10,4.90234375,8.765625,4.903996815276116,4.9040974430045035,4.905653289068711,4.9344866825995926,4.8940651906940875,4.895880817852214,4.922186651366869,5.0161622471608025,0.440673828125,,,0.1714699596694103,0.5374501953938099,0.2952887354542688,0.3550252101300285,8.593553053147255,3.7497809074742294,0.4363481419482167,3.4955173284148326,1.9155666023875595,0.5480066102994379,8.582761069050083,3.6751732323361823,0.42820407125034193,received
3,train,3.4911108016967773,88.25,89.25,1.4482421875,3.259765625,3.259765625,329,11,6.15234375,9.0390625,6.148839554484612,6.14892118415023,6.151063009431619,6.173706275177167,6.141589431259749,6.143120512856347,6.179750874400119,6.24259797524941,0.3193359375,,,4.83984375,0.1292576186530541,0.5279898109409203,0.25820733036560634,0.33717704734875475,8.594797374507188,3.8879002664270885,0.4523550814541471,3.477859322340179,1.9742780936315842,0.5676704865403048,8.589861057444097,3.8260079603609816,0.4454097609699179,185,10,5.078125,8.7421875,5.073253444580745,5.073352112028596,5.075052055435744,5.103166238706949,5.0708296965073085,5.072613501005369,5.101308224952192,5.190480683584299,0.418701171875,,,0.14892402535011134,0.5467595308101616,0.275305712723865,0.3503585849704054,8.594797374507188,4.005026878953896,0.4659826991190166,3.477859322340179,2.0172081025202635,0.5800142891239564,8.589861057444097,3.935695537112027,0.45817918483108605,received
4,train,3.059394121170044,89.875,91.0,1.4228515625,3.259765625,3.259765625,309,11,6.40625,9.078125,6.402073535941662,6.4021521725602515,6.404696673256355,6.426090586099209,6.389823413317986,6.3913196215781705,6.434426962466662,6.487732453084692,0.29443359375,,,5.1484375,0.15665472545628434,0.48921399966904594,0.2432980223552311,0.3307042573267327,8.588564712578204,4.119254915228181,0.47962087416019716,3.5078573217243463,2.090257174290417,0.5958786183649328,8.583010154052158,4.033831730590195,0.46997867393711135,175,10,5.3671875,8.7734375,5.363861506900337,5.3639584227140285,5.366083569361783,5.393030744880793,5.375507775878251,5.377252875183935,5.4128437983950635,5.49167868739097,0.38818359375,,,0.18141402392332195,0.5091280078871604,0.2620451927926894,0.34485791063164434,8.588564712578204,4.281785437118509,0.4985449350865004,3.5078573217243463,2.157968601242082,0.6151814065747965,8.583010154052158,4.194017332466147,0.4886417768579818,received
5,train,2.592679023742676,91.5,92.8125,1.3974609375,3.255859375,3.255859375,318,11,6.45703125,9.0234375,6.456814527704582,6.4568884906844195,6.459388659185835,6.480035823563728,6.425272426793155,6.426760884168701,6.471118147190192,6.5227605367896455,0.28466796875,,,5.28515625,0.12387109818412313,0.5112203181496296,0.25286821478211274,0.31893558728507543,8.593691122904483,4.273133425065109,0.4972407506800037,3.4698436212258366,2.1181742831727552,0.6104523760711845,8.588661502560063,4.191247567062557,0.4879977591168603,180,10,5.4375,8.71875,5.437756693156526,5.437850390907069,5.440041539825553,5.466279553527863,5.426456481057794,5.428189988819336,5.465499780139635,5.54183307461163,0.37646484375,,,0.1462502306707866,0.5266839370881553,0.26576808808049057,0.32796787796994037,8.593691122904483,4.457380890855743,0.5186806026778914,3.4698436212258366,2.1904522247720655,0.6312826927912722,8.588661502560063,4.368644955573373,0.5086525943851892,received
6,train,2.3999500274658203,92.0,93.4375,1.373046875,3.29296875,3.29296875,371,11,6.6015625,9.078125,6.597318605639427,6.597388962006671,6.599905216978244,6.619629772211381,6.558955986497184,6.560397739520448,6.605205957137224,6.653244394969792,0.27294921875,,,5.37109375,0.1390513885399623,0.4932795173010918,0.2474561660054275,0.30312708133476973,8.59949008787855,4.3950568188381185,0.5110834216825473,3.477392430308821,2.1673764470778556,0.6232763458582024,8.59424347649636,4.308825729188477,0.5013618407451809,226,10,5.58984375,8.7734375,5.5862400518685575,5.586329938332021,5.58855362167155,5.61387955437765,5.564164106813804,5.565853730075367,5.603768999517122,5.676666067444366,0.363037109375,,,0.16518112993460535,0.5152118528275925,0.26636798861788163,0.3165978317326536,8.59949008787855,4.603595130945545,0.5353335004635407,3.477392430308821,2.253561634154842,0.6480607752271167,8.59424347649636,4.505807411294924,0.5242820294325452,received
7,train,2.2255170345306396,92.5625,93.875,1.349609375,3.314453125,3.314453125,426,11,6.69921875,9.1328125,6.6943008300306,6.694366183713017,6.696763818504987,6.7154928184618745,6.6541100227260905,6.655507126138381,6.699554621644913,6.745631777805073,0.266845703125,,,5.5,0.1496898822469068,0.48492394374402636,0.248992159663136,0.29019873623708325,8.594599999919506,4.365078332076475,0.5078861531795962,3.4541110477157453,2.146049113525952,0.6213028718185438,8.589195952188991,4.291611837412995,0.4996523378092521,264,10,5.6875,8.828125,5.684977082660094,5.6850626128753,5.687180220127205,5.711623918392982,5.6661897322960515,5.667834086474922,5.704663816316076,5.775862404160515,0.355224609375,,,0.17421629097326233,0.5042275044062178,0.26508494498873864,0.3001527396316289,8.594599999919506,4.577286873828909,0.5325770686095662,3.4541110477157453,2.2412324250552356,0.6488594008977783,8.589195952188991,4.493959147900283,0.5232106908394586,received
8,train,2.1763432025909424,92.75,94.0,1.326171875,3.34765625,3.34765625,435,11,6.82421875,9.2109375,6.815781706980092,6.815846853243733,6.818496942668518,6.836739086094195,6.792951153611986,6.794318138978721,6.842282132060259,6.882309645521671,0.259033203125,,,5.58203125,0.16282590418256546,0.47799627641888026,0.24024320878481784,0.293413034034216,8.593007147674346,4.54023881476135,0.5283643707884199,3.4849379289306905,2.200713667666651,0.6314929311644619,8.588983533987447,4.474268252321791,0.5209310548351472,275,10,5.8125,8.890625,5.8045310906559475,5.804615729270494,5.806935664089152,5.830864507340687,5.763812705846346,5.765463053212136,5.805833749933497,5.873138664870106,0.346435546875,,,0.18576337135596135,0.4952472039894454,0.26476193863541186,0.30982411817437466,8.593007147674346,4.777245402670089,0.5559457033575291,3.4849379289306905,2.3110166713974607,0.6631442850709732,8.588983533987447,4.700795867008066,0.5473052600935323,received
9,train,2.0486042499542236,93.125,94.4375,1.302734375,3.341796875,3.341796875,420,11,6.796875,9.171875,6.796003735395308,6.7960682679000755,6.798569948041444,6.8168793654928255,6.741367299473034,6.742739741375394,6.788029014578882,6.831212478955661,0.25927734375,,,5.57421875,0.15811896188701027,0.4737152612466267,0.23068634231509047,0.27723653369218115,8.595620112586284,4.571248270365079,0.531811342345336,3.465399749397177,2.2284303931382645,0.6430514671578397,8.590802094036425,4.5092881294811304,0.5248972191562176,267,10,5.7890625,8.859375,5.784009019321305,5.7840941428267705,5.786342414690821,5.810437293872666,5.764068531761435,5.765711612801626,5.804922011271939,5.873030483232329,0.3466796875,,,0.18396616946140132,0.4921211984985617,0.24820765643875187,0.28873975547478137,8.595620112586284,4.816318185502354,0.5603223644621029,3.465399749397177,2.3420030726761913,0.6758247942632287,8.590802094036425,4.740798499093192,0.5518458517842201,received
10,train,1.9747798442840576,93.375,94.625,1.2802734375,3.34375,3.34375,449,11,6.84765625,9.1875,6.8478686562896485,6.847931566121536,6.850455240877047,6.868258797660996,6.800427018743953,6.801778594910799,6.8482510112979185,6.88896925033747,0.254150390625,,,5.609375,0.1673856448952662,0.48422228437919806,0.23090176618310762,0.28588116936600144,8.595271025535187,4.580728424938865,0.532935891297697,3.47549163034123,2.216644194602014,0.6377929888395041,8.588757523911696,4.514201182630957,0.5255942049898497,297,10,5.8515625,8.8671875,5.852465140417341,5.852548340435062,5.854827598054316,5.878343800777975,5.827970084277078,5.829582806993678,5.869295664926798,5.935104979699205,0.34033203125,,,0.18746020569402608,0.5002674888858527,0.2534605155706832,0.3011474967783428,8.595271025535187,4.825404406508329,0.5614022399262126,3.47549163034123,2.3345768558911386,0.6717256446570483,8.588757523911696,4.7511292649291255,0.5531800439937503,received
11,train,1.950327754020691,93.375,94.75,1.2578125,3.349609375,3.349609375,482,11,6.875,9.1875,6.87170250261344,6.871767450428662,6.8744049924156085,6.892434238022934,6.850172125001225,6.851521992387023,6.898969022889137,6.938255307260166,0.251708984375,,,5.67578125,0.1566166623628849,0.5004644054835827,0.2395206567129201,0.3070614583689858,8.59538573976676,4.660728271489727,0.5422360802176399,3.4739707106072144,2.2438999369608803,0.6459179204100629,8.594214898368648,4.593651573564945,0.5345050860244269,313,10,5.875,8.875,5.87449341244238,5.874578610653019,5.876949882468493,5.900667888854249,5.836280824414365,5.837908202138291,5.8786760521903085,5.9440989714602175,0.337890625,,,0.1786599269327033,0.5165433736475694,0.2614172031050497,0.32189839901904266,8.59538573976676,4.9250910018750576,0.5729924346604952,3.4739707106072144,2.3610779657553502,0.6796482073225822,8.594214898368648,4.841931728501387,0.5633943048620395,received
12,train,1.88089120388031,93.625,95.0,1.2353515625,3.34765625,3.34765625,468,11,6.9296875,9.2265625,6.929876568942261,6.929940965898811,6.932746439098714,6.950384951861955,6.887270980352634,6.888607278199889,6.938231361383644,6.974539267736347,0.2489013671875,,,5.734375,0.15805467233063047,0.4994904197926198,0.24448665059053054,0.29478935552410723,8.594053134534636,4.760190083835806,0.5538934899887105,3.4765080674709132,2.2612059712184935,0.6504244855279376,8.59129700959174,4.695802425867256,0.5465766601509219,313,10,5.93359375,8.90625,5.925446871943213,5.925531768311486,5.928027863608589,5.951533344342196,5.892570485617105,5.894192918939877,5.937168265972603,5.999839095860812,0.334228515625,,,0.18739921862961345,0.5224213773785471,0.2681904623961901,0.3107035207660389,8.594053134534636,5.046985397751067,0.5872648584717365,3.4765080674709132,2.3813204901000447,0.6849748206775788,8.59129700959174,4.970448511180145,0.578544602244678,received
13,train,1.8689262866973877,93.75,95.0,1.2138671875,3.34765625,3.34765625,508,11,6.94140625,9.203125,6.938623689189971,6.938688437628837,6.941425912101979,6.959180720089576,6.897898262316996,6.899229781517409,6.947469435454347,6.984869085144604,0.2457275390625,,,5.7265625,0.15351021772020124,0.4894597789649697,0.2384308475406847,0.3020202665107896,8.595924253894626,4.756486481261036,0.5533420654685243,3.4747073572987195,2.284210065229251,0.6573819980641548,8.592898045835838,4.680127170209807,0.5446506109167466,333,10,5.94921875,8.8828125,5.945533040014739,5.945617350022055,5.948067109604514,5.971496777892472,5.926728509018361,5.928346406884496,5.9707235431938495,6.033492887892308,0.33056640625,,,0.1769305283132909,0.5083445350288747,0.2649855454042996,0.3199723376567376,8.595924253894626,5.034578815464633,0.585693715621514,3.4747073572987195,2.408129314932611,0.6930452171387234,8.592898045835838,4.948857911782044,0.5759241975622282,received
14,train,1.9280229806900024,93.625,94.9375,1.1923828125,3.345703125,3.345703125,513,11,6.9921875,9.234375,6.991085485895047,6.99114891977521,6.993979634483138,7.01130120014533,6.971128510341613,6.97244858698409,7.0229063478133416,7.056917603628591,0.2430419921875,,,5.796875,0.16308444589414828,0.49894939140189365,0.24141324694120375,0.3107020221208339,8.593675532220828,4.8093620357504605,0.559639704538344,3.483551299832798,2.266680472515482,0.6506809509664109,8.588731009267956,4.735833093065711,0.5514007934298272,339,10,6.0078125,8.921875,6.002089852914526,6.002174209162094,6.004682742816036,6.0279519407846465,5.9680764525228875,5.969691410082385,6.012572215456694,6.074375918411611,0.32666015625,,,0.19029489435263666,0.5180287745058324,0.2657952014203125,0.3264099719976042,8.593675532220828,5.107343836023279,0.5943142508550598,3.483551299832798,2.404489991168272,0.690241016770352,8.588731009267956,5.019957239515304,0.5844818325429394,received
15,train,1.8832858800888062,93.625,95.0625,1.171875,3.34375,3.34375,519,11,6.953125,9.171875,6.944667477445128,6.944732918987126,6.947376738884435,6.965257002233983,6.930552348792936,6.931891564884231,6.978927239642147,7.017414773206453,0.2423095703125,,,5.76953125,0.14733434331795078,0.4938844702243237,0.2578477861973402,0.3203834211266951,8.591844530019202,4.880245732721557,0.5680090829938063,3.482167114541665,2.376187051121004,0.6823874251175237,8.584684093924142,4.804175368418843,0.5596216839031997,339,10,5.97265625,8.859375,5.968362040720653,5.968447208266547,5.970848912101082,5.994413006675899,5.956923667801831,5.9585274317310235,5.999390058193777,6.062819049172404,0.326171875,,,0.1737412156940921,0.5134911786692538,0.281769848798585,0.3344297751847471,8.591844530019202,5.1778464865344,0.6026466689944665,3.482167114541665,2.510459604602583,0.7209474795505381,8.584684093924142,5.091782256119439,0.5931240102036108,received
16,train,1.8291159868240356,93.9375,95.25,1.1513671875,3.337890625,3.337890625,493,11,6.98046875,9.1875,6.976972228020367,6.977039097278741,6.979829158065544,6.997762090936084,6.975711641696114,6.977044903968918,7.025961705247728,7.0620975911736075,0.2403564453125,,,5.80859375,0.1729675923576853,0.49362384063217235,0.24157089707741763,0.3039861880282194,8.59913465426694,4.920538060467817,0.5722131654289444,3.4785405299869527,2.377767881300648,0.6835533065672132,8.595147062119576,4.846516551165245,0.5638666233559577,332,10,6.0,8.875,5.99940176117995,5.9994878522376895,6.0020017432427695,6.025583741012905,6.00176207301863,6.003377338925567,6.046285931984148,6.1079133411059985,0.32373046875,,,0.19708380339205067,0.5118775046280802,0.27027046632192986,0.321624258232822,8.59913465426694,5.226877602264224,0.607837626972223,3.4785405299869527,2.515505467774007,0.7231496790360646,8.595147062119576,5.14494522630572,0.5985872247585452,received
17,train,1.7843748331069946,94.0,95.3125,1.130859375,3.333984375,3.333984375,502,11,6.984375,9.1875,6.980622882580767,6.980692713721009,6.983555968091109,7.00185970194716,6.959399904805961,6.960742023999491,7.009130446885621,7.0462532957552755,0.2393798828125,,,5.8359375,0.14841378654881598,0.4996414420321876,0.24522576687424144,0.31707315473835296,8.589383170005721,4.991615101498208,0.581137784017951,3.4864411588268087,2.4140734020129164,0.6924176522816334,8.587592201053958,4.91268569481101,0.5720678834991809,332,10,6.00390625,8.8671875,6.00181002521389,6.001898834396709,6.004496601444908,6.028449118953108,5.979710723182281,5.981344366598206,6.024511991689296,6.086801571815459,0.322998046875,,,0.17019141846419866,0.5155988815652758,0.26633778662273166,0.32897115638421875,8.589383170005721,5.301563720913608,0.6172228687418163,3.4864411588268087,2.5576239299034746,0.7335915948066991,8.587592201053958,5.214264497026532,0.6071858531413011,received
18,train,1.805307149887085,94.0,95.375,1.111328125,3.33203125,3.33203125,506,11,7.0234375,9.234375,7.023147502993329,7.023215736037589,7.026223649551873,7.0440407624557615,7.020498417052071,7.021818800346241,7.073137691806393,7.106022064932417,0.2391357421875,,,5.88671875,0.16372438389365043,0.48036218274935233,0.2428470629523897,0.30695429493244564,8.595287980783704,5.004973815592309,0.5822927430450054,3.503142919809049,2.445128785999411,0.6979814532182121,8.590463173861963,4.930829455936027,0.5739887775712684,330,10,6.03515625,8.9140625,6.031178565878052,6.031267052771583,6.0339745521837,6.057631550196215,6.025964202930772,6.0275749420055345,6.072289093392909,6.131729501502688,0.3232421875,,,0.1882651341940939,0.49716299928773555,0.27131209343767726,0.32432688121416814,8.595287980783704,5.318693017196032,0.618791718100303,3.503142919809049,2.591291666725851,0.7397048096647734,8.590463173861963,5.2329633646587865,0.609159629550712,received
19,train,1.7312666177749634,94.1875,95.5,1.091796875,3.330078125,3.330078125,520,11,6.98046875,9.1640625,6.978935053022704,6.979001695748201,6.981695802953325,6.9997072835640815,6.951087864528694,6.952437097680902,6.9997401452214625,7.038292026026596,0.2381591796875,,,5.82421875,0.16455089986573587,0.4988152543921172,0.2535407768728288,0.31582353890135945,8.594693334642958,4.9666003623278465,0.5778682460151058,3.4779698628419657,2.4246042951839533,0.6971320600238692,8.590878116298377,4.889965349818045,0.5692043681240149,343,10,6.00390625,8.8515625,6.003134937319942,6.003222280947368,6.0057307526140145,6.029509463393782,5.966238064779203,5.967869681935847,6.010010398500102,6.0733608250852535,0.321533203125,,,0.18785496030616564,0.5148701721460843,0.27943595347323774,0.33099091082494353,8.594693334642958,5.276275301735906,0.6138991929436995,3.4779698628419657,2.5618252358280222,0.7365863813824622,8.590878116298377,5.1919388073324715,0.604354844411361,received
20,train,1.7559552192687988,94.0625,95.375,1.0732421875,3.333984375,3.333984375,544,11,7.04296875,9.1484375,7.039178133967324,7.039242464085595,7.041969678998511,7.059331885941137,7.010601992246302,7.011903485643216,7.059752731850194,7.095313767108495,0.2301025390625,,,5.890625,0.1536578380852988,0.4733250879827143,0.25203453428751377,0.3047453919770786,8.594209985802271,5.013210496894833,0.5833241804862473,3.475913760108428,2.4825027734378473,0.7142014862188087,8.58911730284553,4.93625983646486,0.5747109583460343,366,10,6.08203125,8.8359375,6.076825041086518,6.0769095779737965,6.07948811419138,6.102561197165185,6.065463760722937,6.067053891048793,6.110658715911418,6.170013365256027,0.311767578125,,,0.18298783760242635,0.49613908384049343,0.2811071107386327,0.32264801596756965,8.594209985802271,5.327603867970748,0.619906178319125,3.475913760108428,2.624545729580203,0.7550664115148623,8.58911730284553,5.239930126570059,0.6100661967713605,received
21,train,1.710843563079834,94.25,95.5625,1.0546875,3.328125,3.328125,507,11,7.05859375,9.1640625,7.057676355255262,7.0577439644027296,7.060566435131514,7.078376185261845,7.033428738749871,7.034734365272209,7.082113579256418,7.118082848985872,0.229736328125,,,5.8984375,0.16343166124670136,0.48355903465780614,0.2376732408381864,0.2874229026431958,8.600225683777907,5.082458858300954,0.5909680798130325,3.46895857758794,2.4884702710699287,0.7173537000837378,8.594412234437073,5.004389637391242,0.5822841051699943,337,10,6.0859375,8.8515625,6.084973738919302,6.085060732555616,6.087699790125468,6.111169383757005,6.084935796235481,6.086545292195396,6.130885760966428,6.190226643813346,0.3125,,,0.1862503486245964,0.49800903133022345,0.25966845524615323,0.2992128272309813,8.600225683777907,5.406551642057376,0.6286522983060121,3.46895857758794,2.639161014103793,0.7607934644001637,8.594412234437073,5.314158336595998,0.6183271399645716,received
22,train,1.6666263341903687,94.3125,95.625,1.0361328125,3.328125,3.328125,542,11,7.08984375,9.1640625,7.084617284975611,7.08468386403515,7.087513244558623,7.1051349923158424,7.0571729189337,7.058494926633995,7.107128791205387,7.142335263609323,0.2264404296875,,,5.9140625,0.16486447073269433,0.4937842875466668,0.25048315923710884,0.29995540387930764,8.595358363445103,5.135700211470852,0.5974969273314178,3.474738366593438,2.505337861927135,0.7210148211484816,8.590098647264423,5.057108071081525,0.5887136200341537,359,10,6.12109375,8.8515625,6.119213578985299,6.119300525291918,6.122004274451751,6.14534015662942,6.0987768648043055,6.100393946761797,6.145740307665472,6.204402638376124,0.30810546875,,,0.19244165135239086,0.5136431981155795,0.2767719562884051,0.3163514319062713,8.595358363445103,5.467411556892934,0.6360888430370857,3.474738366593438,2.656837864611549,0.7646152269059204,8.590098647264423,5.379615741315708,0.6262577372180568,received
23,train,1.7183464765548706,94.125,95.5625,1.017578125,3.33203125,3.33203125,557,11,7.09375,9.171875,7.095389084527113,7.095457434715758,7.098385723741098,7.116073508379948,7.062436657696104,7.063743228287954,7.112646527274143,7.146894148823758,0.22705078125,,,5.9609375,0.15316512930795542,0.4859149378441054,0.2377538862550387,0.29585751146688627,8.594849693012309,5.202664423538109,0.6053234913192167,3.4698371609812355,2.5474366124775454,0.7341660413127732,8.588301727691826,5.131566920007792,0.5975065947510604,373,10,6.12109375,8.859375,6.120837171178428,6.120926824856776,6.123727044896706,6.147318201787101,6.094586970233676,6.09620525060222,6.142076689390584,6.200218932853859,0.30908203125,,,0.18186124587523117,0.50483436342334,0.26120963015669907,0.3095083394416266,8.594849693012309,5.557149376545384,0.646567371743964,3.4698371609812355,2.705543679730247,0.7797321759517803,8.588301727691826,5.464278168001857,0.636246645874472,received
24,train,1.6633071899414062,94.4375,95.8125,1.0,3.333984375,3.333984375,567,11,7.2421875,9.21875,7.238484553286318,7.238549923016611,7.241624885995003,7.25822209769165,7.206111278746967,7.2073581484160405,7.2586842674301435,7.286896267167637,0.2142333984375,,,6.08984375,0.17391193044409148,0.4768130866507115,0.23691673115719428,0.2958311150314671,8.59410804135325,5.275853155835219,0.6138918815598774,3.4814300465560066,2.5599296404880905,0.7353098026543697,8.590999754719753,5.1993697652569475,0.6052112575606232,377,10,6.2890625,8.90625,6.289609994278746,6.289695628470967,6.292634402959545,6.315022484675779,6.281465620522521,6.283004685413685,6.330827327249342,6.382314025233976,0.29345703125,,,0.2041963451509537,0.4963925746536969,0.2615725181766236,0.3094497488882009,8.59410804135325,5.635741821977359,0.6557680907499903,3.4814300465560066,2.735659571234719,0.7857861667911327,8.590999754719753,5.5498266344133365,0.6460047483256361,received
1,test,10.523503303527832,72.875,73.875,1.5,3.099609375,3.099609375,112,11,5.46875,8.5859375,5.462458578356088,5.462663422061283,5.465423136793258,5.503022061120506,5.24083890048495,5.259112147039955,5.469956246182537,5.594540278616575,0.36328125,3.26953125,3.216796875,4.26953125,0.21700650790092663,0.5415997143260495,0.35729671762996446,0.40069576633720266,6.658211482751794,3.177941763174439,0.477296609067908,3.186646652398159,2.155806852975884,0.6765126755906554,6.516512759975693,2.897850508253213,0.4446934449437067,61,10,4.47265625,8.3046875,4.470713686922751,4.470957007420067,4.473225875641233,4.518265016138123,4.401211400645313,4.42103003963967,4.587085082283367,4.792382583425605,0.46142578125,3.107421875,3.068359375,0.2507591843419283,0.5584336768249789,0.3728912777346743,0.40881001336750833,6.658211482751794,3.263702628456092,0.49017707486624107,3.186646652398159,2.200276010731236,0.6904675198536321,6.516512759975693,2.9475426561098095,0.45231901857287304,
2,test,10.21795654296875,77.375,77.875,1.4736328125,3.060546875,3.060546875,138,11,5.69140625,8.4765625,5.686943372265418,5.6871371126410235,5.689798370431206,5.725467191508086,5.521366437978866,5.5388890941475735,5.747979423358218,5.858995187253977,0.328857421875,3.517578125,3.46875,4.5390625,0.16649245494788562,0.4960968930766886,0.35825415313454134,0.4025815414123633,6.658211482751794,3.3775602796711253,0.507277410520941,3.186646652398159,2.269081467997945,0.7120593261541294,6.566206618046024,3.134468583832872,0.4773636844168679,77,10,4.72265625,8.203125,4.720881391425946,4.721114642578462,4.723470200368042,4.766603370529413,4.6083876765715335,4.627811805489629,4.805548800240238,4.990185697352949,0.424072265625,3.4140625,3.37890625,0.1899226105026053,0.5104348142408066,0.37351755384150326,0.41197056689685635,6.658211482751794,3.4588718111429735,0.519489628724356,3.186646652398159,2.307041720338817,0.7239716140484599,6.566206618046024,3.198053790773617,0.48704738927714336,
3,test,9.080389022827148,78.4375,79.4375,1.4482421875,3.126953125,3.126953125,174,11,6.16015625,8.6484375,6.157574289843936,6.157741219927146,6.160483074788324,6.191651396106172,5.849087483591767,5.865889482213302,6.089355822204567,6.170292788750999,0.28759765625,3.611328125,3.546875,5.03125,0.17682196322847182,0.5502190948047336,0.31058884075644216,0.34999388625442485,6.658211482751794,3.6087148608637687,0.5419946287696333,3.186646652398159,2.275653557074354,0.7141217101562787,6.568679398551226,3.292011319545889,0.5011679090734689,105,10,5.234375,8.3671875,5.236582195948719,5.236789732834717,5.239440169352631,5.278036315289244,5.111279772184666,5.129680024456298,5.33595678442364,5.46920243105613,0.37451171875,3.5234375,3.47265625,0.20104704132401482,0.5653500999134886,0.32066136646160315,0.3562109128636265,6.658211482751794,3.730644520968071,0.5603073033399986,3.186646652398159,2.3411636013604786,0.7346793845494607,6.568679398551226,3.3827358573476074,0.5149795951517586,
4,test,8.082047462463379,80.6875,81.3125,1.4228515625,3.0859375,3.0859375,169,11,6.16015625,8.5703125,6.153010882020045,6.1531779371738695,6.1560807887875555,6.187292098311399,5.875578954127988,5.892469344475475,6.1363195238014425,6.197743065684159,0.28125,3.60546875,3.46484375,5.046875,0.19556881069801213,0.5293935098198538,0.31437035756428966,0.3656025117735363,6.658211482751794,3.839076520574195,0.5765927577577531,3.186646652398159,2.4409595770076784,0.765996309999007,6.589783015354995,3.561639024133707,0.5404789529237389,97,10,5.24609375,8.2890625,5.244146201792426,5.244356276477559,5.247214374057358,5.285935888172581,5.109400581279262,5.127964070838744,5.346031507188638,5.469897670277442,0.367431640625,3.521484375,3.37890625,0.22176002382882076,0.5474389076384387,0.32156423546650037,0.368802597034168,6.658211482751794,3.989355944134739,0.5991632970008884,3.186646652398159,2.5132714975416492,0.7886884777922425,6.589783015354995,3.6827787251760444,0.5588619104141551,
5,test,9.317508697509766,78.8125,79.4375,1.3974609375,3.171875,3.171875,191,11,6.53515625,8.703125,6.52910892590611,6.52924998835697,6.531808934831145,6.559207385724404,6.223192790566724,6.23903353882632,6.469920111716133,6.5235651967967705,0.2491455078125,3.666015625,3.638671875,5.45703125,0.1699364230026946,0.5379626246250016,0.2881520029498718,0.3388118851185922,6.658211482751794,3.89559079961351,0.5850806646357062,3.186646652398159,2.2971714012475877,0.7208742141268837,6.564836293046358,3.5516692909425887,0.5410141445118147,114,10,5.6484375,8.4140625,5.634816554829609,5.635004115833854,5.637746414051649,5.67291392339396,5.364684395212142,5.382581073148119,5.599803727046901,5.710823599389507,0.32861328125,3.59375,3.59765625,0.2014220495171427,0.5578122595936645,0.298596284391603,0.34400880652307186,6.658211482751794,4.060533103113567,0.6098534289024079,3.186646652398159,2.3888238242370265,0.7496356153699316,6.564836293046358,3.6950574404666376,0.5628559914556494,
6,test,8.79354476928711,79.3125,80.3125,1.373046875,3.15625,3.15625,189,11,6.46875,8.6875,6.459005678437933,6.459151860936493,6.461920122640144,6.4900052479459465,6.107351830968748,6.123523064245087,6.368222114429742,6.41474758779861,0.255615234375,3.65625,3.564453125,5.32421875,0.15746734866698547,0.5132888232998137,0.2932500297016789,0.3490974308194912,6.658211482751794,3.934100976996013,0.5908645267858142,3.186646652398159,2.2957215561677824,0.7204192389639756,6.562589349776171,3.611208901706127,0.5502719596235736,117,10,5.5625,8.3984375,5.551028759492947,5.551219518926694,5.554067309372325,5.589771821641464,5.2725387616758885,5.290680755068895,5.513270799488047,5.623949835740596,0.337890625,3.595703125,3.501953125,0.17855101771164741,0.5256694785741082,0.3028006387607642,0.3534233629133248,6.658211482751794,4.09303460380177,0.6147348449962641,3.186646652398159,2.385697664527183,0.7486545967472704,6.562589349776171,3.737800432459518,0.5695618350075496,
7,test,8.881766319274902,79.6875,80.8125,1.349609375,3.18359375,3.18359375,178,11,6.52734375,8.75,6.520323686728503,6.5204643267270335,6.523220887295626,6.550454902364924,6.213836942923306,6.229729147393906,6.475418984153677,6.515182198880904,0.25390625,3.75390625,3.59765625,5.44140625,0.1620946392067366,0.5343709855577052,0.29032485915932,0.34905864707817624,6.658211482751794,3.951482490468634,0.5934750646934263,3.186646652398159,2.3277755229109713,0.7304780783144466,6.57094073252068,3.6339411590796074,0.553032101034579,111,10,5.6171875,8.453125,5.613841233788914,5.614025704161729,5.616895995652494,5.651744800002322,5.423646632470157,5.4415002486785005,5.675112891147029,5.768162027790455,0.33544921875,3.701171875,3.537109375,0.18044769117248724,0.5444747554719659,0.298648079121624,0.3517878149681651,6.658211482751794,4.127139828621389,0.6198571251923752,3.186646652398159,2.42038015385073,0.7595382914604719,6.57094073252068,3.772680466974526,0.5741461718415602,
8,test,8.031000137329102,79.6875,82.0625,1.326171875,3.169921875,3.169921875,215,11,6.83203125,8.7265625,6.818465460931548,6.818594575724576,6.821310991718932,6.846401445535985,6.431086959434971,6.446543159620352,6.699315836834384,6.722070176624464,0.21728515625,3.755859375,3.7109375,5.79296875,0.16182179875431196,0.5336084267813946,0.30726278421336206,0.34593231905639926,6.658211482751794,4.050553424446689,0.6083545761410124,3.186646652398159,2.330772352169756,0.7314185118126285,6.583331603292898,3.696207407554346,0.561449374007767,134,10,6.00390625,8.4375,6.003911519958393,6.004085614919087,6.007118858355974,6.039474450208417,5.805255982932136,5.822286481668104,6.069041056619749,6.130827026389466,0.28857421875,3.716796875,3.6875,0.18353077524597547,0.547777141402452,0.3248430003429111,0.3563667244296909,6.658211482751794,4.25714076932374,0.6393820292959954,3.186646652398159,2.4386084025577226,0.7652584891150422,6.583331603292898,3.866591467623125,0.5873305038575157,
9,test,7.724724292755127,81.3125,83.4375,1.302734375,3.201171875,3.201171875,195,11,6.67578125,8.7890625,6.664906415064499,6.665049716031363,6.667953864071861,6.694991895535342,6.340079368195827,6.355755074657097,6.606484489967902,6.635919377316698,0.240478515625,3.791015625,3.6171875,5.59375,0.1758160713193819,0.5518905645550094,0.3100065919058322,0.33711201665526547,6.658211482751794,4.104658071646179,0.6164805792485509,3.186646652398159,2.291652825000633,0.7191424324614136,6.579617451368602,3.8039019984764906,0.5781342192904019,119,10,5.77734375,8.4921875,5.773532670287695,5.773721307029216,5.77681087454316,5.811448409871677,5.543143019934926,5.560855213282674,5.803557502493036,5.883479368263353,0.31982421875,3.7734375,3.56640625,0.19464591150879657,0.5638615814365386,0.32560386366098965,0.3455638902498417,6.658211482751794,4.309864827383357,0.6473006810534829,3.186646652398159,2.405899528188791,0.7549941335284837,6.579617451368602,3.969836470144773,0.6033536903150839,
10,test,7.35252571105957,80.8125,81.8125,1.2802734375,3.1640625,3.1640625,204,11,6.76953125,8.71875,6.7565780132559965,6.756719454970387,6.759587520579375,6.78607051236379,6.398046847553485,6.413486464467457,6.658701165967214,6.68930916741282,0.2237548828125,3.732421875,3.62109375,5.73046875,0.15915155843452905,0.529915496795381,0.30618195454479524,0.35848115124484253,6.658211482751794,4.080541649250525,0.612858522115321,3.186646652398159,2.331065131109505,0.7315103886259956,6.589837748303766,3.772016930963656,0.5723990597393053,126,10,5.92578125,8.4296875,5.918466158700813,5.918651381077675,5.921789777789454,5.95559622022294,5.704976632232939,5.722251902051143,5.964197621729849,6.0359512296674875,0.297119140625,3.703125,3.58203125,0.19028578533389354,0.5474033833982216,0.32468888509003446,0.3686473794396335,6.658211482751794,4.296435876565168,0.6452837804409121,3.186646652398159,2.4434518374962417,0.7667784050225289,6.589837748303766,3.9587982597004547,0.6007429030736691,
11,test,7.312789440155029,82.3125,84.5,1.2578125,3.1640625,3.1640625,204,11,6.66796875,8.6953125,6.654839917595657,6.654981419361616,6.657625532701028,6.684602630391013,6.284041519574659,6.299792125530916,6.534831079293818,6.58193952768331,0.2335205078125,3.81640625,3.66015625,5.62109375,0.1637530841668141,0.5284769022042498,0.3063717076162607,0.3668416454208978,6.658211482751794,4.106246184240013,0.6167190986464325,3.186646652398159,2.3562255489414667,0.7394059668235428,6.599317819444282,3.824795774809073,0.5795744165464595,131,10,5.7890625,8.40625,5.780591551035519,5.780777842468687,5.7836530617882165,5.818175817105248,5.58784040300251,5.6053549559211024,5.832144132712266,5.924362624541936,0.3115234375,3.798828125,3.6171875,0.1869072570101294,0.5394596219850869,0.3216975601512766,0.3744433912315026,6.658211482751794,4.297941332311044,0.6455098855668571,3.186646652398159,2.4576243499552266,0.7712258741036456,6.599317819444282,3.9945757013649343,0.6053013069919568,
12,test,7.281517028808594,81.5625,83.5625,1.2353515625,3.19140625,3.19140625,181,11,6.609375,8.765625,6.603328547601164,6.603476395378318,6.606398468888761,6.634139230096104,6.3231009500483335,6.338884750265991,6.591858276991218,6.62088220635762,0.2464599609375,3.84375,3.650390625,5.49609375,0.17492980864926067,0.5496324198545258,0.31418075677653373,0.3536561650383197,6.658211482751794,4.1780902009684056,0.6275093862356005,3.186646652398159,2.3479733090964494,0.7368163355449048,6.597632500189219,3.852532934725261,0.5839265728448456,104,10,5.69140625,8.4765625,5.684272056900298,5.684467013747844,5.687548927180617,5.7232078553693215,5.451937104029755,5.469836789797656,5.7077515729067585,5.7966896196097295,0.32861328125,3.8359375,3.607421875,0.19807200652761278,0.5645186373478429,0.3280917311226193,0.36084309575873574,6.658211482751794,4.378092285571864,0.6575477959679388,3.186646652398159,2.4561164141181653,0.7707526695091148,6.597632500189219,4.028897736186129,0.6106581013826673,
13,test,8.46199893951416,79.6875,81.1875,1.2138671875,3.15234375,3.15234375,198,11,6.69140625,8.703125,6.681487838297004,6.681635566143744,6.6845632703802496,6.7119164247765255,6.421197326657834,6.43662191488677,6.685218529262462,6.7118981639919895,0.2310791015625,3.876953125,3.794921875,5.62890625,0.1694824548642424,0.538916397846785,0.3322162141577435,0.37221805764788285,6.658211482751794,4.1824899255595325,0.628170182997993,3.186646652398159,2.398216129793668,0.7525830101021254,6.586099439057715,3.846074567434197,0.5839684934949086,121,10,5.83984375,8.4140625,5.83284768428254,5.833040312399496,5.836184823679171,5.87105197507027,5.618804028127475,5.636293221079178,5.875842987781258,5.9544812435948975,0.305908203125,3.876953125,3.798828125,0.19457917469106162,0.553299223324565,0.35563494631221576,0.3852633316036251,6.658211482751794,4.41057923788919,0.662427027034943,3.186646652398159,2.5204906591401732,0.7909539193005097,6.586099439057715,4.041074519439328,0.6135762991178724,
14,test,6.824124336242676,82.1875,83.9375,1.1923828125,3.19140625,3.19140625,197,11,6.703125,8.7578125,6.6899032304553385,6.690049821451209,6.692943205634986,6.72011315486703,6.362253564851869,6.377731132399942,6.619547539894888,6.654705275605714,0.2349853515625,3.919921875,3.765625,5.7578125,0.1737914250858066,0.5444542093280287,0.33679576251160187,0.3666405625539713,6.658211482751794,4.243738710129587,0.637369167549433,3.186646652398159,2.3554478304594655,0.7391619113737752,6.592241812870516,3.947495902430232,0.598809329888847,121,10,5.8125,8.46875,5.809823501732925,5.810015703023596,5.813063577951827,5.847959308461612,5.592656489576132,5.6101650483769365,5.845249520092041,5.929014337014917,0.313720703125,3.947265625,3.751953125,0.19142345742242114,0.5530160505181021,0.35698948221363214,0.37654056475549746,6.658211482751794,4.467865062757197,0.6710308127537365,3.186646652398159,2.478980354897579,0.7779275913857548,6.592241812870516,4.140236094384448,0.6280467573718491,
15,test,6.639218807220459,82.3125,83.3125,1.171875,3.162109375,3.162109375,205,11,6.71875,8.7265625,6.715389399040571,6.715536204316155,6.718434536275819,6.745483945335776,6.341101102751722,6.356693778234318,6.602696721064428,6.635686632627942,0.22998046875,3.7734375,3.734375,5.66796875,0.148294361210321,0.5343461610969784,0.3182103182491414,0.36089912676659147,6.658211482751794,4.23025974119426,0.6353447546916792,3.186646652398159,2.4121555484258863,0.756957332125475,6.58659412635616,3.9273120161848016,0.5962583910354701,128,10,5.84765625,8.4375,5.838234815149839,5.838429741877668,5.841528401285667,5.8765364912193645,5.697040647954753,5.714215317990846,5.947047073659737,6.02657361379402,0.306640625,3.748046875,3.7265625,0.168205053212375,0.5472098084716207,0.3363148675892339,0.3704338971864229,6.658211482751794,4.441252064282633,0.6670337936528105,3.186646652398159,2.5315970711054563,0.7944392169116914,6.58659412635616,4.1048851406453535,0.6232181704076338,
16,test,5.863742351531982,83.3125,84.75,1.1513671875,3.181640625,3.181640625,204,11,6.69921875,8.7734375,6.689206527979113,6.689360009869371,6.692363147707535,6.720246753174545,6.398803658026635,6.414243287895912,6.658147349815139,6.690065498940208,0.236083984375,3.85546875,3.71875,5.6484375,0.1627497184609065,0.5504320723639146,0.3037362198171551,0.34737945416255117,6.658211482751794,4.284712713662879,0.6435230729397072,3.186646652398159,2.4693114573706785,0.7748933994650335,6.599516834312894,4.008384837984349,0.6073755001492742,121,10,5.8125,8.4765625,5.79894335736614,5.799142415610278,5.802283606735687,5.837998447583648,5.627986562622618,5.645516917328724,5.883785183261111,5.964062092523922,0.314453125,3.84375,3.689453125,0.18418182501879465,0.5629834292751026,0.3198276225305609,0.3550232400084374,6.658211482751794,4.51657297586553,0.6783462777602943,3.186646652398159,2.59281943682229,0.8136513770270151,6.599516834312894,4.214589393206333,0.6386209019565496,
17,test,7.354548454284668,81.1875,83.1875,1.130859375,3.185546875,3.185546875,200,11,6.62109375,8.7734375,6.614929428228722,6.615085254159642,6.618035979874494,6.646426867486014,6.319853191436685,6.335424664549436,6.57344929182635,6.614444012601766,0.244873046875,4.0078125,3.85546875,5.5625,0.17343640659294624,0.5524418175799103,0.2889811161298833,0.33282754433426476,6.658211482751794,4.301285507814468,0.6460121489017011,3.186646652398159,2.457670500640149,0.7712403566271121,6.5883920966817975,3.970727811995162,0.602685413030441,115,10,5.71484375,8.4765625,5.715692570202796,5.715893956879261,5.718896697493059,5.755154560641908,5.584334655235047,5.601834250032852,5.826231783912798,5.920594913136556,0.32568359375,4.04296875,3.8671875,0.1920508695495263,0.5661748206512734,0.3088511858657879,0.3450411788753257,6.658211482751794,4.540257299209065,0.681903437728086,3.186646652398159,2.591042086070429,0.8130936274721582,6.5883920966817975,4.1735841037380945,0.6334753673570968,
18,test,7.033892631530762,82.1875,83.0625,1.111328125,3.169921875,3.169921875,193,11,6.5859375,8.734375,6.578393820314671,6.578553588795501,6.581547897312217,6.6103512267265865,6.340147739785031,6.355632345811854,6.592321709379332,6.633085990253043,0.2464599609375,4.13671875,3.91015625,5.5078125,0.15284239732830154,0.5433092247300814,0.2939299757722956,0.3535421190420515,6.658211482751794,4.2190595615560715,0.6336625942996276,3.186646652398159,2.431761046940358,0.7631097238566753,6.591295900363468,3.9212092953536004,0.59490718587484,117,10,5.6953125,8.4453125,5.694915047086025,5.695119952897419,5.6982126961977535,5.734789953455261,5.522836633346401,5.540496001153496,5.767139928312782,5.8626046798166165,0.32568359375,4.21875,3.939453125,0.1729142472796567,0.556441252707191,0.31624730714480176,0.36650930092376427,6.658211482751794,4.44969986357928,0.6683025727113505,3.186646652398159,2.5517193086304397,0.8007537662546002,6.591295900363468,4.117641201466064,0.6247088984791295,
19,test,7.381868839263916,80.5625,83.1875,1.091796875,3.142578125,3.142578125,204,11,6.765625,8.703125,6.747383534485136,6.747528397999933,6.750439350152249,6.777017141770244,6.446886303237355,6.462126109559639,6.709528731631725,6.734417467421157,0.2222900390625,4.015625,3.81640625,5.80859375,0.15546166527431732,0.54269005602306,0.3251736529513824,0.3691544804343031,6.658211482751794,4.266493440214137,0.6407867114564562,3.186646652398159,2.40786005783127,0.7556093663598373,6.580930919529984,3.892743401383737,0.5915186542729672,127,10,5.9296875,8.4140625,5.921103001799494,5.9212948892400625,5.924497574853902,5.958730927452788,5.716027984318602,5.733290285649532,5.979372580067896,6.0466457160453535,0.294921875,4.078125,3.841796875,0.18314123422456494,0.5560476671140243,0.3418072961045358,0.37694916046380716,6.658211482751794,4.500495207506293,0.675931549961262,3.186646652398159,2.5268331556566386,0.7929442549756912,6.580930919529984,4.09462553470709,0.6221954894794021,
20,test,7.510469913482666,81.4375,83.8125,1.0732421875,3.109375,3.109375,210,11,6.77734375,8.6484375,6.763525621911786,6.76366668058766,6.766547267597571,6.7928610826131335,6.429315775000886,6.444694699700903,6.694570948028102,6.71920221655297,0.2161865234375,4.0078125,3.794921875,5.79296875,0.1588176127081405,0.5399633837854885,0.3179709913113002,0.3534651709485501,6.658211482751794,4.287679983046523,0.6439687285622916,3.186646652398159,2.4998349665637143,0.7844719666933971,6.584320116411994,3.9255187734228416,0.5961919688014777,138,10,5.96484375,8.359375,5.96183869266336,5.962025368891319,5.965207086663675,5.998877984347817,5.754377179453458,5.771584454798429,6.0189323900972544,6.083483924908877,0.28662109375,4.0546875,3.810546875,0.1811457279430914,0.5534998760700256,0.33720258370848877,0.3635318018796535,6.658211482751794,4.526552496209916,0.6798451067431585,3.186646652398159,2.6286329224276015,0.8248899891205019,6.584320116411994,4.12769269259301,0.6268973287468778,
21,test,6.548229694366455,82.3125,84.625,1.0546875,3.1640625,3.1640625,205,11,6.8125,8.734375,6.805367092379813,6.805512885701242,6.808468140005917,6.835103227860175,6.469142637680548,6.48448308302204,6.733282659753328,6.757680332930266,0.2196044921875,3.908203125,3.78515625,5.7890625,0.1647898556919537,0.5486583799209966,0.2949278637808133,0.34009879775950896,6.658211482751794,4.379144061136086,0.6577057626481722,3.186646652398159,2.469466356274528,0.7749420082129576,6.592795231881136,4.034215688312552,0.6119127845506376,130,10,5.96484375,8.4375,5.959879874902379,5.960071743644415,5.963309909777182,5.997594276946335,5.767954349347298,5.785208643481858,6.030847944147679,6.097473128653978,0.29345703125,3.943359375,3.806640625,0.1865785233799211,0.5604174579483251,0.3072535306896115,0.3457002624326373,6.658211482751794,4.6334606122437485,0.6959016883508138,3.186646652398159,2.5965658650466867,0.8148270418035215,6.592795231881136,4.256333383713593,0.6456037589535637,
22,test,6.649075031280518,84.375,85.75,1.0361328125,3.115234375,3.115234375,188,11,6.578125,8.6328125,6.566251259474919,6.566409635549978,6.569310487667049,6.598215188615652,6.3337825774041825,6.349398808121839,6.576774055095375,6.628724488261551,0.238037109375,4.23046875,3.830078125,5.55859375,0.15229543960143593,0.5185394699700563,0.31493186318437283,0.3617184994621185,6.658211482751794,4.300229822278814,0.645853594980969,3.186646652398159,2.5463060411418814,0.7990550314781905,6.6071005648683885,4.0248208983025755,0.6091659811723705,114,10,5.70703125,8.3515625,5.711911257148939,5.712112239180118,5.715173927726059,5.751432554275045,5.549413724305571,5.567087465058118,5.793685654259717,5.888988281070377,0.316162109375,4.34375,3.84375,0.1753727925708419,0.529525356106389,0.3312513441368273,0.3685397695797696,6.658211482751794,4.530302344025731,0.6804082981986309,3.186646652398159,2.667451521846485,0.8370716344841854,6.6071005648683885,4.219655761989981,0.6386546898388302,
23,test,6.043838024139404,83.6875,84.3125,1.017578125,3.134765625,3.134765625,184,11,6.56640625,8.6875,6.572914519617775,6.573080224697617,6.576281400056261,6.605727648082411,6.269147046903921,6.285121763995591,6.539081541896898,6.570706443477581,0.244140625,4.24609375,3.8828125,5.53125,0.1592237553826962,0.5417396190725242,0.32839681113633173,0.3757881159172023,6.658211482751794,4.4493299422103005,0.6682470140421888,3.186646652398159,2.52633967558664,0.7927893962405292,6.606044281994874,4.167033292545765,0.6307910020983717,101,10,5.6640625,8.3984375,5.658956204613947,5.659169819238142,5.66256263211636,5.700066704979085,5.592560965783103,5.610217470625966,5.856080682008418,5.931220246392729,0.32568359375,4.3671875,3.912109375,0.18029344853926668,0.553466943928965,0.3451655648308435,0.38331261121729443,6.658211482751794,4.689481445250862,0.7043154843307456,3.186646652398159,2.6442048527048083,0.8297766088106668,6.606044281994874,4.389085070172794,0.6644044276444648,
24,test,6.06693696975708,83.6875,84.625,1.0,3.130859375,3.130859375,205,11,6.71875,8.6796875,6.71611656853836,6.71626928322759,6.719307048925801,6.746916957237787,6.37213646842576,6.38765367206785,6.634527530827555,6.6650879227809545,0.225830078125,4.3125,3.953125,5.7109375,0.16440854627424067,0.547190976996782,0.3230236425569764,0.3648223028356238,6.658211482751794,4.487010892515421,0.6739063341768426,3.186646652398159,2.587504877018481,0.8119836176600299,6.6082386578813965,4.204476391378747,0.6362476612984046,122,10,5.859375,8.390625,5.8515670603714565,5.85176764926805,5.8550978423471385,5.890599222821001,5.735664245605836,5.752968575559994,6.002043551953346,6.066556436124097,0.301513671875,4.46875,4.01953125,0.1952437106090993,0.5639013445459795,0.3397876606352978,0.3716240326620566,6.658211482751794,4.738576452300154,0.7116890871633492,3.186646652398159,2.726165682000108,0.855496695860048,6.6082386578813965,4.426120704523125,0.6697882648721015,
