epoch,phase,loss,accuracy,accuracy_nn,temperature,length,length_nn,lexicon_size,actual_vocab_size,entropy_msg,entropy_max,entropy_msg_mc_ml,entropy_msg_mc_perks,entropy_msg_mc_james-stein,entropy_msg_mc_minimax,entropy_msg_1_ml,entropy_msg_1_perks,entropy_msg_1_james-stein,entropy_msg_1_minimax,redundancy,kld_train_test,kld_test_train,mutual_info_sent_received,topsim,topsim_norm_max,topsim_cosine,topsim_cosine_norm_max,entropy_target,mutual_info_msg_target,proficiency_msg_target,entropy_target_category,mutual_info_msg_target_category,proficiency_msg_target_category,entropy_selected,mutual_info_msg_selected,proficiency_msg_selected,lexicon_size_nn,actual_vocab_size_nn,entropy_msg_nn,entropy_max_nn,entropy_msg_mc_ml_nn,entropy_msg_mc_perks_nn,entropy_msg_mc_james-stein_nn,entropy_msg_mc_minimax_nn,entropy_msg_1_ml_nn,entropy_msg_1_perks_nn,entropy_msg_1_james-stein_nn,entropy_msg_1_minimax_nn,redundancy_nn,kld_train_test_nn,kld_test_train_nn,topsim_nn,topsim_norm_max_nn,topsim_cosine_nn,topsim_cosine_norm_nn,entropy_target_nn,mutual_info_msg_target_nn,proficiency_msg_target_nn,entropy_target_category_nn,mutual_info_msg_target_category_nn,proficiency_msg_target_category_nn,entropy_selected_nn,mutual_info_msg_selected_nn,proficiency_msg_selected_nn,messages
1,train,8.856719970703125,72.0,73.625,1.5,2.318359375,2.318359375,111,11,4.33203125,6.0703125,4.333764083031549,4.333814589215214,4.334490680115677,4.352054251114566,4.325806654638863,4.32691850520593,4.3397307909288285,4.40028313532375,0.286376953125,,,3.439453125,0.27744928279873937,0.279059387665019,0.34262431331742504,0.29173036035903854,8.593795572999461,2.9948461513963336,0.34848934047322855,3.477257482770367,1.581299782429646,0.4547548722707207,8.578385696990708,2.86086663553833,0.33349708635063124,91,10,3.71484375,5.87890625,3.7145131315093476,3.7145799602072587,3.7151968991836353,3.7368813867349138,3.7015716587600958,3.7029079077222127,3.714054095630081,3.791189854083605,0.3681640625,,,0.3283425627502088,0.3142517027316139,0.3829875358863944,0.3174798483535441,8.593795572999461,3.156065842119394,0.36724935045410256,3.477257482770367,1.6410079569851117,0.4719259258528372,8.578385696990708,3.0015203091933347,0.3498933733238721,received
2,train,5.226790428161621,83.0,85.5,1.4736328125,2.43359375,2.43359375,45,11,4.45703125,6.1328125,4.453351263878807,4.453401185031679,4.454202123008056,4.471183093994061,4.449989007044348,4.451089356024419,4.4663584346588605,4.52328930871368,0.2734375,,,3.609375,0.2837292045272369,0.2861105546183061,0.33957711309737765,0.3058790167694741,8.597014258975857,3.126711242705065,0.363697342881637,3.462647402162557,1.6888980843823664,0.48774763590644094,8.587059764195809,2.9976195499128346,0.34908567451825184,33,10,3.837890625,5.9375,3.836757719411246,3.836824795686077,3.837551766529233,3.8587787945735146,3.8340670576890803,3.835365043365306,3.848253566876572,3.9219810881317145,0.35400390625,,,0.32736364479579744,0.3166185506328325,0.3794738443534601,0.3300078185482159,8.597014258975857,3.310705232639362,0.3850994232308926,3.462647402162557,1.759800919174754,0.5082241172103432,8.587059764195809,3.1642089256426424,0.36848572299868876,received
3,train,5.994135856628418,84.0,86.6875,1.4482421875,2.451171875,2.451171875,65,11,4.51953125,6.17578125,4.5178322017803625,4.517875336247147,4.518619498355256,4.534250868924278,4.51784485925259,4.518830282397903,4.533426574011871,4.586564775771064,0.268310546875,,,3.6484375,0.26037623541860544,0.2772239704896431,0.3457745298210296,0.30490797040135875,8.59219974233575,3.0948915997530966,0.36019781808654333,3.481319196057365,1.7230040375801412,0.49492848559576597,8.578975203254014,2.956629530186344,0.34463667980586904,50,10,3.8984375,5.9765625,3.899576402798161,3.8996358322737725,3.9002887483250923,3.920021768537641,3.8917065201105663,3.892914867098971,3.9049824540167766,3.9754841571085837,0.347900390625,,,0.3049552876755553,0.3105497764893787,0.3914532920537359,0.33347610165176433,8.59219974233575,3.27631089197053,0.3813122355416612,3.481319196057365,1.7908904076282437,0.5144286710786096,8.578975203254014,3.1226923435443306,0.3639936320552471,received
4,train,4.203317642211914,86.875,89.625,1.4228515625,2.478515625,2.478515625,72,11,4.7734375,6.2421875,4.771752318999528,4.771787543106629,4.772557690971418,4.7859364511410165,4.7726361275647236,4.7734919630642265,4.7891654106365085,4.833356035593648,0.2352294921875,,,3.953125,0.23743311189313238,0.2549930369636301,0.324320671988017,0.2733197521523553,8.594885671989264,3.167082779432869,0.3684845733032137,3.4775550517473706,1.758270186393017,0.5056052773368857,8.585307291170569,3.0521571933595197,0.35550937081756706,55,10,4.171875,6.04296875,4.175940470339524,4.175992435434554,4.176699150297334,4.194457948053871,4.187703852422586,4.188811737514959,4.202340391748699,4.264080016908082,0.30908203125,,,0.27338806163452867,0.27961179682719356,0.36584756880885777,0.2982225899467578,8.594885671989264,3.3619689762715037,0.39115924336587304,3.4775550517473706,1.8402790004954843,0.5291875967774536,8.585307291170569,3.229523065240585,0.37616860476991193,received
5,train,3.6643965244293213,88.0,90.5625,1.3974609375,2.505859375,2.505859375,82,11,4.859375,6.28515625,4.860024795272366,4.860059579078274,4.860890760542223,4.873870044246775,4.861838141354889,4.862683913735115,4.879606369522694,4.921072565666354,0.2266845703125,,,3.9375,0.2261662234279035,0.27228785004253586,0.30372921621467525,0.2601313751450514,8.596229081892059,3.30138039061905,0.3840498385010937,3.470655638932773,1.762368116558528,0.5077911207291244,8.590743981217903,3.180086328131365,0.37017589338991413,63,10,4.2421875,6.08203125,4.241838700889398,4.241891135834081,4.242653706957242,4.260241560488969,4.246070855905666,4.247180417432982,4.261641157344441,4.322013228276901,0.302490234375,,,0.2692210873596531,0.30232489064622786,0.3451177718692777,0.28517771212489706,8.596229081892059,3.4977977972835834,0.4068990907480221,3.470655638932773,1.8384240837403456,0.5297051263506112,8.590743981217903,3.3691118369339508,0.39217928555430126,received
6,train,4.00890588760376,87.875,90.3125,1.373046875,2.513671875,2.513671875,92,11,4.890625,6.31640625,4.891705926731141,4.8917325324854835,4.8923478810691625,4.90331578920806,4.899259038395577,4.899866299142549,4.912356403409043,4.948852392177912,0.2254638671875,,,3.92578125,0.20285570614490545,0.23426298399302337,0.3260463118234625,0.2675559132220485,8.596100933432965,3.1682924814029443,0.36857320614750455,3.4672122457789207,1.7769424150516633,0.5124988864512006,8.588680446255921,3.0118594223229893,0.3506777835279638,75,10,4.2890625,6.109375,4.289716789185119,4.289760965617894,4.29033320807691,4.30570232448536,4.2888013555209605,4.289722658313994,4.30072159035316,4.356190042385321,0.298095703125,,,0.24210948877019575,0.26538373340359894,0.3794816400731107,0.29918908373447267,8.596100933432965,3.365637272883241,0.3915306833814863,3.4672122457789207,1.862774998778657,0.5372543896170332,8.588680446255921,3.1901925332631462,0.3714415215731833,received
7,train,3.6959125995635986,88.3125,90.875,1.349609375,2.525390625,2.525390625,100,11,5.0078125,6.30859375,5.009995247541748,5.010020924935879,5.010701507748701,5.021043490922688,4.982121669967232,4.98277827810933,4.9971238866589776,5.0321035128473826,0.2061767578125,,,4.11328125,0.20322241950580144,0.2407591227183404,0.2843448763431588,0.23961526881666698,8.594345655183778,3.259087617592514,0.3792130021704163,3.4770862459115204,1.7593557286552821,0.5059856455168444,8.588824612217234,3.142439598646919,0.36587539512414,82,10,4.421875,6.10546875,4.425096320593793,4.425140050559193,4.425815755935764,4.4407121895443025,4.409285331653301,4.410167596363618,4.422621896843191,4.474440823557815,0.275634765625,,,0.2435011269689748,0.2702436786128342,0.3254047222694506,0.2655347357853469,8.594345655183778,3.4615325242079367,0.40276859496802686,3.4770862459115204,1.8429828776538573,0.5300365729555604,8.588824612217234,3.3346916515521317,0.38825937216236506,received
8,train,3.212534189224243,89.4375,91.8125,1.326171875,2.525390625,2.525390625,93,11,5.01171875,6.3046875,5.015727084348795,5.015754540344782,5.016511849194367,5.027359930935043,4.994582988302786,4.995287673024127,5.011517436246751,5.047273994469182,0.2049560546875,,,4.1171875,0.22589873242795136,0.23528466440748616,0.2742494357315871,0.2255826580974823,8.59397086909182,3.3796063493455417,0.393253177236181,3.4763568072658506,1.7960616990808482,0.5166505622572868,8.589124566169142,3.2627962516129605,0.37987529770664497,74,10,4.40234375,6.1015625,4.404337707363094,4.404382426067674,4.4051159784365765,4.4205168882799315,4.407657341171547,4.408597490409426,4.422563334483542,4.47556152118714,0.2783203125,,,0.271061925187503,0.26611316496954207,0.30699360777290075,0.24664010399896047,8.59397086909182,3.5858396769397665,0.4172506204129949,3.4763568072658506,1.8759591597184508,0.5396336635518981,8.589124566169142,3.4476907234942535,0.40140187709863046,received
9,train,3.0020694732666016,90.0,92.4375,1.302734375,2.53125,2.53125,98,11,5.0546875,6.3046875,5.056440579417943,5.056468990575948,5.057245361406949,5.068085463480956,5.052377509605811,5.0530756847621,5.0688935829263775,5.1030472476906175,0.1982421875,,,4.2109375,0.2116663284757735,0.25202725724897396,0.24765594288191833,0.2169977193162185,8.593137429678833,3.38170916478032,0.39353602714424535,3.4988514134300956,1.790486035890313,0.5117353737908554,8.590354487040234,3.253447151405786,0.3787325838897652,79,10,4.4609375,6.1015625,4.460611908058155,4.4606577131185485,4.461420321887534,4.4768739563311,4.45806853439471,4.459006022936348,4.473163694381074,4.525139508000041,0.2685546875,,,0.2579085421160111,0.2823670238350275,0.28598047831119333,0.2414682207008595,8.593137429678833,3.599179495184253,0.41884346952877394,3.4988514134300956,1.877192582363461,0.5365168052458555,8.590354487040234,3.451246073442112,0.401758283508417,received
10,train,2.765714168548584,90.75,93.0,1.2802734375,2.541015625,2.541015625,92,11,5.14453125,6.31640625,5.1429887565185295,5.143018254711581,5.143910713721808,5.154905608870306,5.141063043664905,5.141782424348465,5.159339522883381,5.191467680885189,0.185546875,,,4.3125,0.22606495128007634,0.24303284385133192,0.25431914391894106,0.21843731949166717,8.597750239665269,3.5085770120501216,0.4080808251283558,3.463826510621608,1.792584130316,0.5175155640212211,8.59362846547363,3.381952078608345,0.393541807421151,73,10,4.546875,6.109375,4.544466802141718,4.544514983899978,4.545408698578308,4.561158170422818,4.551743396329289,4.5527333755424095,4.569016393727395,4.619489157154445,0.255859375,,,0.266778026461715,0.2706000945453405,0.28847873039149013,0.23970784218214652,8.597750239665269,3.730282186589193,0.4338672423141268,3.463826510621608,1.8821873554642221,0.5433838414518198,8.59362846547363,3.5957642504267726,0.4184221210951078,received
11,train,2.6101841926574707,91.0625,93.25,1.2578125,2.548828125,2.548828125,85,11,5.19921875,6.34765625,5.200147311588586,5.20017749077554,5.201125373810426,5.211988177327132,5.195470280934514,5.196191020099064,5.2144471649555255,5.244951286832885,0.18115234375,,,4.38671875,0.22001420951229225,0.24048316329680436,0.25336034870645474,0.20601705298062647,8.592362423421452,3.5009555687342138,0.4074497089637595,3.482813404652477,1.7869169728948422,0.5130670998646696,8.591523393385762,3.4072586951720325,0.39658376508584403,67,10,4.60546875,6.140625,4.606041837150844,4.606089316553008,4.607010011795257,4.622558209602027,4.601235810811553,4.602252057832604,4.619368261047736,4.669259550115203,0.25,,,0.26463035979044247,0.27037925223693954,0.2905037679862617,0.22986606958277336,8.592362423421452,3.739926389905361,0.43526171332239194,3.482813404652477,1.8814064018862093,0.5401973012315141,8.591523393385762,3.6251694939482118,0.42194722960762365,received
12,train,2.483975887298584,91.5625,93.6875,1.2353515625,2.5625,2.5625,92,11,5.23828125,6.38671875,5.2375642412395536,5.237594728246156,5.23861506595532,5.249417206000455,5.231477610373861,5.232210874029144,5.2516363838834765,5.281055641096168,0.1796875,,,4.375,0.20903488154357988,0.2335368333207205,0.24337261776035476,0.19020860809812917,8.599189245796431,3.5099909947136876,0.4081769681286509,3.4803081476711073,1.8071427306150634,0.5192479096497061,8.597042377236633,3.4050572392026455,0.39607310163069603,77,10,4.640625,6.17578125,4.638781028923179,4.638829616986376,4.6398161065483965,4.655521556815967,4.628872886942729,4.629894779249574,4.6477208963706325,4.696886544391822,0.2486572265625,,,0.2510310639400791,0.26057792797771784,0.2784594725837619,0.21270797703500172,8.599189245796431,3.7489829014963387,0.4359693448227071,3.4803081476711073,1.9012697988526988,0.5462935229241002,8.597042377236633,3.633722787452615,0.42267126623384293,received
13,train,2.3732380867004395,91.9375,94.0,1.2138671875,2.568359375,2.568359375,88,11,5.296875,6.38671875,5.302069418409198,5.302097350989274,5.303071535913034,5.313085701081289,5.301398636730446,5.302066119957313,5.320923347976425,5.347895928800282,0.1702880859375,,,4.44921875,0.18882579086560167,0.23043211975877403,0.238810363042205,0.21100825143590585,8.595578988010008,3.503602785445569,0.4076052108104355,3.4784412165299683,1.7697541244632666,0.5087779307734693,8.59354197039192,3.3991485054424677,0.3955468556683438,71,10,4.71875,6.17578125,4.713681751644351,4.713728042029517,4.714705752476929,4.729577189841009,4.726138659404195,4.727062797969861,4.744487972060917,4.789654613598125,0.2359619140625,,,0.22752356425868586,0.2551436098314429,0.2753306182614667,0.2336567445187119,8.595578988010008,3.7495323063563095,0.4362163749046505,3.4784412165299683,1.8758399476181977,0.5392760236119507,8.59354197039192,3.6289800923603357,0.42229154228414517,received
14,train,2.4618420600891113,91.9375,94.125,1.1923828125,2.5546875,2.5546875,94,11,5.21875,6.31640625,5.216683424403513,5.21671582164159,5.217655248108293,5.228491529044596,5.206525406822708,5.207211841768434,5.224099584137374,5.254844373168342,0.173583984375,,,4.40625,0.22664788138198882,0.22818285032223362,0.25505962950888794,0.2203507425345281,8.598841331835523,3.550066613108199,0.4128540667409194,3.4864136031893413,1.7970561464295534,0.5154454838019281,8.594228447565694,3.432367115659347,0.3993804838445459,78,10,4.640625,6.109375,4.642678492980019,4.642727202754508,4.643671446036692,4.659217327667574,4.625309225524293,4.626296222376,4.642975172540154,4.692130523458257,0.240478515625,,,0.2680926299735045,0.254241964102964,0.2874554122310511,0.2392406243039983,8.598841331835523,3.7919566608729447,0.4409846064764527,3.4864136031893413,1.8948944299941006,0.5435082137875631,8.594228447565694,3.656162263074327,0.42542065124065104,received
15,train,2.2563228607177734,92.375,94.5,1.171875,2.552734375,2.552734375,93,11,5.28515625,6.40625,5.284713250615172,5.284742695935004,5.285733873635269,5.295994737538794,5.281245754031361,5.281917271016264,5.300585596266074,5.328145195726643,0.1751708984375,,,4.48046875,0.1900969275657843,0.22095556013647516,0.23813262401547697,0.18729081273124312,8.596410761801842,3.550076659568746,0.4129719667821732,3.485864014500941,1.8001491019038696,0.5164140352048674,8.594475010095364,3.4403064488317288,0.4002927979650447,75,10,4.69140625,6.1953125,4.691277518089073,4.691324674051458,4.692296852419734,4.707438968765084,4.688929220781595,4.689912901722932,4.707488140015563,4.75446215076911,0.242431640625,,,0.23387733561403157,0.24870825734994687,0.27900151943835866,0.21156625118596148,8.596410761801842,3.8037041003596244,0.4424758432043972,3.485864014500941,1.9123197514292611,0.5485927573405474,8.594475010095364,3.68400452293539,0.42864799986131,received
16,train,2.174558162689209,92.5,94.625,1.1513671875,2.568359375,2.568359375,90,11,5.29296875,6.3828125,5.293850259421399,5.293877989656648,5.294870615782843,5.304999942700357,5.287118950122694,5.287832917031518,5.307463882951324,5.334889156712029,0.1707763671875,,,4.49609375,0.21832427814789646,0.22849503100762336,0.23735380097557957,0.19939587923153118,8.594268452047352,3.5461597182530973,0.4126191470558871,3.477795805323899,1.8063127686575267,0.5193843657791457,8.59413693374665,3.4446478593052436,0.40081370425680835,74,10,4.71484375,6.171875,4.7143284114295465,4.714374830686939,4.715368315336051,4.730330410974658,4.709366348403755,4.710329152022896,4.72827555075405,4.774372304691081,0.2362060546875,,,0.26660251516797084,0.2617652320560197,0.27634014410586843,0.2230286483878734,8.594268452047352,3.7982211086139577,0.4419481576362831,3.477795805323899,1.9178063439795738,0.5514430551223699,8.59413693374665,3.6877509212938033,0.4291007869345308,received
17,train,2.1994636058807373,92.5,94.5625,1.130859375,2.5703125,2.5703125,95,11,5.28125,6.3984375,5.278747671393027,5.278777876618645,5.2798169954227365,5.290401625439854,5.281866796752329,5.2825372358562115,5.301580473449967,5.32905007116674,0.1748046875,,,4.42578125,0.1902692787824791,0.2306090690423957,0.2424484895320353,0.19380617447841064,8.59191969481618,3.5327928233840087,0.4111761921512688,3.4806630285544573,1.7914156116214848,0.5146765420625827,8.59334713573838,3.4375006728671442,0.40001883068020366,79,10,4.69140625,6.1875,4.688405091423733,4.688454516213669,4.689475901906517,4.705002296648967,4.698133181989662,4.699143490932863,4.717463256570864,4.764535151180113,0.2418212890625,,,0.2248030937881137,0.25271334222146624,0.27416087266353845,0.212642863708024,8.59191969481618,3.7833096497276806,0.44033345097607113,3.4806630285544573,1.900705722808798,0.5460757640759536,8.59334713573838,3.67777530119087,0.42797937091306143,received
18,train,2.2242772579193115,92.625,94.625,1.111328125,2.572265625,2.572265625,93,11,5.34375,6.40234375,5.344156296582822,5.344185014406103,5.345205293336214,5.355100897532229,5.337646978013414,5.338305762753878,5.357161706672975,5.382839395581343,0.1654052734375,,,4.5390625,0.200236601693931,0.21876991609087856,0.24167809775882731,0.1926941964954251,8.596144923332703,3.558032243763443,0.41391022086026014,3.4911742789588818,1.784551858938515,0.5111609207520553,8.593349095130364,3.4517423477744433,0.4016760298648241,76,10,4.7734375,6.19140625,4.7743442687701005,4.774391294485763,4.775412919308208,4.790133834692383,4.771382811460299,4.772337070677304,4.7904000867553975,4.834655391183345,0.2288818359375,,,0.24430164444015012,0.24571836423435317,0.28184521022869896,0.2175126280581725,8.596144923332703,3.8223749824435815,0.44466153334251335,3.4911742789588818,1.8916999211376715,0.5418520446082696,8.593349095130364,3.7019499653658894,0.4307924563967373,received
19,train,2.219552516937256,92.5625,94.625,1.091796875,2.5703125,2.5703125,92,11,5.31640625,6.390625,5.320467067112885,5.320496108076542,5.321511257569143,5.331650973196192,5.324245298891072,5.324963356959996,5.344674326244766,5.371364518101162,0.1680908203125,,,4.48046875,0.1996409225911876,0.23394602790591218,0.23925066574468004,0.19166668660425884,8.599316423773649,3.5404799363107946,0.4117164390558757,3.462451282721741,1.7722970770500464,0.511861953377981,8.597179795948215,3.417906859673411,0.3975614027851604,76,10,4.7421875,6.1796875,4.736381299423519,4.736428729264623,4.737434985946826,4.752477707582448,4.73430539736798,4.735279672259967,4.753222290239465,4.798881303107248,0.233154296875,,,0.24140435617472983,0.26039527461424605,0.2802097886890383,0.21643932418657072,8.599316423773649,3.792173540982186,0.4409854637396936,3.462451282721741,1.8789906890801706,0.5426764265122442,8.597179795948215,3.656592266176035,0.42532462423309547,received
20,train,2.2006540298461914,92.5625,94.6875,1.0732421875,2.568359375,2.568359375,99,11,5.3359375,6.390625,5.338643672256961,5.338673428184113,5.339732075411767,5.349914858911044,5.331699464156501,5.332393379525642,5.35193327707319,5.3780992857797845,0.1649169921875,,,4.50390625,0.19754778177558535,0.23694730933307415,0.2360804034955131,0.2075868059835737,8.595367010567273,3.5953813294080597,0.41829293909007537,3.4701014737107805,1.7705591541223242,0.5102326740402098,8.594874194443864,3.484394573216483,0.4054037900251014,82,10,4.765625,6.1796875,4.764665668568016,4.764715033984631,4.7657854167775975,4.78091738329292,4.751945729330307,4.752949043511793,4.771741974376598,4.817161354972363,0.228515625,,,0.2416111576691991,0.2658215645722795,0.28040959973604074,0.23621030582058622,8.595367010567273,3.8625308472947317,0.4493735802724978,3.4701014737107805,1.8834542965704317,0.5427663458372429,8.594874194443864,3.7440174448000434,0.4356104999442987,received
21,train,2.1472365856170654,92.8125,94.8125,1.0546875,2.5703125,2.5703125,93,11,5.32421875,6.3828125,5.326985110244763,5.327014079886179,5.3280194877422895,5.338113155838345,5.324318917155724,5.324987334513529,5.34360050365807,5.369893733361659,0.1656494140625,,,4.46484375,0.198276152492658,0.2101152011346356,0.2400702439487436,0.19256840726831798,8.600180005357863,3.532379777778286,0.41073323762730934,3.474792112060796,1.7456919509846358,0.5023874507270358,8.597765984709397,3.4177762159375975,0.3975191022895836,76,10,4.7578125,6.171875,4.756435369342386,4.756484521329589,4.757520516100136,4.772586501446478,4.752585966805942,4.753566885865088,4.771577090156346,4.816759419991644,0.2294921875,,,0.2409695588462725,0.23942839447391245,0.2718217888873954,0.21295565911534636,8.600180005357863,3.786558657908902,0.44028830275062814,3.474792112060796,1.8488581509892796,0.5320773420004044,8.597765984709397,3.6666945126606283,0.42647061099146233,received
22,train,2.193237066268921,92.625,94.8125,1.0361328125,2.572265625,2.572265625,93,11,5.328125,6.39453125,5.33152037778994,5.331553973705767,5.332670782078815,5.3432242889129675,5.335404478488013,5.336105209226632,5.355430969968383,5.381901593179392,0.16650390625,,,4.55859375,0.18141897674238117,0.2131539023534216,0.2258234128260272,0.1875320280808146,8.59580912561387,3.534472223493779,0.4111855174822026,3.4759878077055677,1.7294606469375324,0.49754508433650574,8.595200881324368,3.4321185097599374,0.3993063754003977,74,10,4.7578125,6.18359375,4.759557098860168,4.759608458673663,4.7606983783591375,4.7761471423444775,4.7565689007653775,4.757594396088299,4.776387947972137,4.822296538307338,0.2305908203125,,,0.22344907433395184,0.24055852480690226,0.2596238425029242,0.20945604969133977,8.59580912561387,3.791146530782779,0.4410459184680923,3.4759878077055677,1.8400241344445893,0.5293528735531307,8.595200881324368,3.6736991362994766,0.4274128303716183,received
23,train,2.1326968669891357,92.6875,94.8125,1.017578125,2.580078125,2.580078125,96,11,5.359375,6.421875,5.363758845919219,5.363791373431604,5.364926458073187,5.37516908367482,5.368764257820256,5.369427225948417,5.389092487323185,5.413796579615776,0.165283203125,,,4.5234375,0.17704733141764453,0.20833493214247875,0.22597401084663193,0.19406376179173884,8.594571960937749,3.556749834461284,0.41383676239220285,3.476972784488897,1.7504658258451786,0.5034453630624236,8.591551880541155,3.448599742357322,0.40139427548217343,79,10,4.78515625,6.2109375,4.785753985789462,4.785804332633466,4.786902911742759,4.802069651310207,4.798623545936025,4.799617112318893,4.8187276966496855,4.862891602974643,0.229248046875,,,0.20948775033575803,0.22865802516438838,0.2607462589391978,0.21549348850438585,8.594571960937749,3.8147292549831864,0.44385331489701824,3.476972784488897,1.8663712995664201,0.5367805315855443,8.591551880541155,3.7006967641182458,0.4307367068922536,received
24,train,2.4885571002960205,92.0625,94.6875,1.0,2.560546875,2.560546875,93,11,5.296875,6.36328125,5.293440093675081,5.293472050124175,5.29450089095568,5.305195184751619,5.2997271594729245,5.300460016038505,5.319653795734404,5.3477248298498,0.1676025390625,,,4.5078125,0.1758724598926084,0.21388783583111642,0.23292404682558257,0.19096667563117192,8.594762499237547,3.5678771894496695,0.4151222549507541,3.4711467401141007,1.7517992342857158,0.5046744967710964,8.592039233574177,3.440130553529329,0.4003858059780157,75,10,4.7265625,6.15625,4.729568360928166,4.729619359233131,4.730673676150865,4.746289392583112,4.7269762001427775,4.728008050632905,4.746409325681734,4.793321465570395,0.23193359375,,,0.2184883438824818,0.240875397283327,0.27353380649778547,0.21598028775719713,8.594762499237547,3.8301217042138243,0.44563438542409983,3.4711467401141007,1.8673287882159788,0.5379573172854679,8.592039233574177,3.6950413212520754,0.43005405594673785,received
1,test,10.562305450439453,71.8125,74.625,1.5,2.43359375,2.43359375,36,10,4.265625,6.11328125,4.265163713752883,4.265293339630238,4.266856379631692,4.29334195417299,4.276409330655529,4.288900172419303,4.413652913231129,4.504944451485146,0.30224609375,3.044921875,3.083984375,3.462890625,0.2870118602041222,0.2841707231726543,0.32711391563352177,0.28110791424372433,6.658211482751794,2.802133776103486,0.42085382589040005,3.186646652398159,1.681059070840126,0.5275323103598636,6.54001086967976,2.5176347081087433,0.3849587956773568,23,9,3.634765625,5.921875,3.6335779328198994,3.633740387052275,3.6350460689716444,3.6675523821915186,3.624036108578977,3.6386574577263904,3.7373509918798478,3.896363019884518,0.38623046875,2.865234375,2.90625,0.3362453521374604,0.3142733175899527,0.37182020637650415,0.3054804715835049,6.658211482751794,2.9580069144653747,0.44426448786256495,3.186646652398159,1.7519936444115811,0.5497922535882953,6.54001086967976,2.6272124083247896,0.40171376786311586,
2,test,11.83298397064209,74.375,77.125,1.4736328125,2.44140625,2.44140625,35,10,4.328125,6.12109375,4.33097969847199,4.331102335907749,4.332839387493215,4.358280059597013,4.3218480432989335,4.334185945339296,4.469977733564568,4.547636828877796,0.292724609375,3.26171875,3.13671875,3.52734375,0.3006583607580426,0.29575078657947496,0.3384763979377087,0.3082366954056748,6.658211482751794,2.9047015431407965,0.4362585283849084,3.186646652398159,1.8090733382766215,0.5677044039116091,6.542371470375553,2.550531298782955,0.3898481323373322,24,9,3.708984375,5.92578125,3.71089955883823,3.7110577005676286,3.712521319178058,3.744226918470291,3.6452247214680904,3.660225570119315,3.7732865511222147,3.922175757361151,0.3740234375,3.115234375,2.958984375,0.34492274128876566,0.32518640850928826,0.38095225121773246,0.329664524264759,6.658211482751794,3.077181078565892,0.4621633131566007,3.186646652398159,1.8881225135670117,0.5925107862668353,6.542371470375553,2.691505751724284,0.41139604559473036,
3,test,11.62295150756836,73.125,74.25,1.4482421875,2.435546875,2.435546875,42,11,4.3828125,6.09765625,4.387205889496708,4.387303656305524,4.388619544368575,4.411203085913924,4.2944972725469555,4.306049229946976,4.419391655873896,4.5115562711406,0.28076171875,3.134765625,3.16015625,3.470703125,0.26868985858938976,0.2820692352826579,0.37146801062407153,0.32793462386553385,6.658211482751794,2.819768735409764,0.42350242895024004,3.186646652398159,1.7719224663953934,0.5560461072964918,6.526771339603486,2.4650707328911254,0.37768608774961054,33,10,3.7734375,5.90625,3.7773580762628605,3.7774913535631693,3.778591099741541,3.80730501705296,3.7180338268593984,3.731925754059029,3.8255299732557084,3.978966045406663,0.361083984375,2.96484375,2.998046875,0.30164452887721754,0.3081472875120979,0.40569730607254173,0.34637941819194495,6.658211482751794,2.9672713657349328,0.4456559202755422,3.186646652398159,1.8467128377563489,0.5795160365102222,6.526771339603486,2.5778868732665448,0.39497122530159856,
4,test,14.295333862304688,70.8125,73.0,1.4228515625,2.458984375,2.458984375,48,11,4.65234375,6.140625,4.654180372772978,4.654262196496743,4.655693086854994,4.675358832159791,4.5891570664675605,4.599796573001146,4.733494119188374,4.787094292254066,0.2420654296875,3.345703125,3.37109375,3.728515625,0.21833941821825414,0.23330462173344213,0.3210069538895003,0.2747720324837092,6.658211482751794,2.8991476855338236,0.4354243918271616,3.186646652398159,1.801332632939661,0.5652752970223545,6.566570807487371,2.448857613376709,0.3729279231382778,35,10,4.0703125,5.9453125,4.073795840783241,4.073915446501574,4.075174656466579,4.101186756021565,4.020265188180048,4.033155760577562,4.142080012243097,4.261052653512133,0.31494140625,3.208984375,3.240234375,0.261584438138197,0.26543993776092795,0.3715436164905383,0.30113079832449174,6.658211482751794,3.074658166642105,0.4617843957956363,3.186646652398159,1.8779467187994845,0.5893175251753147,6.566570807487371,2.5760699612038582,0.3923006446936593,
5,test,13.598674774169922,72.25,73.5,1.3974609375,2.45703125,2.45703125,44,10,4.5390625,6.1640625,4.534667564004561,4.5347578724152156,4.536102234776032,4.55696426686097,4.488786256959186,4.499719777412328,4.627251793495086,4.693264718041806,0.263671875,3.474609375,3.408203125,3.517578125,0.2557972345394434,0.26359986558928694,0.3519415370343855,0.32232242377401044,6.658211482751794,2.9471442975435034,0.44263302617799527,3.186646652398159,1.8308911825786867,0.5745510507733331,6.559339337235894,2.5784021760364757,0.3930887004731508,34,10,3.908203125,5.96875,3.9066531252397874,3.906780842440677,3.907907928212847,3.935438722588407,3.9378495620633,3.9504965935553495,4.046635795967726,4.177685709351953,0.34521484375,3.345703125,3.26953125,0.2872992422576317,0.28858009031096277,0.39249154965034855,0.3434519885226864,6.658211482751794,3.1125626495479706,0.46747728839961233,3.186646652398159,1.9089602878914644,0.599049877856664,6.559339337235894,2.6957514270566842,0.4109791075685793,
6,test,11.743936538696289,71.875,74.625,1.373046875,2.501953125,2.501953125,61,11,4.78125,6.23046875,4.777512605329176,4.777575822845703,4.77873066915747,4.7948636458492375,4.660972458918333,4.670125623978503,4.785457622929144,4.839596682181775,0.232421875,3.255859375,3.263671875,3.791015625,0.22105312457191736,0.2378810289910879,0.35033200141967114,0.29532761575035954,6.658211482751794,2.8949401768555862,0.4347924640656093,3.186646652398159,1.8530417608606893,0.5815021127197001,6.5451491890934745,2.5139315772201396,0.3840907983288197,48,10,4.18359375,6.02734375,4.185461392427436,4.185563941693856,4.186612363145328,4.2091514303797615,4.0878953017249575,4.0993857443898785,4.194173922274874,4.31031083601214,0.305908203125,3.103515625,3.11328125,0.249909809372011,0.2612874189945764,0.3962180408752725,0.31961456381807457,6.658211482751794,3.0638558788920323,0.4601619949785316,3.186646652398159,1.9369570924942732,0.6078355411751054,6.5451491890934745,2.643948656852947,0.4039554455471691,
7,test,13.421513557434082,73.5,74.875,1.349609375,2.462890625,2.462890625,56,11,4.8203125,6.171875,4.8153645698134655,4.815432456257923,4.816713697391522,4.833378518346782,4.7751364692247025,4.784240610020877,4.91253599571978,4.949664976828298,0.2186279296875,3.36328125,3.369140625,3.947265625,0.24053411176907458,0.26143008371927484,0.325815805106558,0.2810497724586416,6.658211482751794,2.964551688225531,0.44524745059619253,3.186646652398159,1.8515087097914265,0.5810210267266518,6.548500504288781,2.55163243573151,0.38965140707561685,40,10,4.2421875,5.97265625,4.245242020501339,4.2453493212438085,4.2465672727392425,4.26981889382572,4.1858404850840465,4.1975174956591195,4.303373938591181,4.407694717641611,0.289794921875,3.228515625,3.23828125,0.2681158605582054,0.2817088900174526,0.3712343341914716,0.3049884606758824,6.658211482751794,3.130197591224503,0.47012588881163225,3.186646652398159,1.9335334595520095,0.6067611726254305,6.548500504288781,2.684306798839267,0.4099116732267556,
8,test,11.541586875915527,76.0,78.4375,1.326171875,2.4921875,2.4921875,60,11,4.91015625,6.2578125,4.905956963156915,4.90602132772853,4.907438361743336,4.923690039355177,4.868075899903585,4.877466541341118,5.0242461594844965,5.043330190313345,0.215087890625,3.38671875,3.376953125,4.015625,0.25018150234822123,0.2673202366388507,0.2867245205017617,0.2508450649414258,6.658211482751794,3.0600546272526055,0.4595910831579512,3.186646652398159,1.825113531488145,0.5727379689601382,6.549708104858658,2.706523907180328,0.4132281719810679,46,10,4.3046875,6.0546875,4.306160684523614,4.3062670965438405,4.307646830193343,4.330716545019176,4.2677175402962755,4.279446213030751,4.399732109809127,4.488164904197877,0.2890625,3.25390625,3.244140625,0.2871347581935274,0.2930403992232968,0.3303085274115995,0.2737200329273621,6.658211482751794,3.2339572540062465,0.48570960270394925,3.186646652398159,1.900689779479345,0.5964545137280759,6.549708104858658,2.847832334536786,0.43480293914536855,
9,test,10.900106430053711,77.375,78.9375,1.302734375,2.5078125,2.5078125,56,11,4.921875,6.2578125,4.919538174361986,4.919605720463095,4.921093821470698,4.9375102864437075,4.860412246718563,4.869781228579941,5.015541414477566,5.035172366933623,0.21337890625,3.41796875,3.4375,4.0390625,0.24749556115202495,0.2675248770269661,0.30825286900033383,0.2735929995494289,6.658211482751794,3.1039874542155887,0.4661893756689044,3.186646652398159,1.839236161031116,0.5771697843082072,6.5647330360228855,2.7650865301502225,0.42120319516075794,43,10,4.31640625,6.0546875,4.312248388606712,4.312358397238015,4.313779663305777,4.3371933183903755,4.312391950373061,4.3235833523043405,4.442008787369611,4.5252701621074065,0.287353515625,3.287109375,3.306640625,0.2871528926972967,0.2969713663552016,0.3488087537379568,0.2966533008574702,6.658211482751794,3.2874146737276204,0.4937383984037939,3.186646652398159,1.9183245101146298,0.6019884597719567,6.5647330360228855,2.9113077518681676,0.4434769450475516,
10,test,10.804241180419922,79.1875,80.8125,1.2802734375,2.46484375,2.46484375,52,11,4.90625,6.1640625,4.90505806587318,4.9051336435896316,4.906742257999702,4.923849319395662,4.854880002299886,4.863909810250842,5.001321378770233,5.0260064096253885,0.2042236328125,3.60546875,3.578125,4.11328125,0.25829208993445846,0.2713708086137793,0.27989972290483706,0.2627674640567586,6.658211482751794,3.2150388072705605,0.48286823204687496,3.186646652398159,1.832706313663329,0.5751206561556168,6.581723547434042,2.9056813435136615,0.44147726998446685,36,10,4.328125,5.96875,4.323906287789995,4.3240231506743365,4.325622335526669,4.34959010347895,4.356930413461315,4.368255234316477,4.500048867596623,4.570581197424013,0.274658203125,3.505859375,3.478515625,0.2998864554561124,0.3010258348174715,0.3268126385984333,0.2902952722278981,6.658211482751794,3.4028894279295976,0.5110816075375254,3.186646652398159,1.9053271138842005,0.5979097533296696,6.581723547434042,3.0734604444347022,0.4669689363712222,
11,test,9.995861053466797,78.9375,81.5625,1.2578125,2.53125,2.53125,56,11,5.04296875,6.31640625,5.041030907334684,5.0411018392653855,5.042868319591719,5.058809072623979,4.990626066797896,4.99938920960721,5.15191144681352,5.154543163340283,0.20166015625,3.533203125,3.541015625,4.07421875,0.23828482755959404,0.257414838107814,0.27556131379318843,0.23962828082502854,6.658211482751794,3.249632233966058,0.48806383551863497,3.186646652398159,1.8521474102186497,0.5812214569898385,6.587066508077213,2.9192305657279656,0.4431761182536016,39,10,4.4296875,6.109375,4.431963080420124,4.432078095374261,4.433792950135244,4.456951012231854,4.390916475827938,4.402692848785343,4.542837257265474,4.608438128281241,0.275146484375,3.42578125,3.43359375,0.285748108647123,0.28711834967472605,0.33117019882709264,0.2705155664894153,6.658211482751794,3.4627845612755843,0.5200772865575064,3.186646652398159,1.9388298443207859,0.6084232284937178,6.587066508077213,3.098357052597949,0.47036978430363074,
12,test,10.318709373474121,78.125,80.4375,1.2353515625,2.572265625,2.572265625,61,11,5.08984375,6.3984375,5.094431936104142,5.09450370454033,5.09641568477733,5.112163633788106,5.022808345563098,5.031340503448588,5.186539960723044,5.183253572512817,0.2042236328125,3.5234375,3.517578125,4.2265625,0.2449748587296854,0.2629208456836796,0.27554399578410416,0.2391652012748502,6.658211482751794,3.3076981250751647,0.49678477976312574,3.186646652398159,1.9243332292053736,0.603874052919293,6.607941171033434,2.928881919401703,0.44323668198511623,44,10,4.453125,6.1875,4.451381711910815,4.451493856119046,4.453251675487705,4.476388567926885,4.401825328967008,4.413577345624264,4.556395193495574,4.618724376025425,0.280517578125,3.41015625,3.40625,0.2879988162812051,0.28987621662893864,0.3212156972943762,0.2665530328946184,6.658211482751794,3.5172840184689527,0.5282625863688071,3.186646652398159,2.012411227814961,0.6315137658266851,6.607941171033434,3.100294254346773,0.46917703625105206,
13,test,7.4337687492370605,81.0625,84.3125,1.2138671875,2.552734375,2.552734375,65,11,5.18359375,6.36328125,5.18162694445411,5.181688968614002,5.183501480904034,5.1977365207576165,5.130797695054186,5.138674827979311,5.298971603286079,5.280480969381772,0.18505859375,3.513671875,3.544921875,4.2578125,0.2467008324673969,0.2745518101576932,0.28661875712847695,0.2591964336802228,6.658211482751794,3.279438155880837,0.4925404013339431,3.186646652398159,1.8488911686827736,0.5801996174540917,6.615015818658376,2.977536918649305,0.4501178833542372,48,10,4.59765625,6.15234375,4.598754512476254,4.598855018759988,4.600610390134392,4.621653265622159,4.596557843566333,4.606944883323228,4.748187484660145,4.791836653460028,0.252685546875,3.404296875,3.4453125,0.2820733148782846,0.29660664380950513,0.322217807139068,0.2799294078264652,6.658211482751794,3.491054470078452,0.5243231578212987,3.186646652398159,1.939060314476298,0.6084955522185144,6.615015818658376,3.1566797824432777,0.4771991283134224,
14,test,10.004415512084961,77.5,78.6875,1.1923828125,2.4453125,2.4453125,61,11,5.02734375,6.1875,5.0260514167688575,5.0261288057348,5.027734150737532,5.0439905690824025,4.9345305782712625,4.943360600140709,5.077191230277191,5.10032595545887,0.1876220703125,3.564453125,3.587890625,4.234375,0.2639045273888177,0.2722510296097572,0.278433759471203,0.2674374716556956,6.658211482751794,3.286707702831216,0.4936322181032379,3.186646652398159,1.8440972646181715,0.5786952448054974,6.576991062768302,2.9604824258953535,0.4501271778601544,44,10,4.45703125,5.98828125,4.458782461512756,4.4588973850625555,4.460523416988921,4.483602856533419,4.4332802398600535,4.44457097373903,4.574085634111718,4.6432995169454845,0.255859375,3.466796875,3.5,0.30272622037022734,0.29576754130784133,0.31604184985036676,0.28992482292670646,6.658211482751794,3.4887085887031786,0.523970828763961,3.186646652398159,1.9239357880727237,0.6037493321152619,6.576991062768302,3.1223746596006245,0.4747421168436855,
15,test,9.973759651184082,79.6875,81.9375,1.171875,2.494140625,2.494140625,61,11,5.05078125,6.265625,5.053751327995724,5.053819853332837,5.055398006903155,5.071047768280021,4.9773223815894205,4.985969754122475,5.122583612865344,5.13959140841271,0.19384765625,3.595703125,3.611328125,4.3046875,0.25350224813093697,0.2570727690852458,0.27615758492498116,0.2468537653685413,6.658211482751794,3.314106421279151,0.49774724486664296,3.186646652398159,1.8748061178091442,0.5883319747416083,6.599307840181566,3.0184242206863408,0.4573849703309636,43,10,4.4609375,6.0625,4.4586837933180625,4.458793225489125,4.460350158297634,4.48298685946579,4.468806725672696,4.479614874713632,4.6070879611940665,4.672681274340126,0.26416015625,3.49609375,3.51953125,0.29938009169478075,0.286135638367757,0.3227853082303605,0.27613340664820357,6.658211482751794,3.5248777249579764,0.5294030888158524,3.186646652398159,1.9587646054206633,0.6146789459529708,6.599307840181566,3.2000009939937026,0.4848994881720295,
16,test,11.770804405212402,78.6875,81.5625,1.1513671875,2.5,2.5,64,11,5.08984375,6.26953125,5.09342525424313,5.093489120972183,5.09509354092235,5.110400746892674,5.058885839778693,5.0671263910909605,5.210883938343315,5.214287375585658,0.1881103515625,3.58203125,3.568359375,4.25,0.25299888133627485,0.2664974926930385,0.29209636278110274,0.2728556516042465,6.658211482751794,3.2945811651394603,0.4948147372119565,3.186646652398159,1.8591110219891407,0.5834067045337576,6.586284586731616,2.939790123268348,0.44635030335474646,45,10,4.515625,6.0703125,4.503442618322471,4.503552716549023,4.505204619146121,4.5277515097227585,4.467212381058457,4.478349965901514,4.610176089202593,4.674488835005113,0.256103515625,3.482421875,3.46484375,0.286865437728224,0.2875109547576056,0.3248705186621001,0.29281275105616095,6.658211482751794,3.5137270873319135,0.5277283691625418,3.186646652398159,1.958917261374511,0.6147268508418711,6.586284586731616,3.118121725431175,0.47342650994959734,
17,test,9.952619552612305,79.8125,82.4375,1.130859375,2.54296875,2.54296875,65,11,5.0703125,6.3203125,5.0657157748868595,5.065797156235562,5.067719002058316,5.084395102974538,5.003142968064104,5.01166554779005,5.155662519373492,5.163410195007543,0.1973876953125,3.59375,3.583984375,4.15234375,0.23334727858815868,0.2496968222382692,0.27000522565157425,0.24180910987927412,6.658211482751794,3.3297362426890498,0.5000946952968957,3.186646652398159,1.8746359019885324,0.5882785593996582,6.592402409718429,2.993435868542803,0.45407359601257363,47,10,4.453125,6.11328125,4.451824676112734,4.451947053288025,4.453759282549131,4.477709674096269,4.360958306197748,4.372859102949616,4.509912978089647,4.580519171693865,0.271484375,3.498046875,3.484375,0.2933255250538009,0.28759783366834246,0.31675960162176087,0.2679361603498655,6.658211482751794,3.532372097981578,0.5305286723217257,3.186646652398159,1.9666024799897759,0.6171385454706061,6.592402409718429,3.1656549951069843,0.48019747557282294,
18,test,8.855353355407715,79.6875,82.4375,1.111328125,2.529296875,2.529296875,62,11,5.1796875,6.31640625,5.1754000904823565,5.175461849891628,5.177032733587299,5.191188762972142,5.137039815480365,5.144494528591862,5.279635595232383,5.280927550681376,0.1798095703125,3.634765625,3.623046875,4.265625,0.22611045544054886,0.24994581937941737,0.277054386836969,0.23944443559261383,6.658211482751794,3.2913333947790013,0.49432695301211965,3.186646652398159,1.8170397792269881,0.5702043487813584,6.588606653601522,2.931866883301672,0.44499042626850843,46,10,4.609375,6.11328125,4.612404223252308,4.6125095147743345,4.61416511397883,4.635341010247669,4.537472293541253,4.547849358245074,4.671923877552958,4.7339082870856775,0.2454833984375,3.546875,3.533203125,0.27454145472996455,0.28131866305252284,0.33033649206021637,0.2725117600910476,6.658211482751794,3.520253213168009,0.5287085311554436,3.186646652398159,1.918196600686171,0.6019483205778724,6.588606653601522,3.1249051211519694,0.4742892215979848,
19,test,9.582101821899414,79.9375,82.3125,1.091796875,2.505859375,2.505859375,61,11,5.0625,6.28125,5.0639042096319145,5.063979320203166,5.065684497195328,5.0818206132339805,4.978402848269957,4.9871356886949085,5.1272184236553455,5.141586667118193,0.194091796875,3.611328125,3.578125,4.1875,0.2567802251043479,0.27196164177642745,0.2746469248165848,0.2671506923823353,6.658211482751794,3.336832690696461,0.5011605142523005,3.186646652398159,1.9036224908886235,0.5973748264358157,6.576887424539763,3.000050548552144,0.4561505093364254,43,10,4.4765625,6.078125,4.476869606404772,4.476984092758615,4.478623346228599,4.501755145089987,4.465513137232086,4.476912921058279,4.611776984561945,4.67572892913405,0.26318359375,3.517578125,3.482421875,0.30295807772779826,0.302439466302046,0.3173048670492535,0.29280879320539854,6.658211482751794,3.5503555520746186,0.5332296159819905,3.186646652398159,1.9935336096823661,0.6255897898758566,6.576887424539763,3.1841037498278553,0.4841353583075314,
20,test,10.80059814453125,78.5625,81.8125,1.0732421875,2.482421875,2.482421875,58,11,5.0234375,6.2265625,5.023068852149772,5.023145687812677,5.02470019088959,5.041268362649134,4.955875590421476,4.96456196070105,5.093714369177311,5.119165775616148,0.193603515625,3.66796875,3.59765625,4.12109375,0.2558657211919066,0.25489748779077454,0.2883419013818052,0.25458892580827186,6.658211482751794,3.3006628742850905,0.49572815204736465,3.186646652398159,1.8708796002930166,0.5870997962340939,6.580444044631131,2.92747378805302,0.44487480908548943,42,10,4.453125,6.02734375,4.45485016807527,4.454964330458883,4.456488621749864,4.47973010437936,4.409035110325054,4.420433437925438,4.538239385931204,4.620612442743616,0.26123046875,3.591796875,3.50390625,0.2898325624786755,0.27450000835467947,0.33294947761993926,0.2815014378053519,6.658211482751794,3.520587268812725,0.5287587031341471,3.186646652398159,1.9677456621015352,0.6174972868801373,6.580444044631131,3.116861149920606,0.47365514071403714,
21,test,10.324125289916992,77.125,79.4375,1.0546875,2.49609375,2.49609375,65,11,5.140625,6.2578125,5.13692610149045,5.136987128339284,5.1384600301108145,5.152925891370565,5.1034659279379655,5.111374570331513,5.242370721733621,5.252754108289012,0.17822265625,3.55078125,3.578125,4.27734375,0.22280131644822707,0.24281224966128945,0.2836234250621862,0.2695717872924731,6.658211482751794,3.2756523506680217,0.49197180941963964,3.186646652398159,1.8283932927089586,0.5737671891965096,6.591977357903283,2.9089994752973922,0.4412939118805864,48,10,4.5859375,6.0546875,4.58580920707286,4.585912074388691,4.587484006043653,4.608823785133605,4.56368587078367,4.574345822157741,4.704005576974363,4.7622412977856206,0.2425537109375,3.4453125,3.484375,0.2588558047545255,0.26511970551718744,0.3140703770093619,0.28654578386088797,6.658211482751794,3.4947353126629617,0.5248759853477365,3.186646652398159,1.9152937700183879,0.6010373847307496,6.591977357903283,3.0851901377297075,0.4680219561177342,
22,test,8.293088912963867,79.9375,82.8125,1.0361328125,2.525390625,2.525390625,63,11,5.16015625,6.3046875,5.15028768806428,5.150358162356344,5.152141294803786,5.167378253295552,5.049480408375122,5.058010134330959,5.209719852790303,5.208521751342143,0.181396484375,3.564453125,3.623046875,4.30859375,0.22737627077649913,0.2535556931461377,0.25756878984725584,0.23569141700682783,6.658211482751794,3.357905862460119,0.5043255041025401,3.186646652398159,1.922477465008896,0.6032916964804073,6.608151305242254,3.0103534184755762,0.4555515271097772,46,10,4.58984375,6.09765625,4.5843693784223705,4.584479698477028,4.5862709926214915,4.6083828621972245,4.572505299009972,4.58326474741639,4.723266338961684,4.772338873883979,0.24755859375,3.466796875,3.541015625,0.28034855192109887,0.28702442055563226,0.3135377544441103,0.2698222886118507,6.658211482751794,3.589149954724814,0.5390561660623977,3.186646652398159,2.0248929927112247,0.6354306622566267,6.608151305242254,3.2043722026152617,0.48491205098061685,
23,test,11.363605499267578,77.625,80.0625,1.017578125,2.494140625,2.494140625,60,11,5.09765625,6.2734375,5.097789228818005,5.097857979895091,5.09949867176824,5.11491216092216,4.9869202349225015,4.99534884567039,5.131324074461862,5.146119854245889,0.1876220703125,3.68359375,3.642578125,4.22265625,0.26831995397019687,0.26639150862886146,0.28316655191570356,0.2765570344021935,6.658211482751794,3.240949000271394,0.4867596964540892,3.186646652398159,1.7961360111735711,0.5636445477322883,6.586360977790126,2.890834588052379,0.438912260928389,45,10,4.52734375,6.0703125,4.527112427214865,4.527223673648944,4.528879918771748,4.551241421776175,4.484380512000506,4.495278056252648,4.622183592860704,4.687998538882493,0.254150390625,3.59765625,3.548828125,0.30774550685066804,0.2896645541558356,0.32196109291621905,0.29779233763883073,6.658211482751794,3.452702144822571,0.5185630035583659,3.186646652398159,1.8761147994573095,0.5887426514782902,6.586360977790126,3.072151979996283,0.46644148268761604,
24,test,11.463685989379883,78.125,79.5625,1.0,2.478515625,2.478515625,63,11,5.01953125,6.21875,5.029333540479819,5.029415316473455,5.031130782383819,5.047888860922254,4.964158433186543,4.972668586430929,5.106856576859804,5.125481713524238,0.192626953125,3.587890625,3.6015625,4.16796875,0.2608990433014683,0.25154179929815446,0.2665042978982518,0.24157812852563748,6.658211482751794,3.300464227753422,0.49569831722878266,3.186646652398159,1.8410612220107883,0.5777425057859081,6.5865526136844785,2.956800088122362,0.44891466925796647,45,10,4.43359375,6.01953125,4.430519160937513,4.430642309597834,4.432339189799455,4.45638241479601,4.354293171580209,4.366113816975971,4.49668731575093,4.573052925292666,0.263671875,3.486328125,3.509765625,0.29888571527562313,0.2730417492352854,0.29905569305980395,0.2595480782233301,6.658211482751794,3.50603132258162,0.5265725385359195,3.186646652398159,1.9384437173705065,0.6083020581876253,6.5865526136844785,3.1269054388411064,0.4747408275984201,
