epoch,phase,messages,loss,accuracy,accuracy_nn,temperature,length,length_nn,lexicon_size,actual_vocab_size,entropy_msg,entropy_max,entropy_msg_mc_ml,entropy_msg_mc_perks,entropy_msg_mc_james-stein,entropy_msg_mc_minimax,entropy_msg_1_ml,entropy_msg_1_perks,entropy_msg_1_james-stein,entropy_msg_1_minimax,redundancy,kld_train_test,kld_test_train,mutual_info_sent_received,topsim,topsim_norm_max,entropy_target,mutual_info_msg_target,proficiency_msg_target,mutual_info_msg_target_shape,proficiency_msg_target_shape,mutual_info_msg_target_color,proficiency_msg_target_color,mutual_info_msg_target_x,proficiency_msg_target_x,mutual_info_msg_target_y,proficiency_msg_target_y,entropy_selected,mutual_info_msg_selected,proficiency_msg_selected,mutual_info_msg_selected_shape,proficiency_msg_selected_shape,mutual_info_msg_selected_color,proficiency_msg_selected_color,mutual_info_msg_selected_x,proficiency_msg_selected_x,mutual_info_msg_selected_y,proficiency_msg_selected_y,lexicon_size_nn,actual_vocab_size_nn,entropy_msg_nn,entropy_max_nn,entropy_msg_mc_ml_nn,entropy_msg_mc_perks_nn,entropy_msg_mc_james-stein_nn,entropy_msg_mc_minimax_nn,entropy_msg_1_ml_nn,entropy_msg_1_perks_nn,entropy_msg_1_james-stein_nn,entropy_msg_1_minimax_nn,redundancy_nn,kld_train_test_nn,kld_test_train_nn,topsim_nn,topsim_norm_max_nn,mutual_info_msg_target_nn,proficiency_msg_target_nn,mutual_info_msg_target_shape_nn,proficiency_msg_target_shape_nn,mutual_info_msg_target_color_nn,proficiency_msg_target_color_nn,mutual_info_msg_target_x_nn,proficiency_msg_target_x_nn,mutual_info_msg_target_y_nn,proficiency_msg_target_y_nn,entropy_selected_nn,mutual_info_msg_selected_nn,proficiency_msg_selected_nn,mutual_info_msg_selected_shape_nn,proficiency_msg_selected_shape_nn,mutual_info_msg_selected_color_nn,proficiency_msg_selected_color_nn,mutual_info_msg_selected_x_nn,proficiency_msg_selected_x_nn,mutual_info_msg_selected_y_nn,proficiency_msg_selected_y_nn
1,train,received,1.0771440267562866,33.0,33.03125,1.5,3.68359375,3.68359375,2014,11,6.83984375,10.234375,6.617961049566036,6.61801959860367,6.618172288080356,6.645150881458649,5.598372425241838,5.6011279803535485,5.608005603018156,5.793791891715555,0.33154296875,,,6.22265625,0.5487638033091395,0.548784397782287,7.162105003080282,2.1501421884092444,0.30021092786052567,0.5208594862455573,0.07838310595854013,0.6105053802992462,0.0865814174743952,0.9409314213061677,0.17212290281911535,0.2481853174622506,0.04539593639183161,6.940766758421216,1.8078282986933303,0.2604652139477092,0.5065454998596177,0.07318400949719435,0.6027883280887298,0.08295822779707489,0.5724558507140358,0.10055701903347654,0.24660941797541192,0.042763049152458675,1858,10,6.01953125,9.828125,5.876134258631052,5.876199142475526,5.876331359914704,5.9058130458449,4.980462054855266,4.983288167733097,4.988885260605839,5.182467444597282,0.3876953125,,,0.5776268372141604,0.5776268372141604,2.0267159033614845,0.2829776863770963,0.48459483377558676,0.08042216239705337,0.5672950651994562,0.088201343088991,0.9395537692196427,0.1938337139776735,0.2316323593076861,0.04778174727250859,6.940766758421216,1.6806564031755702,0.24214275766239138,0.4678884148371534,0.07429063881638977,0.5612761912407471,0.08449500093635398,0.5717977854524161,0.11279406354796832,0.22872805197438772,0.04446995511854106
2,train,received,0.8911235332489014,39.15625,39.15625,1.4951171875,3.53515625,3.53515625,54,10,2.6875,9.421875,2.684403712242439,2.684495584473325,2.684595962630629,2.724998783237176,2.6694337727365904,2.6725450222403095,2.6759819829359826,2.89735455427045,0.71484375,,,1.626953125,0.5515492053690617,0.5515492053690617,7.162105003080282,1.0433249107528542,0.14567294256425176,0.027772637565101732,0.0072882817819262995,0.03126587289394145,0.007414652035806995,0.9934704677632311,0.3774346641323576,0.015531731691216244,0.0058996202001061196,6.901069754178414,1.042694152964068,0.15109166985781367,0.027273343840846564,0.007302053608616531,0.030249397095639452,0.007490870059039063,0.8640473781549662,0.3438358329720321,0.015198255024043483,0.0059032601688979525,16,9,1.5546875,9.0390625,1.5498906744243643,1.549985859533244,1.550010188878898,1.5924298575402402,1.5516528061343848,1.554887151639752,1.5557433921022104,1.7912122065074434,0.828125,,,0.5786860365167341,0.5786860365167341,1.0155440843257744,0.1417940792391355,0.010556880283900227,0.003898185409123958,0.012080213328915512,0.0038789082197048814,0.9934543414980839,0.6494311459653755,0.0061036086192167716,0.003988684435992005,6.901069754178414,1.015589152411806,0.14716401783895805,0.010132548955753329,0.003865276557489854,0.011324230142968794,0.0038720953872325593,0.8640734955171601,0.617473060394801,0.005795562691221612,0.003966959793428811
3,train,received,0.7957486510276794,48.46875,48.59375,1.490234375,3.53515625,3.53515625,503,11,4.234375,9.4296875,4.133275232017645,4.13335740431499,4.133487413547273,4.169726859428772,3.860511653433176,3.863482994176748,3.8680906929361636,4.075499274849949,0.55078125,,,3.34375,0.5192367487505075,0.5625988178620798,7.162105003080282,1.5884956321291925,0.22179172623774873,0.1499626208430307,0.03175827248187467,0.36318531182190306,0.07082144445663426,0.9938886085869658,0.28047589403677264,0.1315771770541554,0.03712590084192618,6.966023286131797,1.5790369829025517,0.22667696015977348,0.15629803822324284,0.03311750128499041,0.35301707238848756,0.07094518666673888,0.8889576843770808,0.2577845570211683,0.12974695053724972,0.03705983067063227,383,10,3.2109375,9.0390625,3.138195918099312,3.1382819764510246,3.1383752474863913,3.1766488637013492,2.941335929627138,2.9444103471241005,2.9477298251790285,3.1660086106442074,0.64501953125,,,0.5342252714130962,0.5772351725222725,1.5346500465917887,0.2142736033514959,0.12008970182644063,0.03178168703155101,0.3329558363064873,0.07956385161804713,0.9936301987281837,0.3821420450271438,0.12104177861437382,0.04654271062324243,6.966023286131797,1.5217000245309218,0.21844601460927865,0.12601106152945896,0.03328647523345704,0.3221173004819615,0.07969123793968479,0.8887201938304603,0.3534232628142786,0.11842905752489408,0.04613220183273811
4,train,received,0.634633481502533,57.125,57.375,1.484375,3.533203125,3.533203125,92,8,3.306640625,9.421875,3.3068994384805226,3.306989538054519,3.3071323484798296,3.3464432500380754,3.267246333243369,3.270292326874923,3.27507440528827,3.488977458772661,0.64892578125,,,2.248046875,0.5159645743620941,0.5645074674709266,7.162105003080282,1.7901570861209222,0.24994845584517547,0.02052484004328292,0.005565274392793949,0.5027775440446547,0.1228023787106685,0.9943052662909917,0.39620116242351217,0.269439280703744,0.10734213580157019,6.986936319032467,1.7614785380225784,0.25211028948758235,0.02427286356868308,0.006576815681853488,0.48873235254263037,0.12284733182087545,0.899471887443628,0.36896389259221485,0.25308410466170894,0.10343814760030087,16,7,2.173828125,9.03125,2.1765775257369024,2.176670992008754,2.1767728538485422,2.218079196263897,2.155857860305901,2.1590263573879875,2.162437876173648,2.3891700777698257,0.75927734375,,,0.5311641002132226,0.57957174723748,1.787335377632512,0.24955447830823674,0.008161868498888225,0.003191335243980576,0.49235253496085996,0.16612822175796663,0.9942404687729613,0.7209412916931788,0.28170605153724093,0.20419584936026888,6.986936319032467,1.7564913576955496,0.25139650305826516,0.012751184336718957,0.004967647159188437,0.47889651969005076,0.1677662380752712,0.8994305040505193,0.6844947362491118,0.2641319933436934,0.1996622583469926
5,train,received,0.62169349193573,58.28125,58.5625,1.4794921875,3.533203125,3.533203125,83,8,3.291015625,9.4140625,3.2855502645306416,3.2856404116186932,3.2857820299022267,3.325125887045661,3.241317920938176,3.2443663900996205,3.2490617860140967,3.4632958804470158,0.650390625,,,2.2265625,0.5260259925229712,0.5655848578294167,7.162105003080282,1.7935885919874774,0.25042757558233086,0.02057477760915738,0.005610620683606712,0.5012206093352916,0.12305045237919204,0.9943049520294416,0.39952942165521116,0.2742626904011294,0.11018145017131632,7.015181727592765,1.780901404221634,0.2538639016601419,0.02308735441980936,0.006352736581778506,0.49560235699659927,0.12532976042026917,0.9138367012030635,0.37840294833844784,0.26628059577916385,0.1092556552176148,17,8,2.150390625,9.03125,2.1495182999457514,2.1496118425265434,2.149711900872232,2.1910655418706946,2.1142104753833904,2.1173835705620316,2.1207202611335667,2.347957162977379,0.76171875,,,0.5407712658887335,0.5807536738550167,1.785070892282684,0.24923830235872826,0.008908928735558597,0.003511085584167301,0.49197950757837106,0.16713800928360156,0.9943737604302836,0.7317225428915184,0.2796873754087894,0.2057356606901465,7.015181727592765,1.7731632795807157,0.2527608476066051,0.011620592112372208,0.004624494857182125,0.4862135731178734,0.1716259437239636,0.9138384791713845,0.7064412434448747,0.26988878978504793,0.2051103944597479
6,train,received,0.6562817692756653,57.34375,57.4375,1.474609375,3.259765625,3.259765625,133,11,3.44921875,8.9296875,3.4452840882734606,3.445373652035178,3.4455187761644575,3.484548800435837,3.374186413396693,3.3772195303047337,3.3820104059416582,3.594736139313841,0.61376953125,,,2.44921875,0.4542008913123659,0.5465141471956202,7.162105003080282,1.8001937365995446,0.251349810680703,0.03128281498195129,0.008201909433421195,0.5094579762763942,0.12071690837721788,0.9818543285169739,0.3725259521506545,0.2924319829457227,0.11093071328074922,7.045568798980262,1.787877699223921,0.25375917122300884,0.034907907721140496,0.009198940541955285,0.5011414578132216,0.1213780637028081,0.9257516110030988,0.3585888247103734,0.28091265266938414,0.1090540162638116,46,10,2.439453125,8.5859375,2.4397866352421853,2.4398792712169306,2.439989439235963,2.4808175706624134,2.442717102180764,2.4458536782457827,2.4495609589301086,2.673021213639675,0.7158203125,,,0.4749774010198541,0.5591187096181063,1.789585628325506,0.2498686667614954,0.019611636915080055,0.006951137282312699,0.5003418271686311,0.15502277601235714,0.9813108133619117,0.5972916082039567,0.29532920572679533,0.1797023772871401,7.045568798980262,1.776018849111034,0.25207600688933524,0.023281296548789854,0.008301372896442838,0.4907811103657611,0.15637434597733776,0.9257156411860352,0.5817029453044005,0.28286348681433626,0.17839067078359694
7,train,received,0.6121474504470825,58.8125,58.8125,1.4697265625,3.08984375,3.08984375,109,10,3.23828125,8.40625,3.2373700281425264,3.2374601783133463,3.2375972911700996,3.2769843159617027,3.1917199837856165,3.1947733744370974,3.199363317706587,3.4141808600025403,0.61474609375,,,2.27734375,0.4532230813022863,0.5492089393617517,7.162105003080282,1.824040581734545,0.25467939676255247,0.0220160021671596,0.0061482222594323,0.5025582672933577,0.12604752603833688,0.9940744284527945,0.4137752013379627,0.2990408889323879,0.12444732962664089,7.006697992220264,1.8207848355487362,0.25986346743792943,0.02250229166149431,0.006358311412165053,0.4976263691479179,0.12952912621522436,0.9039738664600776,0.39042423859877107,0.29565538839727523,0.12798895796580584,35,9,2.30859375,8.09375,2.305349748611042,2.3054427844251277,2.305546014919554,2.3466134741829565,2.270402194654965,2.2735579598898705,2.277011720283606,2.502513788459152,0.71484375,,,0.4744247463742308,0.5610379673840773,1.807583329107647,0.2523815733405529,0.010575811583782624,0.003964246400729185,0.4935343238200538,0.16055223940649707,0.9939832033196474,0.6673821481969437,0.29765344301278507,0.1997838592146813,7.006697992220264,1.804128254907857,0.25748623059121883,0.010994533216290847,0.004187150705184328,0.48817416083994836,0.16669460804334857,0.9038266127139902,0.6446205211346265,0.2942745691398283,0.21068515053810188
8,train,received,0.6050082445144653,59.25,59.34375,1.46484375,3.0859375,3.0859375,120,10,3.35546875,8.390625,3.350586157928144,3.3506758436857034,3.3508132129675,3.3899639408874247,3.296296773630521,3.299337892553986,3.303950523349255,3.5176227398637123,0.60009765625,,,2.40234375,0.45154047391581015,0.5500084444556873,7.162105003080282,1.8403989850861806,0.2569634184774812,0.02886895396936673,0.007859089895109913,0.5110878209625938,0.12528193956870318,0.994163753356526,0.3984787389513098,0.2980798488061138,0.11945178723866554,7.0510205415738545,1.837619712532112,0.26061755198374986,0.028116300692371254,0.007732837767229614,0.5054617596579618,0.12673456714480988,0.92968610815762,0.3811758364545977,0.29580712941109155,0.12076786975040364,35,9,2.439453125,8.0703125,2.4340579097890247,2.4341505527150464,2.434256935868142,2.475095110837193,2.416714612648586,2.4198537839314525,2.423426175562977,2.647273265264026,0.69775390625,,,0.4764997538322234,0.5616254766639408,1.8216685361371345,0.2543482028473012,0.015795136933521192,0.005665944167470816,0.5006189458142636,0.15674154847835092,0.9942015510145072,0.6177811912249553,0.2964067889518214,0.18412519617593884,7.0510205415738545,1.8174024321885738,0.25775026770563236,0.014940297454304918,0.005434601485019208,0.49366668793439583,0.15917058771186923,0.929757553608054,0.5990164740382267,0.29410569566517086,0.18822393307776822
9,train,received,0.5974801182746887,60.1875,60.34375,1.4599609375,3.0859375,3.0859375,134,9,3.365234375,8.3828125,3.3525813049426945,3.3526710026883895,3.352808385173034,3.3919610205873076,3.2785295968766013,3.2815727741105687,3.286162084045085,3.500046868395575,0.5986328125,,,2.41796875,0.4226529173003924,0.540547854275155,7.162105003080282,1.8829840340044433,0.2629093029485896,0.043299737765593704,0.011882680764934157,0.5353443248186007,0.1321799408884278,0.9942009485250942,0.40324280320578965,0.2973461400592283,0.1205775689562227,7.049616605070172,1.8745128551947845,0.26590280865013444,0.040285190794236314,0.011181663459723233,0.5289604510432415,0.13331565202072068,0.9304274185109804,0.3854342512525555,0.2959542431679729,0.12236717890748489,37,9,2.451171875,8.0625,2.451637892733247,2.4517304509476294,2.45183629865942,2.4926345513142905,2.4487949037251093,2.4519302559874454,2.4554811220596267,2.67900227812982,0.69580078125,,,0.4423250823677016,0.5497590840036639,1.8691841458487977,0.26098251073460915,0.03272434532465951,0.011888851824034083,0.5276777773152279,0.1670551227883875,0.9942564984135345,0.6316344067463121,0.29611888473423154,0.1880594898103325,7.049616605070172,1.8603154657351428,0.2638888850206663,0.02885526452692666,0.010665330989536845,0.5201792665818239,0.16941417751188423,0.9304857522978374,0.6134931377652953,0.2948171151990593,0.19379228590051512
10,train,received,0.48243141174316406,70.375,70.5,1.455078125,3.306640625,3.306640625,145,11,4.00390625,9.625,3.9923390440162096,3.9924270544783163,3.992819939303103,4.030681905164471,3.944764619324119,3.9477352419206637,3.9607448493701365,4.159395646766971,0.583984375,,,2.798828125,0.3765747778859477,0.46994988529964116,7.162105003080282,2.3013248103169235,0.3213196133437262,0.06527048136620905,0.016862401883552588,0.9014784797286293,0.21077596298085294,0.9939497975388392,0.36917586148383047,0.3717383075262779,0.13804648857876256,7.115780514359816,2.262687252395007,0.31798159707552104,0.06185104245379769,0.015937169106764973,0.847456139425578,0.19813402314430167,0.9700799672825413,0.35831276469169177,0.3662619519261119,0.13548048450925404,43,10,2.984375,9.2734375,2.9821634813593456,2.982254620964026,2.982532231802775,3.0222944891262458,2.9589815062349016,2.9620619310535385,2.971320776454968,3.18395497854301,0.67822265625,,,0.402701730788922,0.47287277919763493,2.293067747564908,0.3201667312303721,0.05820844243620904,0.020338285243406376,0.8988771381693361,0.2750378576551004,0.9937659227992839,0.590265675951563,0.3714241503310287,0.2205486284402488,7.115780514359816,2.250562186387797,0.3162776285533412,0.053642824964226676,0.01862983886712129,0.8416244336457046,0.2569328088960322,0.9701269226978857,0.5687130098158427,0.36578910422947075,0.21492947995591946
11,train,received,0.4223514795303345,72.3125,72.4375,1.4501953125,3.314453125,3.314453125,117,10,3.822265625,9.625,3.816670992018114,3.8167596657319978,3.817153039481143,3.8553629510415686,3.7735044427820705,3.7764948408526875,3.789484641007085,3.9899754480636984,0.60302734375,,,2.576171875,0.38594502996621904,0.47832114275828913,7.162105003080282,2.4294017998126782,0.33920220364932374,0.06027588998845701,0.01690744260115778,1.031144397517588,0.2596535510134744,0.9941410514177491,0.4165462394299442,0.40726761611698326,0.17060978636549026,7.1290200081780934,2.419306586958976,0.33936033061818527,0.05593975100034587,0.015779953487415843,1.0132373872120404,0.25648714022532815,0.9773945808415707,0.41193464009930814,0.403490099486028,0.16978589889481202,33,9,2.783203125,9.2734375,2.780534109051451,2.7806258848769665,2.7808954326246718,2.821026144974562,2.7560285551993746,2.759131914347426,2.768092075630075,2.983151325909576,0.7001953125,,,0.40938679164504177,0.4783813829074575,2.42581613831917,0.33870156012455466,0.05639400971966868,0.022302609625193016,1.0316071465233545,0.35151276391531633,0.9943398296137875,0.7364601471700376,0.40581911348399835,0.30045940523133374,7.1290200081780934,2.416536811171454,0.33897180936500537,0.05116576118861538,0.020343108575357947,1.0113052069074486,0.34626711349732736,0.9772806682098913,0.7277689015399004,0.4025328855057575,0.2989219019932286
12,train,received,0.41051971912384033,73.1875,73.3125,1.4443359375,3.314453125,3.314453125,113,11,3.78515625,9.625,3.7822276615494435,3.782316482478622,3.782709762090231,3.820993535682447,3.730108369113543,3.733103840470675,3.746001920308865,3.9470492226685567,0.60693359375,,,2.53515625,0.36496151160570145,0.4595385461131782,7.162105003080282,2.4381466694611187,0.3404231951936643,0.07477841815837571,0.021250487570548995,1.0287677845566687,0.2621007931671829,0.9943347954129109,0.42484202209837657,0.4076576164954533,0.1741395605549699,7.1303350682577875,2.429410724940419,0.34071480536103566,0.06832974901262823,0.019541786188325784,1.00790640649881,0.2582237856674894,0.9784317049629534,0.4204944229281093,0.4097358366642121,0.17617541524874514,27,10,2.740234375,9.2734375,2.7395435565856614,2.739635478015898,2.7399041124929586,2.78011400347338,2.72893561174633,2.7320417956881795,2.7409743314776653,2.956331072434448,0.70458984375,,,0.39247660936746476,0.4633029894574515,2.4376200967945936,0.3403496731402598,0.07334820639948703,0.02964492048868408,1.0304170000817727,0.3577332441852636,0.9943683432740498,0.7673763307492957,0.40696993075600396,0.31394644238010816,7.1303350682577875,2.4281433337653033,0.3405370589910568,0.06714406969274389,0.027352313426572007,1.0080133832434015,0.35227766495942886,0.9784693709293393,0.7614257330283751,0.4088069590753429,0.31840646234444886
13,train,received,0.4057755768299103,73.375,73.5625,1.439453125,3.314453125,3.314453125,110,11,3.81640625,9.625,3.8108137359839254,3.8109024133063762,3.811295362881329,3.8495118486873015,3.776366486719552,3.77935677363499,3.7924058066444917,3.9928195992963462,0.603515625,,,2.57421875,0.3787253831883118,0.4695497638231431,7.162105003080282,2.4441954722936847,0.34126775176327123,0.08704217781970947,0.024574871371766085,1.022305428358317,0.25893612529992693,0.9942990916845904,0.4206900599746576,0.40768317766991924,0.1724550663960256,7.126218296790622,2.435670438077811,0.34179004019210923,0.081847438981832,0.023230119766675116,0.997767567295468,0.2537892333844614,0.9772590095792477,0.4150683981683427,0.41535098725364694,0.17628842502626182,32,10,2.7734375,9.2734375,2.7741421239445945,2.774233927794301,2.7745030171904355,2.8146480010688,2.7466928444023,2.7497971547537086,2.7587467287328344,2.9739084424988316,0.701171875,,,0.4047573820033909,0.4722173370959988,2.441799438032469,0.3409332084606828,0.08522277507474474,0.03406113701604385,1.0216620975625785,0.3512998144411732,0.9943391557040195,0.751220940778247,0.40643825904987274,0.30694699701421346,7.126218296790622,2.431979549998143,0.3412721093729916,0.07980317239923451,0.03207957996511947,0.9961767607572529,0.3440061297965183,0.9772893591266714,0.7410539875492776,0.41429490225787013,0.3137604904412805
14,train,received,0.42071735858917236,73.3125,73.375,1.4345703125,3.388671875,3.388671875,185,11,4.1171875,9.8671875,4.1085519255634715,4.108639280175097,4.109048716197052,4.146597090342085,4.023438188472769,4.026399583048417,4.0399620722778655,4.237215579090994,0.58251953125,,,2.875,0.4035147782655464,0.5036199975657504,7.162105003080282,2.365421343853125,0.3302690120901332,0.09302659290922755,0.023752839844989476,1.0099480839147645,0.23364248023059406,0.9910565416540411,0.36196122944312553,0.35509943500265084,0.12966839955407863,7.131125531389891,2.3624113165639704,0.33128168984896905,0.09200283627234729,0.02365228784335076,0.9992215681415972,0.2324011568503178,0.976312906539544,0.35864435274877526,0.3698050595299378,0.13576723897292828,65,10,3.064453125,9.5,3.063032790833426,3.0631234981602464,3.063409514297897,3.102964007523912,3.0312649446066855,3.034336895418669,3.0438745098606774,3.255453983512836,0.677734375,,,0.4165654978070515,0.5047100449546534,2.351216380634997,0.32828566177454593,0.0829447590391883,0.02880326677660618,1.0025432908470817,0.30510642200356775,0.9909019045163427,0.582445838917838,0.3547241447173297,0.20844321857336293,7.131125531389891,2.3477774415370822,0.329229576902356,0.08177121884154115,0.0286714643047645,0.9913140909149041,0.3039204578598069,0.9763140950854847,0.5796104901980599,0.3684402772830744,0.21852707439173166
15,train,received,0.42213231325149536,73.5,73.875,1.4296875,3.763671875,3.763671875,169,11,4.19140625,10.6796875,4.188464566760821,4.188551990376705,4.18897003780021,4.226466206414322,4.140693309114841,4.143642399614682,4.157539742013182,4.353285675615549,0.607421875,,,2.86328125,0.4753543988089747,0.5528109989063149,7.162105003080282,2.378494017422791,0.332094267872343,0.0604257161911228,0.015175885471716966,1.0002815020101945,0.22796496107488726,0.994373724221612,0.354719139236131,0.39449079380520136,0.14070004976930597,7.130989803966575,2.3522431459431346,0.329862082348612,0.0581279621230264,0.014592779022786303,0.982909440744371,0.22371118899169865,0.9801863836957319,0.3479505123441466,0.3855664610299083,0.1368508789641846,50,10,2.97265625,10.2578125,2.968170003580425,2.9682612065281524,2.96853692639872,3.008331611319772,2.945163891595883,2.948245739740951,2.957376390148476,3.1702750530972934,0.7099609375,,,0.4922181873422075,0.5568446791327599,2.3742231962360476,0.3314979597778782,0.04844589976701741,0.017492995612986385,0.9912551777230219,0.3121447571197139,0.994373747159818,0.6249900884300367,0.40034261569726404,0.25154667423040494,7.130989803966575,2.3453650060701428,0.3288975402496784,0.04696232086611385,0.016965479777622302,0.9734237740549618,0.30625964779853365,0.9801864085461132,0.6119276452471112,0.3902731778629418,0.24358680332000232
16,train,received,0.41344377398490906,73.5,73.75,1.4248046875,3.765625,3.765625,172,11,4.22265625,10.6796875,4.219056068334647,4.219143358560689,4.219563328276948,4.256990533251143,4.174942068717012,4.177886845973395,4.1916518979676,4.3871447486259045,0.6044921875,,,2.892578125,0.46274599681780126,0.5482424518046533,7.162105003080282,2.4056452189162094,0.33588522059947296,0.07457338096881827,0.01870409010082785,1.00800944174798,0.22944816585729205,0.9943737216989881,0.3540476949831359,0.39857167665758464,0.14188651096834118,7.129109676845525,2.3936696242994513,0.3357599662232434,0.07127769502431569,0.01795540482680227,0.9907777187648454,0.22646745950262684,0.9780246125351475,0.3493104893588273,0.3897016355121856,0.1390375565892835,49,10,2.998046875,10.2578125,2.9992637240659343,2.9993547993228145,2.999631927119796,3.0393602419396917,2.9935277539604703,2.9966043088993772,3.0058392380014443,3.218136563102494,0.70751953125,,,0.4806870319547047,0.5525068313040752,2.3976341800035876,0.33476668925859254,0.06214169823270854,0.02240811500600275,0.9987641073525353,0.3141400611053079,0.9943737454700212,0.6235272316560581,0.40061915632902156,0.25113143918900976,7.129109676845525,2.382706975737354,0.334222235839083,0.06006859960827793,0.021777506087571393,0.98115044225995,0.3101468744092305,0.9780246370876471,0.6157095230430002,0.3916677118996539,0.24611038151116688
17,train,received,0.4063611626625061,74.375,74.6875,1.4208984375,3.765625,3.765625,159,9,4.16015625,10.6796875,4.15309607750087,4.1531837092445185,4.1536033920889,4.1911914567007145,4.096989730281422,4.099943867645063,4.1137279063388625,4.310051877657708,0.6103515625,,,2.826171875,0.4518111807830704,0.5452213218705294,7.162105003080282,2.42100484717617,0.3380297895848976,0.07120136764721252,0.01825184271545887,1.0191017116912828,0.23660247357433414,0.9943737339408312,0.36522563458256485,0.4029363462144504,0.1479681180802199,7.132353151072742,2.4038770025981986,0.33703841518793043,0.06890016213095507,0.017668723825324306,1.0009495134558417,0.23251981815393483,0.9783424387155897,0.35867694601900035,0.40560877763729053,0.14834125852819907,44,8,2.92578125,10.2578125,2.92139307517009,2.921484452246966,2.9217604979085277,2.961646827163451,2.891811322249662,2.894899418987809,2.9040570695845314,3.1175009556878646,0.71484375,,,0.4669159576324519,0.54887401675768,2.41328415219977,0.33695179715486767,0.06282755613571922,0.023442892176485004,1.0137533445531712,0.32847875205016924,0.9943737562431254,0.6622079647413714,0.4045500106149582,0.26932216677330734,7.132353151072742,2.3941391753856758,0.33567311161893115,0.06008528413094272,0.022384552420271448,0.9932487046352048,0.3214951630806721,0.9783424607159628,0.6469161993018914,0.40705299780506543,0.2679796382776477
18,train,received,0.40322744846343994,74.6875,74.9375,1.416015625,3.765625,3.765625,162,10,4.13671875,10.6796875,4.131523545564626,4.131611291277181,4.132030404170036,4.169672003896913,4.071690392582806,4.07464760244595,4.088335848697036,4.285033493939132,0.61279296875,,,2.798828125,0.4504608731109143,0.5474965079687941,7.162105003080282,2.420311646623488,0.337933002320206,0.07211356190146212,0.01855587473527689,1.019119094627321,0.23741999623900478,0.9943737379815989,0.367216148477704,0.4018880002934422,0.14838733226861328,7.132280275342904,2.405401190298223,0.33725556167695286,0.06967023682876317,0.01798323991361616,1.0044245207234992,0.23452676565375052,0.9793474269058855,0.361877522176399,0.39795230668082837,0.14691307719423424,30,9,2.900390625,10.2578125,2.8992526047233063,2.899344068895932,2.8996197764973637,2.9395514902902917,2.8546464526065543,2.8577389558869126,2.8668893119004943,3.080742579637036,0.71728515625,,,0.46746881579006483,0.551748996613988,2.413585616771159,0.33699388877056713,0.06403715135136956,0.024070088110262827,1.0127451971336257,0.33024735828630564,0.9943737598838949,0.6709570966798714,0.40350684459620645,0.2721756222603329,7.132280275342904,2.398108962724181,0.3362331358478317,0.060863829832838334,0.022974184481086617,0.9967611587150254,0.3259709165244121,0.9793474505441546,0.6611198750217876,0.3989643803895566,0.2688781200404092
19,train,received,0.3978441059589386,75.0625,75.1875,1.4111328125,3.765625,3.765625,162,10,4.11328125,10.6796875,4.110950133200731,4.111037977874789,4.11145785080846,4.149146539547923,4.092883888478947,4.095839116485193,4.10976674623052,4.3060276760034,0.61474609375,,,2.779296875,0.4547162888098189,0.5495053562147559,7.162105003080282,2.427228607950007,0.33889877443937266,0.07218277229181602,0.018744213160217616,1.0250021606026074,0.24077376379752843,0.9943737415729164,0.3720742872571645,0.4033508834981214,0.15089735368366208,7.133481341385781,2.418260482295798,0.33900144495590934,0.06747505586837299,0.01759590563427946,1.0130860992186754,0.23885553420282304,0.9783071141647284,0.36711589381609366,0.3998319213438517,0.14981076184757047,37,9,2.87109375,10.2578125,2.86855992827825,2.868651498611192,2.8689272155391787,2.908917007768395,2.8492856432894316,2.8523788176290727,2.8615548977958,3.075442480120971,0.72021484375,,,0.4715298096248174,0.553594476235374,2.4233114135345564,0.338351841042869,0.06553612417172339,0.025043268606316622,1.019499312042079,0.33723675181209084,0.9943737638289152,0.6912605761554994,0.40518335197224786,0.281573971982146,7.133481341385781,2.41285981367908,0.338244357587448,0.059410995006554224,0.02281619273494526,1.007223726832315,0.334557827790622,0.9783071370781675,0.6822037821060517,0.40113848293744514,0.27893503067245967
20,train,received,0.39461368322372437,75.25,75.5,1.40625,3.765625,3.765625,152,10,4.140625,10.6796875,4.135377149391582,4.135464924003608,4.135886696621151,4.173532181003657,4.09884333043899,4.101797729680276,4.115724692076719,4.311914477464636,0.6123046875,,,2.802734375,0.4423656536789568,0.5437568048341818,7.162105003080282,2.4413168103057066,0.3408658221648166,0.07449757969920157,0.019256610473126056,1.040003714514219,0.2432838845726547,0.9943737419862355,0.36962086734861893,0.40379884041658887,0.1500690171640413,7.135664978917639,2.4288700772525225,0.34038454501838755,0.07090442325100277,0.0183967576561651,1.0269698931608024,0.2409818070474397,0.9803908655732663,0.3652813871942553,0.40441135665557226,0.15050716902884914,31,10,2.904296875,10.2578125,2.902995190203278,2.9030866625580156,2.903366809326922,2.943294110659344,2.894684374037064,2.8977724402757463,2.9070891755990242,3.1203619452364912,0.716796875,,,0.45541607770765263,0.5473666289913054,2.4374697276301216,0.34032867803275896,0.06826071870328665,0.02587913417705542,1.035331633490581,0.3401382984113638,0.994373764107185,0.6814272214569567,0.40503283988937255,0.2774667783356929,7.135664978917639,2.422985875830925,0.33955992650855243,0.06315267360416588,0.02401253744608674,1.0207752878939553,0.3360671503424664,0.9803908885054131,0.6716200500600189,0.4049957927042609,0.2768638346870743
21,train,received,0.3986309766769409,75.375,75.75,1.4013671875,3.767578125,3.767578125,172,10,4.26171875,10.6875,4.253570589943941,4.25365804382889,4.254090858971666,4.291530935567445,4.222528628751025,4.2254694018808845,4.239847487074387,4.434311123819434,0.60107421875,,,2.931640625,0.4529647414976657,0.5545177194603489,7.162105003080282,2.4573322614395563,0.34310195960303647,0.07826842541408219,0.019724152456753276,1.067994560306749,0.24415029497050197,0.9943737392960141,0.35644096275842135,0.3933658215290654,0.14097970710164087,7.138194691926754,2.4383527344770943,0.341592354889795,0.07815792958113832,0.01970530477248303,1.0527874946385207,0.24065762013816655,0.9811136553703506,0.3509634317050297,0.39149865192504496,0.139791225206901,33,9,3.03515625,10.265625,3.036949105602945,3.03704020906123,3.037337601185582,3.0770260569000847,3.0294565572582135,3.0325299214579666,3.0423934525237155,3.2537395753937957,0.7041015625,,,0.47152558610615464,0.5588554301042767,2.457033947936633,0.343060307951351,0.0709935379544584,0.02582748894591465,1.0664332767407059,0.33802017050815286,0.9943737629630469,0.6332233879952762,0.39338900024387957,0.2504326672045236,7.138194691926754,2.435520070915324,0.3411955229618323,0.07099007078173081,0.02581838179887146,1.0494710312733684,0.33233380332253476,0.9811136797463549,0.6214530560476009,0.3913962817779346,0.247117028562763
22,train,received,0.3896279036998749,76.0,76.375,1.396484375,3.765625,3.765625,172,10,4.30859375,10.6796875,4.304547659575303,4.304635013086448,4.305077396715807,4.342435945778574,4.233915504362265,4.236855373880829,4.251356376144099,4.445600530359893,0.59619140625,,,2.978515625,0.4424508193896047,0.5501790718899836,7.162105003080282,2.505405161879602,0.34981407851491647,0.05459213718683209,0.013736230142074958,1.1212950646444977,0.25597432066647335,0.9943737400470809,0.35565490287802065,0.40944090763282315,0.14641736144695167,7.134437487299296,2.476154156513741,0.3470706921073712,0.05519801875217745,0.013858592036912832,1.0873116756820504,0.24786697966803636,0.9788083139506636,0.3483699395544717,0.4062873270459839,0.14434445693325387,34,9,3.08984375,10.2578125,3.0864684739966615,3.0865594686730247,3.08686756271144,3.126472099299129,3.0578788431942567,3.0609494093654677,3.071161184257737,3.281886216079571,0.69873046875,,,0.4584377878178746,0.5548155990829428,2.504593557240909,0.34970075922703336,0.04611845092056033,0.01674249549420304,1.1214558356819593,0.3548062669190415,0.9943737644580235,0.6308869279599606,0.4087576695784332,0.2592565714457369,7.134437487299296,2.4747881771274582,0.34687922930617426,0.045576351134959836,0.016481819046300666,1.0872570659064396,0.34309385097973694,0.9788083396005653,0.6148350841333716,0.40520921226156403,0.2537297182452081
23,train,received,0.3749939203262329,77.25,77.6875,1.3916015625,3.765625,3.765625,163,8,4.328125,10.6796875,4.328479123344229,4.3285664728593405,4.329052192329012,4.366348297496856,4.312405399020258,4.315336931261102,4.331272082897491,4.523292712998068,0.5947265625,,,3.001953125,0.47573554052225453,0.5549359846020684,7.162105003080282,2.6009385442527035,0.3631528081666061,0.0654132915688983,0.01680808635631093,1.1719623626530993,0.2726790028329459,0.9943737496671847,0.3664741959532633,0.432833427299264,0.15949033423973386,7.140003285373628,2.562022614907619,0.3588265316566379,0.06455327280278578,0.01649974418822916,1.1519822310884376,0.26661938176880434,0.9809124996219083,0.35805310425868975,0.42300391925616765,0.15405883761536873,28,7,3.10546875,10.2578125,3.104695045576737,3.1047860119494133,3.1051216513928757,3.1446760415601522,3.111534536214668,3.11459932375041,3.125685871091501,3.3349915976771083,0.697265625,,,0.4912279057260863,0.5588307983461352,2.61303559968064,0.3648418444796361,0.06104840711127757,0.02291558010028943,1.1748269939792895,0.38265016880196256,0.9943737698640129,0.6693260118310731,0.4355868396336291,0.2931003744872203,7.140003285373628,2.5702184607550884,0.3599744086981316,0.058542429361787995,0.02178785411252624,1.1525100468118454,0.3723481059596363,0.9809125214140746,0.647842451950361,0.4241545793219199,0.2789978539618979
24,train,received,0.3477429151535034,79.6875,80.25,1.38671875,3.765625,3.765625,159,8,4.38671875,10.6796875,4.389049126195933,4.389136360045654,4.38966976163787,4.4268339626041096,4.358387275842863,4.361314092155743,4.378807748231831,4.568817315403015,0.58935546875,,,3.05078125,0.48639062886596385,0.5630667629047812,7.162105003080282,2.754996507504865,0.38466295960754476,0.07790514961321193,0.020509200394598037,1.1715245482365333,0.27862081123657717,0.9943737520808344,0.37951399903070965,0.551662893426939,0.2105081398329713,7.143018471859567,2.720887443469608,0.3809156387021452,0.07584516807159147,0.019863583999454638,1.1543307919141714,0.27306389833608324,0.9842074497954538,0.37171283521574816,0.5396595853028279,0.2035725263216254,27,7,3.166015625,10.2578125,3.1647416552244554,3.164832476178825,3.1652020973227373,3.204629579931546,3.1646604828020766,3.1677197137273954,3.179945920932893,3.3875828313041114,0.69140625,,,0.502997324753801,0.5678360225367822,2.7833523364210073,0.38862210693978116,0.07394454368157444,0.028945642847997447,1.1725546465609389,0.3960288203244094,0.9943737731533107,0.7225620018942164,0.5675026120576856,0.4122258849722106,7.143018471859567,2.7435381022029866,0.3840866593039555,0.07204690315196682,0.027962815835587518,1.1560371185580562,0.38721057476308307,0.9842074710661706,0.7000123163990272,0.5541320601201649,0.3932334635553554
25,train,received,0.3335058391094208,80.25,80.4375,1.3818359375,3.765625,3.765625,144,9,4.3671875,10.6796875,4.363170697734073,4.363258018913917,4.363791320568945,4.401004092022377,4.3363313593976525,4.339260889679811,4.356649657806824,4.547008285400276,0.59130859375,,,3.03125,0.4737221723465964,0.5544876107060552,7.162105003080282,2.761683182650671,0.38559657830525035,0.07097250635100139,0.018787193771830937,1.1676287850670057,0.27907747650431325,0.9943737539099811,0.38255675741289363,0.5598671378280011,0.21535130527187543,7.141033637108084,2.7389639782922686,0.3835528744829539,0.06892439694894659,0.018224657536202043,1.1550579664768659,0.27570158772614534,0.9846058927648187,0.37699388513948795,0.5497020909070169,0.21042157824573485,23,8,3.146484375,10.2578125,3.1435931154417456,3.143684013575751,3.144053845266869,3.1835222148904285,3.132351635654002,3.1354146178927644,3.1476779786368816,3.35562249403531,0.693359375,,,0.48820015351676954,0.5583375391995395,2.79285430675014,0.3899488077246826,0.06647739369158856,0.026316866018937027,1.1699017464943688,0.3989817670848227,0.9943737751542239,0.7378766113581798,0.5762514218436037,0.4274493679978657,7.141033637108084,2.7658701225416036,0.3873206965681935,0.06471996095545496,0.02552977542196068,1.1566124485797111,0.3930487831919324,0.9846059139381618,0.7213887217617687,0.5652062711207053,0.4139094551851606
26,train,received,0.3295997679233551,80.0625,80.5,1.3779296875,3.765625,3.765625,149,9,4.375,10.6875,4.376535885069536,4.3766231963933855,4.3771571345694795,4.414355098516584,4.35989653790814,4.36282337864665,4.380500909477166,4.570322788925868,0.59033203125,,,3.052734375,0.4686605998797876,0.5610394588043397,7.162105003080282,2.7522072780985427,0.38427351692203227,0.07986119685941873,0.02103837997812105,1.1527724442954188,0.27432871035409107,0.9943737534955979,0.3798866003364254,0.5596342705559385,0.2137595443512714,7.1441646969867705,2.7179908409067632,0.38044907364091757,0.0785514813069863,0.020582163137733398,1.1366427685436298,0.26908755415587354,0.9848204834873844,0.37264821551391786,0.5427953588305172,0.20529222946614908,26,8,3.15625,10.265625,3.1534210186426144,3.1535118894296743,3.1538819952453574,3.1933338149774766,3.1378047995810467,3.1408672981151717,3.153102130239331,3.361026030405658,0.6923828125,,,0.4863762549708228,0.5655199114827879,2.780206120947651,0.38818282051881936,0.07540915664802483,0.02956613237827032,1.154597386024407,0.3905012700981024,0.99437377481435,0.7247080730881122,0.5768108555876914,0.42023123491835224,7.1441646969867705,2.7425678255634436,0.3838892217476719,0.07302692014378565,0.02839348458126413,1.1390585083395575,0.382293390226942,0.9848205049057146,0.7043291393361082,0.5575682954999355,0.39840809441356484
27,train,received,0.32480546832084656,80.3125,80.875,1.373046875,3.765625,3.765625,157,9,4.3984375,10.6796875,4.397027934319479,4.397115177706353,4.39765535919732,4.434809796704036,4.380514620988606,4.383439321645848,4.401127043655956,4.590733244336196,0.58837890625,,,3.173828125,0.4695596554093009,0.5576390160296009,7.162105003080282,2.7880819951072597,0.38928247964923157,0.07873245825279795,0.020828133606808647,1.1768413263632027,0.28111847508424864,0.9943737552963086,0.3822046158040074,0.5670578797165886,0.21791646626500924,7.144695425370631,2.7484696117836958,0.38468674284196225,0.07889985637433483,0.02074406532624086,1.1628840313939568,0.2761822608544352,0.985378679468039,0.3745927576411273,0.5445944140940799,0.20695801249402382,23,8,3.181640625,10.2578125,3.1813455436806253,3.1814363357248743,3.1818169933599463,3.2212115664277934,3.1642942170530906,3.167353713751074,3.1798736320754712,3.3872344880722975,0.68994140625,,,0.48505752099034816,0.5617297744465121,2.820072072150951,0.39374905435456375,0.07556857618815638,0.02983548996908465,1.1801154018902782,0.4015332655420128,0.9943737759890467,0.7341697508994625,0.5829699232252485,0.430261385093643,7.144695425370631,2.775741290924976,0.3885037955667627,0.07539732229543539,0.02942758659174291,1.1652940300797026,0.39245960702545984,0.9853787008165602,0.7093274038685088,0.559140961879498,0.4022409405476679
28,train,received,0.3246537744998932,80.5625,81.0625,1.3681640625,3.765625,3.765625,146,8,4.36328125,10.6796875,4.355912429154568,4.355999773140709,4.356531768954062,4.393758690418943,4.343953519435949,4.346882138526596,4.364430407254153,4.554546917974649,0.591796875,,,3.03125,0.48017109202285896,0.5591609448846683,7.162105003080282,2.7771463607406455,0.38775560530685443,0.07444934777408285,0.01983143808326203,1.1743159936758012,0.282267935687574,0.9943737557488088,0.3860618667327034,0.5643255103862286,0.21905464958220397,7.147814394507907,2.739878825289523,0.38331700769884786,0.07420682281606084,0.019625235397297113,1.1653369745016668,0.27813356353537,0.986433624385306,0.37826757982900244,0.5502742516564663,0.21089641920506305,21,7,3.140625,10.265625,3.1403055961966473,3.1403965036248445,3.1407659135497323,3.180240192810827,3.1376807652098035,3.140743129572933,3.152977157116834,3.3608941345666086,0.69384765625,,,0.49615043649486185,0.5634776263784639,2.8087891433178886,0.39217368945441083,0.07102428716409115,0.028372593146754287,1.1775357937683832,0.4047277117512356,0.9943737760779889,0.7505565691195422,0.5805023499524253,0.437999448405351,7.147814394507907,2.7688507492073104,0.38737026402571173,0.07108015223288877,0.02808867753873852,1.1682939254023674,0.3974850116047533,0.9864336463250121,0.7268499552064981,0.5649262031450704,0.4158198160269779
29,train,received,0.3216975927352905,80.75,81.375,1.36328125,3.765625,3.765625,168,9,4.38671875,10.6875,4.3784024891639515,4.378489755439809,4.379022109126838,4.416206023839439,4.320211114648874,4.323142440804939,4.340640433040686,4.531057463672413,0.58984375,,,3.056640625,0.46747210225380503,0.5604511412339125,7.162105003080282,2.771581979569145,0.38697868550895886,0.08549680284336958,0.022611304042529656,1.16454898059283,0.27811226949752815,0.994373754028036,0.38205018152674636,0.558761876720463,0.2146416224757185,7.1457078029772925,2.7376613178002067,0.38311968433127747,0.08347240598009353,0.02196054157416899,1.1530983355178321,0.2739324127477348,0.9849319520475914,0.37489449473948994,0.5423297145141444,0.20633996282015388,27,8,3.166015625,10.2734375,3.165990066150532,3.166080894202061,3.166450468243141,3.2058791470243606,3.1523634586544556,3.155424037167832,3.167642587900303,3.375413855517459,0.69189453125,,,0.4838350247447975,0.5649256861110605,2.8022593795172797,0.3912619793080501,0.08077888158695412,0.03190485854667774,1.165235430739732,0.39660181347091283,0.9943737752891879,0.7346981345430446,0.5753391496943632,0.4249349810528574,7.1457078029772925,2.7645088562840465,0.3868768402665725,0.0799750844155298,0.03127442532192053,1.153264393018448,0.38887895815276186,0.9849468647903983,0.7119699671010667,0.5565859969674474,0.4020072553011726
30,train,received,0.3161848187446594,81.625,82.0625,1.3583984375,3.765625,3.765625,151,10,4.34375,10.6796875,4.342688137690562,4.3427755091536895,4.343306910882476,4.3805535166880345,4.290517976754717,4.293452614003745,4.310750185427793,4.5016758934315115,0.59326171875,,,3.009765625,0.4603724119922005,0.5585129957528404,7.162105003080282,2.777532263553411,0.38780948650694846,0.08298540408127053,0.022208392724986842,1.1657438090045087,0.28138695159591526,0.9943737556311429,0.3886935275811375,0.562365982289557,0.21978176763993346,7.1489686072909215,2.7512150290644124,0.3848408323207026,0.08188575513862162,0.021828542008356926,1.1579458982577773,0.278332031651599,0.987889355543837,0.3830372568451323,0.5464825483988971,0.2119797085198256,29,9,3.119140625,10.2578125,3.1174715425822876,3.117562514473615,3.1179287623338827,3.157444529873761,3.112465106343159,3.115530017046602,3.1276413243470778,3.335927150586189,0.69580078125,,,0.4729499702867705,0.5616860502298134,2.806333705043249,0.39183085194035827,0.07812409351914607,0.03142085164144881,1.1697490756360942,0.4043994830242148,0.9943737765530329,0.760250773753126,0.5790349774496102,0.44253303894784907,7.1489686072909215,2.775800717318064,0.3882798862044443,0.0779537754137527,0.03118021137636697,1.162605664754114,0.399645488516852,0.9878893767865797,0.7439581467997016,0.5612223947350508,0.4229948858393158
31,train,received,0.31827208399772644,81.1875,81.625,1.3544921875,3.767578125,3.767578125,152,10,4.34765625,10.6875,4.347702413035165,4.347789784282752,4.3483213757539945,4.38556369465999,4.316551747302387,4.319483591392535,4.33687898456065,4.527443034376818,0.59326171875,,,3.046875,0.46576561552904006,0.5587193124927381,7.162105003080282,2.777620838922622,0.38782185373266953,0.08239627055049326,0.022049295844554305,1.1633867995481069,0.28080154425411824,0.9943737566679314,0.38865660508043237,0.5623308176642672,0.21974715254164728,7.14660196295951,2.7547117396170764,0.3854575578568127,0.08312073046804258,0.022135990207388996,1.1571076015541983,0.27806864190354835,0.9850615943381431,0.3820133202654337,0.5486978186020846,0.21252946596018749,25,9,3.12109375,10.265625,3.1224750089802824,3.122565968183743,3.1229347246037777,3.162440031968527,3.1152697767338218,3.118334468303692,3.1305168239060537,3.338707944270622,0.6962890625,,,0.47795701318569445,0.5618578445608488,2.807203900638496,0.3919523519176516,0.07885360460543911,0.03174191893951673,1.1684116818383758,0.4042399622114203,0.9943737773348511,0.7615124114032604,0.5782531543339857,0.44266863439329945,7.14660196295951,2.7797669987907496,0.38896345608698324,0.07927877838343544,0.031660677475148176,1.1623938078818181,0.39941508665293846,0.9850616149662175,0.7419781589695683,0.5636515245631406,0.4235562947154
32,train,received,0.3164224326610565,81.25,81.75,1.349609375,3.767578125,3.767578125,141,7,4.3359375,10.6875,4.326907411134549,4.326994855144296,4.327526682328104,4.364808147526852,4.275578664843964,4.278514841848496,4.2957630613320585,4.486885944468276,0.59423828125,,,3.029296875,0.47117335148175477,0.5585193447845676,7.162105003080282,2.785936820225789,0.38898296227542206,0.08483794677457546,0.022838652091812486,1.167127891602668,0.28322529942239905,0.9943737575114859,0.3920656715037202,0.5629523688953944,0.22191928339196068,7.147532964099456,2.7498853750256984,0.3847321011092625,0.085904288216474,0.022949757885155846,1.1561400993061364,0.27853793494620405,0.9865388276779363,0.38393490487220494,0.5433398261269025,0.21134926250939093,22,7,3.107421875,10.2734375,3.106217402958776,3.106308403076622,3.106675149450007,3.146208320687036,3.1039727101709973,3.107038718085633,3.1191673432280744,3.32753290291011,0.69775390625,,,0.48460421432118633,0.562432754974751,2.81466437856398,0.39299401186570815,0.081863514192972,0.03318886236809494,1.1709301529004756,0.407595224611124,0.9943737777728243,0.7719252889022574,0.5793879243973867,0.4495998784142144,7.147532964099456,2.7758093806698114,0.3883590876197583,0.08133300752245187,0.03268124463422838,1.160253022834537,0.4006017908445649,0.9865388486552593,0.750175885703702,0.5577717716732034,0.4237278168032809
33,train,received,0.312080979347229,81.5,81.9375,1.3447265625,3.767578125,3.767578125,147,8,4.3515625,10.6953125,4.354253161777562,4.354340539508006,4.3548760065972605,4.392111259998102,4.300661593889982,4.303595009793862,4.320932108290558,4.511707733865828,0.59326171875,,,3.05078125,0.46021677389795684,0.5579809469235462,7.162105003080282,2.7930050043971733,0.3899698486961523,0.07799078777049218,0.02091882804145232,1.1730361633415871,0.2837231802331575,0.9943737578487006,0.3899756329184672,0.5657335158841912,0.22182700188623902,7.150349045491595,2.7586302432757925,0.38580357766103063,0.08015894670367274,0.021342331547131475,1.1652337024773995,0.2797561550222529,0.9874093534209099,0.38243148441779773,0.5498012140646669,0.21276218491593266,22,7,3.125,10.28125,3.1247511076211065,3.1248420674600683,3.1252126311741555,3.164714737231489,3.110554305996555,3.1136196593133456,3.12586231531049,3.3340504655482794,0.69580078125,,,0.4731539077501789,0.5607864872254479,2.824949574278333,0.39443006952053583,0.07469471471135058,0.030181704196965264,1.1782827847751616,0.4089818039646948,0.9943737784834097,0.767019964207815,0.5821019341821536,0.44883659560912137,7.150349045491595,2.784861702382562,0.38947213411049636,0.07697206841708581,0.030770825257096745,1.1698310028463839,0.401897099387859,0.9874093744770924,0.7437994305805216,0.5638298921607134,0.42402544353540395
34,train,received,0.3090249001979828,81.75,82.1875,1.3408203125,3.765625,3.765625,148,9,4.30859375,10.6796875,4.311116632758967,4.3112041621027055,4.311736374604925,4.349057057166178,4.287249338865972,4.290184304450015,4.307585912998901,4.49843967570635,0.5966796875,,,3.01953125,0.4705607298680939,0.5651579631527965,7.162105003080282,2.793473842129348,0.3900353095811817,0.08158718463159964,0.02209944088998525,1.169850995345385,0.2854686138091862,0.9943737604897009,0.39562911612177565,0.5643125569487024,0.22447694928881928,7.149670822271277,2.7617084258773703,0.3862707101527847,0.08178055647195137,0.02206103662781421,1.1579856196630853,0.2814419984944126,0.9873021600095129,0.38986707865242454,0.5522183218695869,0.2179869276074097,25,8,3.078125,10.265625,3.0786666335956845,3.078757724746423,3.0791241421060045,3.1187083540799745,3.05379190072343,3.0568636928794772,3.0689710503086323,3.277890718700643,0.7001953125,,,0.48415254201468694,0.5687107412818482,2.8231407682209957,0.3941775172252875,0.07925312268946616,0.03265773179179328,1.1761802175200016,0.41517703109440357,0.9943737808291182,0.7965457533105663,0.5804815276076658,0.4648097412536299,7.149670822271277,2.7867196820069324,0.3897689489880122,0.07971060618361836,0.03250154981042524,1.1633759063415248,0.40677803765995374,0.9873021800711603,0.7725907932831708,0.5666658907411284,0.4431345037621311
35,train,received,0.30642807483673096,82.25,82.75,1.3359375,3.767578125,3.767578125,138,8,4.26953125,10.6875,4.263310946079693,4.263398615049673,4.263927729777076,4.301333543217009,4.24185502920207,4.244795362544353,4.262156284512168,4.453540751377067,0.6005859375,,,2.962890625,0.4670728399866998,0.563178757640802,7.162105003080282,2.8115975957066537,0.3925658161249298,0.08308431039514197,0.022892181948834297,1.181699033003163,0.29282187638647317,0.9943737633076388,0.4057091092709308,0.5645452943460798,0.2302900298120583,7.149338424679467,2.7812099098451535,0.38901640188754194,0.0831827308172759,0.022813443894375465,1.1747817866862835,0.28978871328556305,0.9869631752344983,0.399395706758839,0.5530124858107222,0.2236819517861563,21,7,3.029296875,10.2734375,3.0272957653561003,3.027387005061469,3.027748450282009,3.0674249346997136,3.014279967191776,3.017355903668497,3.0292993109656856,3.238777468591741,0.705078125,,,0.48166906806869253,0.5673040225843592,2.838711821197899,0.3963516061237617,0.08003056995206137,0.0338899293517716,1.186015717721828,0.42852555634938244,0.99437378171638,0.8405079376044318,0.5803833339383235,0.4903692488684537,7.149338424679467,2.8074635296199117,0.3926885766001183,0.08121245726740245,0.03410506683049235,1.1793693525855522,0.4228717178946023,0.9869631940419605,0.8182628274148267,0.5678447754097418,0.4703256534090101
36,train,received,0.30446138978004456,82.125,82.5,1.3310546875,3.783203125,3.783203125,145,8,4.34765625,10.7890625,4.347695637985119,4.347783049406202,4.348327264282977,4.385569917134254,4.316048035924284,4.318980093911949,4.336905089167015,4.526954759954568,0.59716796875,,,3.04296875,0.47271444569743903,0.5586612487948178,7.162105003080282,2.8055052596555896,0.3917151812838539,0.08574850913619336,0.023136191060492754,1.1743092880346282,0.2855511231003011,0.9943737604875889,0.3933708662927404,0.5649891284301498,0.2234634857389981,7.149315447736265,2.780984224749326,0.38898608476282687,0.0846557087223081,0.02275192617083373,1.1631202638192333,0.2817476089486,0.9868325300583294,0.3876639393442078,0.5555417698056377,0.21811849736831151,23,8,3.099609375,10.3671875,3.0981193944699355,3.0982104330645406,3.0985816544535556,3.138128984221197,3.071992793028975,3.0750625147704205,3.0873203740413437,3.295897933709004,0.701171875,,,0.4862614548259722,0.5625934265885565,2.8321058680891067,0.39542925814004026,0.08227705280341091,0.03371286106977818,1.1783102174807603,0.41392071282728393,0.9943737800050974,0.7878712864407048,0.580476457522483,0.45974590753985434,7.149315447736265,2.805006270557561,0.39234613314561867,0.08145125646305029,0.03319195566038779,1.1664741595389962,0.40766347522503243,0.986846502763072,0.7717466017549287,0.5699314794623538,0.4452231552372767
37,train,received,0.30114710330963135,82.375,82.6875,1.3271484375,3.828125,3.828125,157,10,4.515625,11.0625,4.515716049893735,4.515802958572542,4.5163874824380335,4.5532984459874575,4.492666509983822,4.495578830698953,4.51467659550315,4.701716724999853,0.591796875,,,3.197265625,0.4671897396844348,0.525800062700989,7.162105003080282,2.8179116152358654,0.39344740324582456,0.08317904603706339,0.02150702731769628,1.185257668293195,0.27733696440157857,0.9943737567155804,0.3697785157393426,0.5694171084080599,0.2117101279196827,7.152534063659207,2.798188243511432,0.3912163463475895,0.08345190270517477,0.021541688136185688,1.178788849892511,0.27526132189260155,0.9894738905656233,0.36650127207151606,0.5664342664237694,0.20978491592885803,26,9,3.25390625,10.6328125,3.252630530046388,3.252721137018066,3.2531217601518216,3.292381770219627,3.2364436605350564,3.239495309666424,3.2527290729182075,3.4586388618714037,0.69384765625,,,0.4816946308555095,0.5262420320684593,2.8411390745488676,0.39669050835291425,0.07920080213712843,0.030679225053726986,1.1907843736618249,0.39855441118359786,0.9943737777629229,0.7086697982388803,0.5802528228776076,0.4133866982791478,7.152534063659207,2.8217952839193656,0.39451686057063623,0.0787377032412282,0.030334822107201925,1.1840573770285472,0.3941491898015165,0.9894739118105758,0.696110742781934,0.5774078513946002,0.40613323783622074
38,train,received,0.29531148076057434,82.875,83.1875,1.322265625,3.85546875,3.85546875,172,10,4.5390625,11.2109375,4.534880542110502,4.534967338988715,4.53555417587385,4.572413086989989,4.506367576137977,4.5092782940667115,4.52857569938136,4.715269159315382,0.59521484375,,,3.216796875,0.4677589260333389,0.5245619184311089,7.162105003080282,2.8734483923006104,0.4012016566449104,0.08211488798592725,0.02140646479272105,1.2318535017289616,0.29038311554002144,0.9943737537150099,0.37416750484226285,0.5800430378153623,0.2182201125749309,7.151883103927142,2.843934471195811,0.3976483437815405,0.08213824451785001,0.021273196371327394,1.2121984220514364,0.283927842978305,0.9888076492037836,0.3680812290900913,0.576933567990765,0.2146808753615711,43,9,3.2578125,10.7734375,3.257953646149028,3.2580441953553585,3.258442265262155,3.2976827289296664,3.2377741308994747,3.240825448299951,3.253971327103617,3.4599439204051343,0.69775390625,,,0.4816118900337128,0.5252228927187037,2.891989622792874,0.4037904528834868,0.077970874236307,0.030702946665913878,1.2352753970454051,0.41934795256677415,0.9943631956467591,0.7305575664425343,0.5813419005007203,0.42695412478028094,7.151883103927142,2.8577158454854206,0.39957530121210055,0.07826725037428606,0.030522870263400472,1.2151293545143895,0.4087915663077445,0.9888076715234666,0.7116352958714326,0.5785495539994283,0.4160721169138433
39,train,received,0.2882934808731079,83.6875,84.0625,1.3173828125,3.8515625,3.8515625,156,9,4.48046875,11.1875,4.480731294451327,4.480818288218328,4.481401726153582,4.518368549874406,4.474266501285676,4.47718106173012,4.496466098186673,4.683520984168547,0.599609375,,,3.15625,0.46122524779137875,0.5263585150534282,7.162105003080282,2.954420387713377,0.4125072707594678,0.08788180071114837,0.023741589945779424,1.3026958468336165,0.31712907297930965,0.994373758667157,0.3940962727575846,0.5812038432762288,0.23030052742866583,7.151411182675192,2.9338659806702694,0.41024993609342036,0.0865144694102149,0.023316457327687477,1.2959348465765315,0.3148278072677772,0.9887057462756772,0.39012520071926327,0.5780397205729777,0.22808450066111752,27,8,3.193359375,10.7578125,3.194337288465901,3.1944280493497637,3.194821494922112,3.2341831920118227,3.169026538398608,3.172085580617756,3.185075999409245,3.39192179175341,0.703125,,,0.4764005697005171,0.5280806478613334,2.9719722737621783,0.4149579310110632,0.0838760707596542,0.035042917969366295,1.306641233811602,0.46670673680386304,0.9943737790364793,0.8183460753789487,0.5806771793558871,0.4776866302208966,7.151411182675192,2.9497660830109402,0.4124732878116365,0.08299585083134176,0.034453307744664936,1.29943691829798,0.46164128676242505,0.9887057669365928,0.801987217073959,0.5777394663104634,0.46863505100685976
40,train,received,0.282963365316391,84.4375,84.75,1.3134765625,3.853515625,3.853515625,141,10,4.4921875,11.2265625,4.485746304717525,4.485833307722371,4.486419736757169,4.5233824570429615,4.466645941094532,4.469561483867119,4.4889189680880754,4.675988877623494,0.599609375,,,3.16015625,0.44999723164105004,0.5164527869157296,7.162105003080282,2.967063305823297,0.41427252247031016,0.09188966887720618,0.02485598983963209,1.3131091297348512,0.3200314133490708,0.9943737593810305,0.3948340607804685,0.5828329343767065,0.2313783187651839,7.152404520350526,2.9468827154744535,0.4120128702298332,0.0909487556227413,0.02454231984590913,1.303040463131083,0.3167292469047019,0.9886492454796292,0.3906606117346863,0.5851658120630354,0.23108179731091313,29,9,3.201171875,10.7890625,3.200241285936057,3.200332035104086,3.200728323810237,3.2400788564307454,3.2046941004866643,3.207749012414822,3.2208641066615713,3.4272054442042577,0.703125,,,0.4642343222823886,0.5165714526648669,2.98690801777325,0.4170433156856314,0.08836818070890651,0.037039729964919464,1.3167639076365845,0.4716290340661414,0.9943737792370522,0.8236036473079081,0.5824935466049661,0.4822581247913911,7.152404520350526,2.9635980731256253,0.41434989655484206,0.08672977907430823,0.03614097452855431,1.306118854388017,0.46513842950964307,0.9886492666642184,0.8072704691618607,0.5847373168764358,0.4768465559930604
41,train,received,0.2804866135120392,84.0,84.1875,1.30859375,3.853515625,3.853515625,145,10,4.48046875,11.1875,4.473411880389521,4.473498946466166,4.47408240418846,4.51107778291592,4.449741227659622,4.4526586225726215,4.471856070565302,4.659259544840811,0.599609375,,,3.107421875,0.46264669645935896,0.5254495344429212,7.162105003080282,2.960205345002933,0.4133149882234073,0.08340043190960955,0.02262892751026001,1.3131992863304625,0.32093844850552034,0.9943737611376715,0.39661601111347694,0.5802538059334124,0.23139385182392624,7.153969891762307,2.9449685180592358,0.4116551456905521,0.08400725270246667,0.022719766131937397,1.3016535705287282,0.31702805653109045,0.9898661584305941,0.39242913106396304,0.5825564922141941,0.23084702556775252,24,9,3.19140625,10.7578125,3.191502580466031,3.191593359607086,3.191987182175761,3.2313566777855316,3.194526674705195,3.197582961811881,3.2106326044628655,3.4171595247525595,0.703125,,,0.4775804525016106,0.525641979960904,2.9808328231874475,0.4161950742003153,0.07919902617668217,0.03329623818977779,1.3170174287646033,0.47293091153303163,0.9943737807582966,0.8285098604741297,0.5798084735363913,0.4828934776861437,7.153969891762307,2.9635895949910753,0.41425804690674,0.08003492629330822,0.03346230128881256,1.3056591908908093,0.4662980676344373,0.9898661790254204,0.8135924933913746,0.5820127662686296,0.47791589151749286
42,train,received,0.277011513710022,84.375,84.625,1.3046875,3.853515625,3.853515625,147,9,4.47265625,11.1953125,4.4680197211902595,4.468106798500234,4.468690329410572,4.505693800220544,4.442999836951138,4.445918062682248,4.464997820369863,4.652593433617451,0.60009765625,,,3.1484375,0.4623675773098335,0.5279204744305214,7.162105003080282,2.9716632575721142,0.4149147850100019,0.08743053478684182,0.023805249302894006,1.3172658735827412,0.32294454862541705,0.9943737622604161,0.3986553371831924,0.5816630951540818,0.23314828302119914,7.152837867851976,2.9572985557219917,0.41344409175180696,0.0871345602322453,0.02369604103518034,1.3107732099133766,0.3208615420954487,0.9889322568277379,0.3953675099770961,0.580952727445184,0.23225522756541128,24,8,3.185546875,10.7578125,3.1868291231853973,3.1869199145058706,3.1873143004343754,3.226690876642162,3.1803770258090145,3.183434800733582,3.1964661634547977,3.4031530818979925,0.7041015625,,,0.47737366381949997,0.526410628008199,2.9921801300568296,0.41777942780369054,0.08470239669857182,0.035882943680566076,1.3220426523909223,0.47784086703644385,0.9943737819900456,0.841194484065027,0.5808028580788189,0.4911243718728991,7.152837867851976,2.976375901494679,0.4161111934148307,0.08545263490990518,0.036042221105271145,1.3146454719958323,0.47308236588671987,0.9889322764311128,0.8275414526789833,0.5803097301794153,0.4855821224993735
43,train,received,0.2808769941329956,84.125,84.6875,1.2998046875,3.8515625,3.8515625,144,10,4.484375,11.1875,4.4789061245173265,4.478993173177105,4.4795789295875705,4.516562563300068,4.448821526388287,4.451738897001441,4.470750647162539,4.658341810976936,0.59912109375,,,3.166015625,0.45711317795966394,0.51841397273523,7.162105003080282,2.941555274353248,0.4107109953132692,0.07859308225187256,0.021146222642775898,1.2966928070799977,0.31451524755049937,0.9943737604660488,0.39175928681014854,0.5803310594373903,0.22859132932697027,7.15249209392428,2.911123151240429,0.40700823055970897,0.07735723944339856,0.020689080462896404,1.287693490346399,0.3104709333872794,0.9896996277066599,0.3858385801794874,0.5812235480960197,0.22665079498389043,27,9,3.201171875,10.7578125,3.2021888970803998,3.2022796489505776,3.202676010634135,3.242025916976572,3.1964917273337585,3.1995476847494606,3.2126402198485358,3.419097526248737,0.7021484375,,,0.47174128011142535,0.5180640291931575,2.96090767585221,0.413413050294401,0.07714448933135198,0.03196144262415531,1.3003074878339378,0.46112573540257307,0.9943737799712888,0.8049972189725079,0.5802899361202165,0.4695844006165548,7.15249209392428,2.9286981089233732,0.409465410162588,0.07637988147397046,0.03133413435677013,1.2925286649845207,0.45413938573385965,0.9896996476220918,0.7832271025692534,0.5807337577650467,0.45982051506050176
44,train,received,0.27413398027420044,84.8125,85.0,1.2958984375,3.853515625,3.853515625,143,11,4.49609375,11.1953125,4.489483798644044,4.48957078170318,4.490155266935571,4.527111006061481,4.491005516048084,4.493918047343944,4.5131406227003135,4.700074518890982,0.59814453125,,,3.1328125,0.46479743869729667,0.5254095521115615,7.162105003080282,2.9697194319692644,0.41464338077870205,0.0865942823512107,0.023404694641024862,1.3176873676591878,0.3209136965675163,0.9943737605128113,0.3943665186416268,0.5815855414630287,0.23060977154343634,7.155523746588709,2.9537640143551496,0.4127949426152507,0.08520269365803568,0.022995669744954005,1.315361484733108,0.3197539824764949,0.9909285863135544,0.39165336883288926,0.5827508160375645,0.23024816030288928,26,10,3.208984375,10.7578125,3.2093438962813527,3.2094346156253355,3.209829960244017,3.249165029922526,3.2142971953372976,3.2173511746056946,3.23042712794306,3.436716251446517,0.70166015625,,,0.47982689410446333,0.5271526120812561,2.989466189409889,0.41740049721753275,0.08514829583544614,0.03558594350402004,1.32214062437414,0.4723732945926337,0.9943737804533539,0.8188672296352009,0.5807801988852912,0.47807551495471334,7.155523746588709,2.972710406133493,0.415442742056539,0.0832922082948091,0.03466241892781774,1.3193990336975352,0.4692933545734579,0.9909286062642417,0.807005507171632,0.5818596361429158,0.47353393482391215
45,train,received,0.2802523672580719,84.1875,84.5,1.291015625,3.8515625,3.8515625,180,11,4.55078125,11.1953125,4.549421180990608,4.549507930664379,4.550093739717327,4.586926345338425,4.5128823768322555,4.515792345209203,4.534927080569955,4.7217139589359185,0.59326171875,,,3.224609375,0.46653396199224795,0.5213199235574926,7.162105003080282,2.9398290794740536,0.41046997750098474,0.08192421953701512,0.02166169468134622,1.295442916987751,0.30931026057455246,0.9943737528937469,0.38192800727178117,0.5810430169494625,0.22312929080131025,7.153202793665886,2.9232797449993866,0.4086672542805485,0.08165753020719002,0.021574360941538504,1.292858400269104,0.3083539626326636,0.9889124430496121,0.37905184350202165,0.5810555278312677,0.22259777447033935,40,10,3.2734375,10.7578125,3.274659982857708,3.274750487912935,3.2751479990633046,3.3143614828777532,3.264704829425748,3.2677532588957585,3.280885450093838,3.486598373524598,0.69580078125,,,0.4816912347301692,0.5218790567205167,2.9556409680491265,0.4126776927702069,0.0763079846418,0.030653509330631514,1.2975126204543743,0.44810531563111566,0.9943737747144343,0.7585141582043984,0.5808069033633663,0.4428736815941331,7.153202793665886,2.93632722188714,0.41049125917235824,0.0755183189501274,0.030179248666331798,1.2949314435993378,0.4449682620678376,0.9889124650294532,0.7456158531232385,0.5807276600305125,0.4373836689661687
46,train,received,0.27569878101348877,84.875,85.25,1.287109375,3.853515625,3.853515625,164,9,4.51953125,11.1953125,4.515572962554776,4.515659873692403,4.516245858286068,4.553156164972439,4.477232050395308,4.480146165777611,4.499272362823802,4.686448519478764,0.59619140625,,,3.193359375,0.4551579599962316,0.5245215844294581,7.162105003080282,2.973139257738019,0.4151208696967344,0.0820433655990751,0.02206327570706795,1.3209687223220037,0.3202558300034247,0.9943737592620501,0.39146625974285676,0.5816301980703615,0.22893172780003906,7.1529642916538325,2.951311624983604,0.4125997984398204,0.08073970755949489,0.02163620883675998,1.311085834224019,0.3166736334092958,0.9883580118422932,0.38667073753550885,0.5856682667372244,0.2289091762473322,31,8,3.236328125,10.7578125,3.234021803430617,3.234112444484389,3.2345090494787527,3.273798763830787,3.2123960236452826,3.215450346817919,3.2285290811857443,3.4348428705196623,0.69921875,,,0.46798515081948866,0.5238914643812019,2.9953651972059063,0.4182241388415358,0.0814614369626474,0.03377233700241026,1.326188775858971,0.470570601882061,0.99437377986514,0.8060398104264543,0.58079113356394,0.47059844158135666,7.1529642916538325,2.97157461399444,0.41543260847278524,0.07962581132819846,0.032743903489256085,1.315471919635887,0.4631517277556903,0.9883580316203382,0.7868135971805347,0.5848428031852118,0.46467748600630693
47,train,received,0.2744888663291931,84.5,85.0,1.2822265625,3.853515625,3.853515625,148,9,4.48828125,11.1953125,4.489518701914488,4.489605725569986,4.490192011196648,4.527158752981668,4.487754737912726,4.490667882130875,4.510000078052064,4.696873427794118,0.59912109375,,,3.1640625,0.46773249419489155,0.5271996114922658,7.162105003080282,2.9659602171660175,0.4141185050889949,0.07799192219546036,0.021120564841779745,1.320645450475233,0.32219654058276354,0.9943737624942326,0.39549074443577953,0.5819456977929169,0.2314102583042706,7.1527368476741735,2.941629622220627,0.41125931022852386,0.07796000225419064,0.021005460370817387,1.308931993213867,0.3176780115908768,0.9888394932775819,0.38984636551379154,0.583737795569272,0.23006644708256424,25,8,3.205078125,10.7578125,3.20316110795198,3.203251863028315,3.203647819832936,3.2429987027661062,3.203449838725915,3.2065051972511305,3.2196033636279267,3.4259932323850335,0.7021484375,,,0.4827773744530098,0.5275539821279196,2.9883139821821443,0.41723962171692935,0.07790954889369583,0.03261896577700197,1.3258037928932245,0.4744069871047192,0.9943737827238328,0.8217615088956665,0.5811116365470923,0.48003835884454155,7.1527368476741735,2.961067202481557,0.41397681272789943,0.07686354235164483,0.031939209874470076,1.3131690498948885,0.4664150482169857,0.9888395132080765,0.802872890898936,0.5830260448570881,0.4730822915740221
48,train,received,0.2695513367652893,84.75,85.0,1.2783203125,3.853515625,3.853515625,138,9,4.453125,11.1953125,4.450844816327175,4.4509319591751195,4.451516001532749,4.488553150205896,4.413705141288815,4.416626717949021,4.4359376569182105,4.623612257326184,0.60205078125,,,3.12109375,0.4740740676626061,0.5338921217147888,7.162105003080282,2.974106759607187,0.4152559559414559,0.0913789174134223,0.025038836667567253,1.318979188044759,0.3252187050360466,0.994373763624564,0.40240696916641616,0.5816463983422961,0.23533517459487482,7.153558440472283,2.956478510879273,0.41328781130137576,0.08999960754930658,0.024623570228645256,1.3136152178508729,0.32343938819608287,0.9895096288964602,0.3993219613508245,0.5777359951197205,0.23311495221626022,26,8,3.16015625,10.7578125,3.15931197423401,3.1594028497068667,3.1597951075190185,3.199222138285054,3.1523505310692537,3.155411511289316,3.1683909186831545,3.3754256580118724,0.7060546875,,,0.4891685299249705,0.5340010178297497,2.9935026808207126,0.4179640873085867,0.08836259687652248,0.037788004282218596,1.3233532114959674,0.48217355153441493,0.9943737828243826,0.8572523707222363,0.5807752320382233,0.50047178100284,7.153558440472283,2.973074734064227,0.4156078067725889,0.08692254611867245,0.03697280878450502,1.317525811207254,0.4778210475531832,0.9895096486979833,0.8428951200519308,0.5769635535946058,0.49132633210058385
49,train,received,0.27013951539993286,85.1875,85.5625,1.2734375,3.8515625,3.8515625,143,9,4.45703125,11.1875,4.455253920069017,4.455341042504425,4.45592345223636,4.492952069907127,4.444718959650393,4.447636845475812,4.466835112021615,4.65428575647945,0.6015625,,,3.125,0.46006244845037847,0.5262094254899289,7.162105003080282,2.9458301144578574,0.41130786454414076,0.08623432519974195,0.02341842984611398,1.2999528625047425,0.317952847749139,0.9943737627801674,0.3971291897673763,0.5811837291741009,0.23206450531943487,7.1547754448784175,2.927533195787025,0.4091719185795877,0.08864371077969224,0.02400042280493276,1.2937928540557788,0.3154247119161189,0.9904850097343925,0.39330956645557874,0.5820405829191531,0.23109054440438617,27,8,3.166015625,10.75,3.164819328761756,3.16491018274769,3.1653021513283206,3.2047183834178106,3.1638985670176827,3.166958301999062,3.1799253804467127,3.386854759838456,0.70556640625,,,0.47670668574080455,0.5265045894396018,2.9628079009072747,0.413678366853464,0.08237765518428208,0.03469553675453239,1.3032146863914118,0.4687009695207622,0.9943737819117562,0.8315004351979677,0.5807519280798044,0.4854243822902281,7.1547754448784175,2.9436141991006832,0.4114195087992317,0.08508659620096726,0.035596297499151795,1.296623129800019,0.4633035322555558,0.9904850296353231,0.8150576835426239,0.5817180323173972,0.47855670488052493
50,train,received,0.2712257206439972,84.875,85.25,1.26953125,3.8515625,3.8515625,159,10,4.46875,11.1875,4.464357561768728,4.464444655877457,4.465027723720156,4.502039498783203,4.410852380707871,4.413774108183703,4.43278902434715,4.620778715143483,0.6005859375,,,3.095703125,0.4627809379146711,0.5238749142478119,7.162105003080282,2.975180321471904,0.4154058506810968,0.09277290818633865,0.025305427810128196,1.3194020123001327,0.32399368619594876,0.9943737632995955,0.39971539030001424,0.5813064293585475,0.2336247733712955,7.155159233372323,2.9481402037178555,0.4120299922840931,0.09303114962234993,0.0252617465023872,1.3087593322321123,0.3200199533535376,0.9904641929810687,0.395214256353986,0.5823233580220553,0.23227193783442796,28,9,3.177734375,10.7578125,3.1765818286404532,3.176672657919895,3.1770653260440005,3.2164637186846923,3.1554383473856875,3.1584989180135135,3.1714541457949816,3.3784769983121286,0.70458984375,,,0.4790319608574914,0.5250970706667205,2.9934577376676077,0.4179578121767525,0.08903190336848521,0.03776964017339429,1.3237936869863676,0.47904256725575617,0.9943737824055932,0.8435387263437789,0.5807461115559391,0.4924443382638892,7.155159233372323,2.9653675224705296,0.41443767018346456,0.08904363603087884,0.03743222534352993,1.3121878615047153,0.4710399211570706,0.9904642133793704,0.8238405161289519,0.5817954090555428,0.48354678439190246
51,train,received,0.27280348539352417,85.125,85.5,1.2646484375,3.853515625,3.853515625,154,9,4.4765625,11.1953125,4.471789121589214,4.47187618970493,4.47246181083522,4.509457353978243,4.477374316692426,4.480288746121387,4.499666183074726,4.686609629917077,0.60009765625,,,3.1484375,0.470327144405426,0.5297538714516916,7.162105003080282,2.9551701726234008,0.41261195854465127,0.08064818825925357,0.021873183515591043,1.3086139026267105,0.31969956523842136,0.9943737633467737,0.39637675440669395,0.5823836610346538,0.23210312417992793,7.154361875961957,2.938652604047057,0.41074978523530914,0.08089592853781014,0.02186863098493483,1.3051881687867075,0.31775553822089214,0.9898493936405339,0.39219098709270983,0.5835943561384296,0.23108094323873693,31,8,3.1875,10.765625,3.1863787769927505,3.186469578015108,3.186865746003936,3.226244085950832,3.173626846612232,3.1766854463268146,3.1897711807131013,3.396478220143911,0.70361328125,,,0.48657125877908436,0.5318135284162097,2.9748200878851523,0.4153555535147474,0.07965676986813719,0.03342239658641834,1.314178600351548,0.47111348101324374,0.9943737822780037,0.8252662488086735,0.5815987300423666,0.48248891746635814,7.154361875961957,2.957190607229183,0.4133409322171821,0.07963767130521582,0.03324691293325305,1.309419544435272,0.46703490863401903,0.9898494135977627,0.8113120528382437,0.5828497132293391,0.4770960118244643
52,train,received,0.2684687674045563,85.4375,85.75,1.2607421875,3.853515625,3.853515625,147,9,4.4453125,11.1953125,4.447603244777192,4.447690405650646,4.448275237963342,4.485319906016363,4.419066417185262,4.421987367130284,4.441193011305292,4.628915204419521,0.6025390625,,,3.11328125,0.4613112351233201,0.5247252780481059,7.162105003080282,2.9778014293421773,0.41577181960631443,0.0855602711955985,0.023504718646241686,1.3185910996295487,0.32587474529084853,0.9943737637863226,0.40393630445500617,0.5815332658579413,0.23618342913519808,7.152740270319927,2.9576810105772156,0.41350320280047365,0.08661422148068354,0.023703166804004545,1.3101409992538082,0.3224224836963623,0.9889750960332444,0.39890773911523986,0.5816941551801316,0.2345561363108606,25,8,3.154296875,10.7578125,3.1528040711232785,3.1528949640868396,3.153286875284184,3.192724974143343,3.1353727948942836,3.1384356911417117,3.1513824055662614,3.3586275402132753,0.70703125,,,0.47584364042726474,0.5261443724715733,2.997892233148892,0.41857697309094977,0.08271007911142014,0.035555042150699115,1.3228617096036563,0.48413281997133556,0.9943737834072106,0.8663058838044262,0.5807746416697883,0.5057544846070784,7.152740270319927,2.975842307342516,0.41604227119649245,0.08417956623999956,0.03596097772084459,1.3137652477138735,0.4777036641461123,0.9889751152386044,0.8482168946237459,0.5809506417723913,0.4979362768437292
53,train,received,0.267316997051239,85.1875,85.6875,1.2568359375,3.853515625,3.853515625,143,9,4.43359375,11.1953125,4.4326540968046695,4.43274131678743,4.43332410169929,4.470401389405522,4.410096588100579,4.413018440068278,4.432014872218355,4.620033529741813,0.60400390625,,,3.095703125,0.45935557122930015,0.5253665391489175,7.162105003080282,2.98377274596291,0.41660555726000215,0.09044102616650918,0.024992142293697138,1.3267310734798645,0.32962595145086465,0.9943737661826173,0.4074707671037332,0.5815305873628356,0.23824852374312633,7.15500084633778,2.9588279093809007,0.41353285246574767,0.0908794405041693,0.024950305190802193,1.31744596323278,0.32531474642933855,0.9904812949098281,0.40155703462776604,0.5823995628381144,0.2361071859103244,20,8,3.140625,10.7578125,3.138550696748995,3.1386416363637983,3.1390326651560168,3.1784976890482017,3.140508654262512,3.143570973091333,3.1565087603163584,3.3637091438694244,0.7080078125,,,0.4743186166567653,0.525814037892471,3.0050204314431057,0.4195722389089108,0.08739942360485387,0.03788624676588104,1.3312869678263315,0.4906936595304077,0.9943737842751013,0.8811713317260496,0.5807063894287223,0.5143687140347217,7.15500084633778,2.976888323782345,0.4160570190995907,0.08861807020699608,0.03803936436874643,1.3216866978145134,0.4828994610846746,0.990481313957809,0.8584328905505916,0.5816304212935135,0.5040572003737157
54,train,received,0.2653385400772095,85.1875,85.5625,1.251953125,3.853515625,3.853515625,153,10,4.4921875,11.1953125,4.485791739057008,4.485878754851905,4.486462675831569,4.523432086982466,4.459652536720017,4.462568392548525,4.481459266815834,4.669039882648757,0.5986328125,,,3.158203125,0.4694730690667328,0.5308555585361867,7.162105003080282,2.98172007266706,0.41631895530499485,0.08466363055909198,0.022992167071287692,1.322873772918939,0.3235626602331906,0.9943737622177373,0.3971364711073412,0.5817091592141539,0.232278565598693,7.153851773997895,2.9610488461359994,0.41390972858824443,0.08600675382569278,0.023305608071559673,1.3202062092993474,0.3220999519134082,0.9885700762314915,0.3933286260703589,0.5818294973708973,0.23131727408791405,32,9,3.201171875,10.7578125,3.1993168820713436,3.1994076391085113,3.19980159836472,3.2391581275503323,3.190227879013152,3.1932846474180505,3.206293855707058,3.4129058514209505,0.7021484375,,,0.4849004111036477,0.5311720608133438,3.001869740090602,0.41913232754889185,0.0814973066897835,0.03433442258529069,1.3272782691131928,0.47747024032638474,0.9943737818518841,0.8319655494633844,0.5807029195588882,0.48565481222992085,7.153851773997895,2.978462357378585,0.4163438734087841,0.08265529546346162,0.034612455587436766,1.3243981996830598,0.47361167673594806,0.9885700964624462,0.8163410715517441,0.5809684296993494,0.47898303643807233
55,train,received,0.26609423756599426,85.5,85.8125,1.248046875,3.853515625,3.853515625,169,10,4.51953125,11.1953125,4.519329207884796,4.51941608122031,4.52000002446419,4.556897702895735,4.4785545438020495,4.4814681912091565,4.500586032172553,4.687737542418653,0.59619140625,,,3.189453125,0.4570814455538273,0.5231737717229534,7.162105003080282,2.98409144182225,0.41665005477284267,0.09177983988402616,0.024789739473075362,1.3207910286707865,0.3214766806296232,0.9943737594184991,0.39398156016600594,0.5818266338630815,0.23048021258586412,7.154995145115062,2.9635128153917742,0.4141879561462815,0.09503116903123221,0.025548481311389468,1.3147768457813633,0.3185195384138513,0.9903343421351769,0.38931415645697537,0.5826663628244058,0.22894318958285192,34,10,3.234375,10.7578125,3.233158205867994,3.2332488578849765,3.2336438810601646,3.2729389397442774,3.2331548248542505,3.2362066425349996,3.249264179400445,3.4553721512324964,0.69921875,,,0.47373681871924056,0.5241739780551935,3.002187716384531,0.4191767245933072,0.0865357412424208,0.03597729490182683,1.32461920866933,0.4711485074777343,0.9943737802151942,0.8104996037075572,0.5808034773373523,0.47321124236323847,7.154995145115062,2.980600620268467,0.4165761904539399,0.09034172230361293,0.037351888231698195,1.3195745088904758,0.46680868470444375,0.9903343630517885,0.7968464141000313,0.5819034184228631,0.46774891470306057
56,train,received,0.2655937075614929,85.875,86.1875,1.244140625,3.853515625,3.853515625,165,10,4.484375,11.1953125,4.483172779383934,4.483259780183088,4.483843093682728,4.520809920976629,4.4564769295174536,4.4593935924946075,4.478726211965199,4.665925697733259,0.59912109375,,,3.150390625,0.46773531829457066,0.5307512986121204,7.162105003080282,2.9802804352593144,0.416117947723128,0.08849258585463637,0.02406508508024314,1.3187496850649776,0.32295384541471767,0.994373760539327,0.3979410677593674,0.5816096468142975,0.2327092508157353,7.155260145698378,2.9591940126894576,0.4135690320733447,0.08943624055539967,0.02429539873990464,1.3102592019873063,0.320402988459851,0.9904363057534962,0.39524462574716435,0.5839881980593269,0.2330228673851626,35,9,3.193359375,10.7578125,3.1947430715906284,3.194833827377687,3.195226412379792,3.2345872530546447,3.1941203428593545,3.197176645430699,3.210167569175785,3.4167552735060944,0.703125,,,0.4813483356325134,0.5324088862814043,2.9980042424512763,0.41859261225043376,0.0843309875286602,0.03562048027479031,1.3215973632324545,0.47648019746410386,0.9943737808407072,0.8362662655993517,0.5807805723975639,0.48822955064927565,7.155260145698378,2.975402970429812,0.41583435260821006,0.08504493104375843,0.035660035670101155,1.3121089418250298,0.469769662696732,0.9904363261570559,0.8188390160788407,0.5831844392060965,0.48204188399135933
57,train,received,0.26619595289230347,85.5625,85.9375,1.2392578125,3.8515625,3.8515625,170,10,4.5390625,11.1953125,4.531720888870982,4.531807747543398,4.53239481883927,4.569274750875895,4.506211113258116,4.509121829414381,4.528369871703854,4.715113138883147,0.5947265625,,,3.177734375,0.4555964865840298,0.5210574720683119,7.162105003080282,2.936160533471794,0.40995776132980577,0.07338143207584835,0.019456725183137572,1.300807482118774,0.31136920428978015,0.9943737583445724,0.3834694348791274,0.5836512142218835,0.22503527434854814,7.153632313734462,2.912752254120077,0.4071710882495039,0.07615936133628676,0.020106070421190475,1.2897299255688441,0.30746172978385156,0.9890010573136152,0.3787572814075291,0.5846945985152434,0.2238222338206846,35,9,3.2578125,10.765625,3.255041413424448,3.2551320036447953,3.2555315729134144,3.2947856455210047,3.244235497883984,3.247286270714876,3.260497443280141,3.4663480437934715,0.697265625,,,0.4696346222857991,0.5213641514676257,2.9539759437081243,0.4124452158182094,0.07062378530137092,0.02853950651728451,1.3030971379099983,0.45234205267351824,0.9943737800459465,0.7671601807920747,0.5827752693226351,0.4494378915694468,7.153632313734462,2.9269498152064433,0.4091557528875099,0.07425551912617223,0.029736585699939137,1.29166419883384,0.44478847747177014,0.9890010789484585,0.7490136966113532,0.584079446675009,0.4419662264502224
58,train,received,0.26313555240631104,85.75,86.125,1.2353515625,3.853515625,3.853515625,157,9,4.49609375,11.1953125,4.4929400146850105,4.4930270138272155,4.493611598739383,4.530569174746287,4.468281042469199,4.471196234121535,4.490235226635159,4.6775961138786215,0.59814453125,,,3.169921875,0.4740081968825151,0.5340076471744193,7.162105003080282,2.9602733145295437,0.41332447838399294,0.07154535993840305,0.019297646990489054,1.3200121384050654,0.32088614421016265,0.9943737610211123,0.3931818168963275,0.5816842682195622,0.2299561718795373,7.157057382644871,2.9399890448580264,0.4107818182354102,0.07237296328367471,0.019427262255808878,1.3183776207159141,0.3190070272170869,0.9917580082807573,0.38910638966799893,0.5801713466060487,0.22755302749246162,26,8,3.208984375,10.7578125,3.2079699647868356,3.208060691212508,3.2084554200103343,3.247794570180288,3.189066417147834,3.192123353812916,3.205158025451108,3.411759155767283,0.70166015625,,,0.4879050983212128,0.5342826839349996,2.97798631891392,0.4157976345827304,0.06763985745882195,0.0281605233339322,1.3227971836276735,0.4710615069367633,0.9943737815026692,0.8127178739308196,0.5807778564397115,0.4744849198161968,7.157057382644871,2.9552023988059966,0.41290746193708866,0.06937731346498754,0.02868583171242465,1.32212137668514,0.4678508841611728,0.9917580291213861,0.7985161041650645,0.5794610889507075,0.46625398507868177
59,train,received,0.26879164576530457,85.5,85.875,1.2314453125,3.853515625,3.853515625,157,10,4.5,11.1953125,4.491653061971368,4.491740058422603,4.492324842702051,4.529282505383949,4.468592471666475,4.471507310616217,4.4905098207615275,4.677885025742278,0.59814453125,,,3.171875,0.46992814499551394,0.5298515236803035,7.162105003080282,2.965058275922763,0.4139925726650962,0.0817038067828566,0.022033733272681728,1.3140247467573083,0.3193795513988636,0.9943737601886422,0.3930795234104863,0.5814759032628052,0.22981400547830386,7.154569843406894,2.941855218678512,0.41118547768312047,0.080170364635066,0.021565389135532444,1.3045231310963876,0.3162526414379515,0.9900643702334548,0.3895890910145517,0.5827136961014734,0.22929942996941122,32,9,3.2109375,10.7578125,3.2111237818720935,3.211214504324555,3.2116105784420164,3.250944610889958,3.2000777828995304,3.2031335525089237,3.2162214141388987,3.4226584054939315,0.70166015625,,,0.48488250040626757,0.5305482053812695,2.9831537449087917,0.41651913000797886,0.07760293746515412,0.03232705643046891,1.3179169569106923,0.4695547080300638,0.9943737805925963,0.8136369441737952,0.5807140106953126,0.4749690567039313,7.154569843406894,2.959131878861972,0.4136002504174143,0.07678377300938344,0.031718480012025,1.3080345597190854,0.46250015361469504,0.990064390684867,0.7955224333064642,0.5819936239231183,0.46764488460321
60,train,received,0.25835707783699036,85.625,86.0,1.2265625,3.853515625,3.853515625,150,9,4.4453125,11.1953125,4.439167528993955,4.439254716679463,4.439837903187638,4.4768992118317765,4.410558566967666,4.413480365298516,4.432578741350845,4.620490412177108,0.60302734375,,,3.109375,0.46101139743124536,0.5222442390096197,7.162105003080282,2.9805803746394455,0.4161598263858957,0.08937251246441669,0.024601073328842163,1.3236513946172899,0.32771343142858506,0.9943737652612796,0.40513130935958697,0.5816984157186758,0.2369492833227346,7.15505640134772,2.960671783704794,0.4137873438911152,0.09143907553484265,0.02505796864651933,1.3172666865129292,0.3246902491289541,0.9901855574746055,0.40033536246122053,0.5833467670375301,0.23573428322564882,28,9,3.1484375,10.7578125,3.1471209330643948,3.1472118513608858,3.1476034694385806,3.1870544557858675,3.1456171204761967,3.148679005818622,3.161637481373721,3.3687721435153306,0.70751953125,,,0.4743657981353271,0.5215717332617,2.9992120605450543,0.4187612523490163,0.08613947013364776,0.03707872570369733,1.327950989805121,0.48654803745766406,0.9943737838430806,0.8686547703032678,0.5807828075011061,0.5071323086334443,7.15505640134772,2.978587073951552,0.4162912081853762,0.08865272997837348,0.037992749444494066,1.321488671357609,0.48206553401412733,0.9901855764067022,0.8553038870172633,0.58248346062972,0.5026155176642905
61,train,received,0.2620929181575775,85.6875,85.9375,1.22265625,3.853515625,3.853515625,163,10,4.4609375,11.1953125,4.4558317426783836,4.455918882301228,4.456502491231881,4.493534975926147,4.440689075666208,4.44360754816576,4.462659400638514,4.6503061206207414,0.6015625,,,3.126953125,0.4568244376431653,0.5241733737769796,7.162105003080282,2.9668323314100675,0.4142402729552402,0.10585195711452933,0.02891835514269544,1.3113032484667517,0.32246058183042964,0.9943737637240773,0.40064209225535435,0.5816391463438189,0.23430032829260106,7.1559315157335295,2.9480253621235972,0.41196947673994133,0.10557422489840018,0.028676516684451318,1.3052534939333578,0.31916446884358884,0.9908681328269182,0.3955157914278476,0.5826994419932152,0.2324908662992161,31,9,3.169921875,10.7578125,3.1689763022153796,3.1690671559081696,3.169460138062545,3.208872032985236,3.1717626941902033,3.1748215078314805,3.1878153868361787,3.394633784321731,0.70556640625,,,0.4702953591117739,0.5232830607752683,2.9870625754378866,0.4170648956072564,0.10453856835569564,0.044377103887867565,1.3165761424301303,0.4766977098087776,0.9943737837436641,0.8446476077419399,0.5807750176935187,0.49311595257563323,7.1559315157335295,2.965027436205136,0.41434541815919007,0.10482456622097569,0.04420718767526053,1.3097348764738337,0.4712548974397624,0.9908681533232082,0.8292410458468017,0.5818304774325425,0.486485722979581
62,train,received,0.2586299777030945,85.75,86.125,1.21875,3.853515625,3.853515625,146,10,4.45703125,11.1953125,4.453610202728306,4.4536973619755935,4.454281315225383,4.49132122811025,4.457409434021645,4.4603258955392215,4.479550274591253,4.66684211429293,0.6015625,,,3.134765625,0.4535673582859274,0.5234862163342129,7.162105003080282,2.9662520360287745,0.41415924993462777,0.09616213217499947,0.026262525754971688,1.3157843233725135,0.323467108493904,0.9943737643978618,0.400448569258814,0.5816086037379966,0.23417487891452285,7.156553585218023,2.9473715841529406,0.411842313350491,0.09310100002894117,0.025308023798231556,1.3116350689499399,0.32094314350914843,0.9913786727117309,0.39606344574995095,0.5844736623369862,0.23341334895767515,28,9,3.166015625,10.7578125,3.1651098870985366,3.165200748633982,3.165593421865769,3.205011328854267,3.160088774348863,3.1631489675490143,3.176137556407708,3.3830872853294376,0.70556640625,,,0.4690287282971258,0.523124497914161,2.985627198088851,0.4168644828307866,0.09316825225482805,0.039621145946154054,1.3192481680501666,0.4783942477779832,0.9943737842796905,0.8476782993043693,0.5807742612985916,0.4948839085407347,7.156553585218023,2.963000411847517,0.4140261616943164,0.08996373205411601,0.03796219634396594,1.315914470927047,0.4737042899223183,0.9913786926587056,0.8301683483352527,0.5836586425783539,0.4883609128468907
63,train,received,0.2577774226665497,86.125,86.5,1.21484375,3.853515625,3.853515625,152,10,4.4453125,11.1953125,4.44167336747796,4.441760565439236,4.442343046975082,4.479406490853319,4.439468483425995,4.442387164066695,4.461541117713836,4.649102862192305,0.60302734375,,,3.123046875,0.4695120342616089,0.531401010299638,7.162105003080282,2.97571275946697,0.4154801916737012,0.08933557790519053,0.024590735645792186,1.322952480267075,0.3275383446412225,0.9943737662416599,0.40512714209610295,0.5816495171090699,0.2369269281019011,7.155258023289306,2.9546913495519105,0.4129398744161045,0.09219423687598471,0.025225775235294366,1.318369331464968,0.324459026982221,0.9907442850887538,0.3995604411619891,0.5836594748753257,0.23533365946799828,27,9,3.150390625,10.7578125,3.1489367160016237,3.149027634592488,3.149419841198471,3.188868912576927,3.137899617957438,3.140962293087835,3.1539129071720624,3.3611315198176723,0.70703125,,,0.4845881424309141,0.5318200054900356,2.995633959167238,0.41826166439599444,0.08665890189472503,0.037238217979531044,1.3278542504225328,0.4858008412261985,0.9943737852623737,0.8656309439924514,0.5807721151760594,0.5053584231575617,7.155258023289306,2.9727510170685676,0.41546384594276026,0.08994587289163469,0.03842644732171369,1.3222647150412916,0.48095478626277516,0.9907443040267729,0.850022591727763,0.5829034215445015,0.49987386813129003
64,train,received,0.25761884450912476,86.3125,86.6875,1.2099609375,3.853515625,3.853515625,163,10,4.484375,11.1953125,4.481494499548557,4.481581548260598,4.482166155846163,4.519148781422278,4.456621190305029,4.459537897911824,4.4786890791877605,4.666071755783783,0.59912109375,,,3.154296875,0.4559046606959397,0.5273841200121765,7.162105003080282,2.980770771405002,0.41618641029739584,0.0891128813143851,0.02423558256729813,1.3231070664159486,0.32404275277255734,0.9943737641262498,0.3979848444758775,0.5816535129307541,0.23275239804184775,7.155979179793642,2.9572988738334844,0.41326264366224225,0.09008491380703632,0.024356782328862674,1.3160135880698807,0.3205297260766229,0.9904757414336656,0.39276927200634715,0.580165714233253,0.23000123300729772,29,9,3.197265625,10.7578125,3.1971571729211945,3.197247944038085,3.1976425188904574,3.237004627656804,3.173651748744515,3.176710452919961,3.1897386940901287,3.396509382602047,0.70263671875,,,0.47006968223641216,0.5262564889787704,3.002060480766908,0.41915895947850246,0.08677273509524674,0.0366319326047565,1.328081663693471,0.47859591923902167,0.9943737839530655,0.8353620431636426,0.5807721138667503,0.48769476450321286,7.155979179793642,2.976869230144644,0.41599746943792654,0.08752463151952217,0.036686511854331444,1.3216838826441712,0.4732241063994935,0.9904757613792023,0.819276752316496,0.5793311017873846,0.47893063797572133
65,train,received,0.2563563883304596,86.0,86.375,1.2060546875,3.853515625,3.853515625,159,10,4.48828125,11.1953125,4.48745854143563,4.487545577373364,4.488129603288825,4.525103849491704,4.4563514880412445,4.459268102490254,4.478323162800362,4.665797478024781,0.5986328125,,,3.162109375,0.46454204387483566,0.5266669840143884,7.162105003080282,2.9846717270630583,0.41673107637760254,0.08892232061201533,0.024151847528183702,1.3243961041113863,0.3239730009539665,0.9943737639787571,0.3972125330420462,0.5817958075774454,0.23235764928575886,7.156552404480992,2.9676628959448434,0.4146777286346252,0.09173664045542296,0.02489462762471398,1.3133968827090925,0.32089073464377016,0.9908701977727148,0.3949721009547674,0.5836744692933715,0.23259182172700366,29,9,3.201171875,10.7578125,3.2010339309675024,3.201124686481049,3.20151976216873,3.2408734322279784,3.192005398925236,3.1950620883695637,3.208113290164843,3.4146722027899967,0.70263671875,,,0.47908670688865446,0.5272805183109186,3.0062185384956135,0.41973952311543844,0.08785315377150393,0.03711366815742501,1.3286491205186808,0.47908279213689253,0.9943737835355755,0.8365114581729316,0.5807721134492612,0.4883655244771214,7.156552404480992,2.9878691697563693,0.4175011934357596,0.09032472132071057,0.037943004291366815,1.3176667448387773,0.4725340607639697,0.9908702170488741,0.8228119251823204,0.5829528073769223,0.4837878342096379
66,train,received,0.25304484367370605,86.625,86.875,1.2021484375,3.853515625,3.853515625,166,11,4.49609375,11.1953125,4.49028843058014,4.4903754398878455,4.490959338398475,4.527922931573595,4.4486105899719774,4.4515281686278305,4.470498242331116,4.65814392298923,0.59814453125,,,3.162109375,0.46078552969073455,0.5312392603095689,7.162105003080282,2.984836330903298,0.41675405898399676,0.09314987943430708,0.025314416040631345,1.3207112745925595,0.32323650494997364,0.9943737625962328,0.39754368463990547,0.5815717917783472,0.23246178274667664,7.155938088818941,2.969871322963866,0.41502194207133386,0.09296171113743057,0.025200531705873684,1.3164919641873052,0.3213543815615043,0.9909290161895985,0.3943954451141497,0.5801762714303447,0.230891764129207,32,10,3.205078125,10.7578125,3.207010502323924,3.2071012381584985,3.207495468303649,3.2468388957664787,3.1975308987774755,3.200586876566929,3.213616426942399,3.420133746364174,0.7021484375,,,0.4753225517519255,0.5312370123131055,3.0034805528601805,0.4193572352776791,0.08970006423486776,0.03780817201807007,1.3259593747564136,0.4771894209359675,0.9943737827356758,0.8327514721950519,0.5807404127227791,0.48614478298257674,7.155938088818941,2.986816001119072,0.4173898605671188,0.0893096019028281,0.03746123795343282,1.3205378090403137,0.47299349915078315,0.9909290362478949,0.8205084205338139,0.5792455821715521,0.47953267450174897
67,train,received,0.25492292642593384,86.375,86.75,1.1982421875,3.853515625,3.853515625,162,10,4.4609375,11.1953125,4.45557159933281,4.455658753634286,4.456243350220646,4.4932794898587956,4.442729635617493,4.445647872103541,4.464735907959327,4.652324865224193,0.60107421875,,,3.1328125,0.46803260882415754,0.5285870548432932,7.162105003080282,2.9819815173372,0.41635545919177497,0.09180562583737562,0.02513517216701665,1.3203957551634424,0.3253282077369064,0.9943737649244806,0.4019207790865915,0.5831261752300607,0.23564889588150528,7.156812124438503,2.9630439274747298,0.4140172853436752,0.09385688978064177,0.025658354692025594,1.3138279999238165,0.32312877392202044,0.9910578662220253,0.39933473956176274,0.5840857031436713,0.23529890048523566,29,9,3.169921875,10.7578125,3.1707452217346974,3.170836072415384,3.1712302688021334,3.2106387161502825,3.1550248853757545,3.1580856287805656,3.1710991214370514,3.378075677175236,0.70556640625,,,0.4829954173015408,0.5291645631088554,3.0023148708141667,0.4191944783723402,0.08925254876827093,0.0381592432657867,1.3248956604472966,0.48263483748025426,0.9943737844697678,0.8568293053102074,0.5823433707774317,0.5015755437950453,7.156812124438503,2.9812729361361607,0.41656437032291954,0.09086421956142754,0.038622466372746425,1.3176019168311965,0.47728177225623986,0.9910578866122712,0.8424127174925826,0.583485512232711,0.49574243807569807
68,train,received,0.2541886568069458,86.5625,86.875,1.193359375,3.853515625,3.853515625,151,11,4.42578125,11.1953125,4.436253101594062,4.436340305302509,4.436924843706596,4.4739923080742265,4.372289263648883,4.375215537197793,4.394084373472199,4.582635350237336,0.6044921875,,,3.08984375,0.46130873863648053,0.5248480133882267,7.162105003080282,2.9816139955008225,0.41630414441263963,0.09319813800560794,0.025786683157496885,1.3218079691522338,0.32877708929796107,0.9943737666557446,0.4082372775997026,0.5816013122205339,0.2387256407642719,7.156509948062415,2.9646399528573504,0.4142577840837083,0.09482553213414135,0.026169457001885547,1.3169686246459413,0.32673892547928146,0.99089331553105,0.40502856150456573,0.5816579399437147,0.23759277116507796,27,10,3.12890625,10.7578125,3.129330383583346,3.1294213488221185,3.1298118305005342,3.169292771466993,3.1221809424328812,3.1252452707838376,3.138150936956737,3.3455717671214127,0.708984375,,,0.4764725730447435,0.5256761734323577,3.000736346741793,0.4189740789127267,0.09030264821034084,0.03930003126198023,1.3267590358481938,0.49067323076714364,0.9943737853958945,0.8883468288447031,0.5807721356711886,0.518614123257154,7.156509948062415,2.980288951392393,0.4164444642739985,0.0917242976710888,0.039621399275925666,1.3206726816076406,0.4851588507610522,0.9908933343789865,0.8707495052997416,0.5808244301822363,0.5096606902030183
69,train,received,0.2530011832714081,86.25,86.5625,1.189453125,3.853515625,3.853515625,154,10,4.421875,11.1953125,4.4184708268372574,4.418558092136076,4.419140846355453,4.456243946061305,4.351287517879501,4.354216071604582,4.373122391649442,4.5618508786990954,0.60498046875,,,3.08203125,0.4628626712224038,0.5271868875054283,7.162105003080282,2.9774332788057922,0.4157204170457227,0.09318369729931142,0.025752230576619184,1.3184481217202588,0.3275930857021701,0.994373766925726,0.40752212523747844,0.5815495797655936,0.23828632856721105,7.157245325362725,2.9622891280646737,0.4138867669614981,0.09410228145825172,0.0259804179203597,1.3153034514904203,0.32640553883465034,0.9914335730565913,0.4053843484201607,0.5845439171639386,0.2389417944925802,35,9,3.123046875,10.7578125,3.1204001524310554,3.1204911516138463,3.1208814039112607,3.160380379828353,3.113304498968543,3.116369847999698,3.129265421940604,3.3367904764460192,0.7099609375,,,0.47832388381491936,0.528323598661163,2.996001952140201,0.41831304495698945,0.0909041941238451,0.039560546058977936,1.324266526193072,0.48973796325883284,0.9943737857955375,0.8882878255620709,0.5807721157092223,0.5185796746992234,7.157245325362725,2.9794797433316487,0.4162886149470712,0.09185318864701575,0.03979355075139817,1.3203734051044833,0.48617192886931715,0.9914335917062882,0.8759332258430249,0.5837122545200799,0.5153815086074554
70,train,received,0.25154152512550354,86.75,87.0,1.185546875,3.853515625,3.853515625,162,10,4.453125,11.1953125,4.451211422394025,4.45129856789251,4.45188135829423,4.488920404965282,4.430783855319071,4.43370342620782,4.452803929605865,4.640504658866401,0.60205078125,,,3.12109375,0.4554614723502979,0.5262332404149694,7.162105003080282,2.9781341880312997,0.41581828062426646,0.09345733959114888,0.025609264284732005,1.3193153091312464,0.32531206262468637,0.9943737644557995,0.4024282488031716,0.5815890713151761,0.23532442076386073,7.156505575518155,2.9621273462599778,0.41390694313062276,0.09412053931957942,0.025743642384509706,1.3172892331358046,0.3241656990416701,0.9915184285916947,0.39979480543606133,0.5819110436768202,0.23469837855460898,30,9,3.16015625,10.7578125,3.1595162146353752,3.1596070959584033,3.1599986250030527,3.1994282831531775,3.1546721461293052,3.15773294119102,3.1706831546683323,3.377727235498494,0.7060546875,,,0.46814782102509417,0.5264842885072648,2.9973609542856705,0.41850279394068696,0.09090686640617918,0.03892317973345906,1.3243643325555627,0.48304024672318074,0.9943737843049965,0.8593498457450756,0.580772114218683,0.5016930821732688,7.156505575518155,2.980073586321751,0.41641462510926414,0.091595615975681,0.03905307053185032,1.3216015074548242,0.4800632016365232,0.9915184488968096,0.8478770510239438,0.5812093598470041,0.4972939004305222
71,train,received,0.25159353017807007,86.5,86.9375,1.181640625,3.853515625,3.853515625,149,10,4.43359375,11.1953125,4.427695199348908,4.427782428582318,4.4283645275634305,4.465448920999981,4.397448488162391,4.400371750420758,4.4194091122016665,4.607518214677216,0.603515625,,,3.10546875,0.46856371185186857,0.5284116019894821,7.162105003080282,2.987489851211458,0.4171245534555269,0.09305220538392156,0.025719196303133865,1.3247942062245635,0.3292079216519755,0.9943737660275982,0.4075997942314994,0.5816787535568837,0.23838467231541907,7.1565186548182105,2.9662944378077345,0.41448846581440013,0.09303563983867935,0.025604630433744082,1.3177558859985403,0.3261345348955417,0.9908919586517477,0.4033110735731375,0.5824938687127608,0.23698740886101882,32,9,3.138671875,10.7578125,3.1393785696584278,3.139469505248994,3.139860072917472,3.1793235333018504,3.1359206569741054,3.1389832972564933,3.1518898990892783,3.359157800478883,0.70849609375,,,0.4830965282334615,0.5294837098179207,3.007379310350841,0.41990159444149805,0.08991081342969753,0.03906326466713155,1.329154283848208,0.4908517649248944,0.9943737847634786,0.8852653627934731,0.5807374877638951,0.516785142831276,7.1565186548182105,2.9844038941439455,0.4170189498681262,0.08995432418437854,0.038744963451871915,1.3222260420255703,0.4845653394172382,0.990891978045326,0.8653710044275987,0.5816393529745616,0.5075091015151187
72,train,received,0.25733038783073425,86.4375,86.8125,1.177734375,3.853515625,3.853515625,167,10,4.4765625,11.1953125,4.4710321347898825,4.471119195117067,4.471703289790808,4.508698245345418,4.479426774112127,4.482340811027632,4.5017539349224025,4.688630288996561,0.60009765625,,,3.138671875,0.4697444230626483,0.5328246899581209,7.162105003080282,2.9728115446406704,0.41507511316325607,0.09954523705624929,0.027120795535451218,1.3172294653378671,0.3231180111558723,0.9943737620087418,0.3990236596174771,0.5817531644235538,0.23339978412884765,7.157235762003032,2.9522796822743906,0.4124888127826828,0.09850110282256086,0.02669421133042665,1.3116971141804727,0.32008341794092143,0.9916772979069126,0.39449618311141216,0.5841981025037208,0.232304698611843,34,9,3.1875,10.7578125,3.1877519937223076,3.1878427688864512,3.188236401746281,3.227608057469178,3.1756516517956626,3.178710004163035,3.1917171305530054,3.3984801333121433,0.70361328125,,,0.48468787521046447,0.5352180930672481,2.9938616971021665,0.41801421451019843,0.09591235226698291,0.04059949020085897,1.32208256748687,0.4775302659947582,0.9943737824886325,0.8398565527968321,0.5811356119126776,0.4906244898583687,7.157235762003032,2.97027278581974,0.4150027866328768,0.09520108089701651,0.03996838593066155,1.316025186366331,0.47170800318072204,0.9916773189563743,0.8224831447206782,0.5833739426749158,0.48343684412497573
73,train,received,0.2522236704826355,86.625,86.9375,1.173828125,3.853515625,3.853515625,158,10,4.4609375,11.1953125,4.46058179704369,4.460668915092206,4.461253297513892,4.498274551336587,4.4564407527662855,4.459357434685065,4.478547796019836,4.665890709931373,0.60107421875,,,3.12890625,0.4584149428291246,0.5235378215688018,7.162105003080282,2.973174302350256,0.41512576275711566,0.09760281667438164,0.02661937879558475,1.3197843661863775,0.32404932153431815,0.9943737636852887,0.3996381587307537,0.5814129719265049,0.23362245299757975,7.155969722652589,2.9520128006718735,0.4125244956427255,0.09726377566416744,0.026493657334963235,1.3070735755300635,0.32043630948520124,0.9908156940887398,0.39711144720411895,0.5825733161807971,0.23348025397396305,33,9,3.171875,10.7578125,3.1711300669256652,3.1712209071423034,3.171613840550073,3.2110199540623388,3.1699198186402477,3.1729787963962375,3.185977538906869,3.3928077249002815,0.705078125,,,0.4726709610123123,0.5241920743287886,2.9934594133423214,0.4179580461407495,0.0960335548282325,0.04085742274430084,1.3251177956542879,0.4807009599022128,0.9943737835613087,0.8484177978572124,0.580654126937981,0.49521299480030706,7.155969722652589,2.9701826267492746,0.4150636100858573,0.09572986457641708,0.04045961609072005,1.3118761922550393,0.47293682831883405,0.9908157145806786,0.8326834705355487,0.5818275923766638,0.4889219295274239
74,train,received,0.25108301639556885,86.75,87.0625,1.169921875,3.853515625,3.853515625,149,10,4.4375,11.1875,4.433076954930032,4.433164190954319,4.433746639551465,4.4708287734873515,4.405291900310584,4.4082142865326475,4.427253801571812,4.615278996406495,0.603515625,,,3.107421875,0.46510959736217655,0.5300427506631962,7.162105003080282,2.9852321016556305,0.4168093179828752,0.09564392019679957,0.0264323041769631,1.326514121385289,0.32959910438987183,0.9943737670359614,0.40752593947581367,0.5816483445988281,0.2383290270000797,7.157487016266996,2.96864498891963,0.4147607927436987,0.0965474238844326,0.02655056820952677,1.323314933026687,0.3271950290083373,0.9912723350167436,0.40297104754467505,0.5832404629029551,0.23697913538084478,29,9,3.140625,10.7578125,3.139164395998412,3.1392553360383393,3.1396462545010357,3.179111235239568,3.1265558328366327,3.129619778067073,3.1425449608166685,3.349907198492095,0.7080078125,,,0.48006651590843374,0.5307530934419564,3.0069171869999636,0.41983707104360335,0.09348114528432028,0.04051160503783563,1.3310677007197356,0.49049990055319426,0.9943737859575243,0.8806838027879165,0.5807742469286046,0.5141443251634813,7.157487016266996,2.9882549707796398,0.4175005786232178,0.09418248654931105,0.04057826148036357,1.3272556815107235,0.48633975472889623,0.9912723542566271,0.8660743737698722,0.5822395368440825,0.5081531775696804
75,train,received,0.2951025366783142,85.8125,86.1875,1.166015625,3.89453125,3.89453125,225,11,4.69140625,11.4296875,4.686132087621509,4.686218356901763,4.686820233330338,4.723377518133792,4.660018887763705,4.662912186337986,4.682614990004317,4.86728909990539,0.58984375,,,3.359375,0.4850038686369207,0.513494673537746,7.162105003080282,2.980220841928203,0.41610962707841725,0.10904396747934086,0.028129998849259773,1.330911994119159,0.31077117545099286,0.9873815354302362,0.36596693720698475,0.583406283095667,0.21619583395825298,7.155757288322208,2.9481442930454262,0.41199612762951465,0.11378947764501568,0.029131825574764347,1.3189847830448773,0.3057503277869195,0.9884702197553281,0.36197119388901117,0.5828440221477882,0.21346554511480856,75,10,3.388671875,10.9921875,3.3864611265803894,3.386551235072313,3.3869617781369636,3.425949056778308,3.366215629649352,3.369252513321476,3.3828071058809805,3.587029801930561,0.69140625,,,0.4994875470185883,0.5173863957068067,2.999363605746666,0.4187824116592396,0.10448458889874956,0.040795159547225006,1.3339039648475008,0.44952222159304217,0.9878563381970604,0.714399668294594,0.5825526417563127,0.42113886291167896,7.155757288322208,2.9631550905399715,0.41409385074807853,0.10798890354551904,0.04172846963544111,1.3207078753876926,0.4408526686674563,0.988660648186479,0.6998506807975293,0.5821630190661944,0.412219423444429
76,train,received,0.2571839690208435,86.6875,87.125,1.162109375,3.9375,3.9375,204,11,4.7421875,11.4921875,4.742325270249361,4.742411515368695,4.743018475124721,4.779517619286952,4.730749412890647,4.733635247965244,4.753583207575059,4.937302496911649,0.58740234375,,,3.4140625,0.4878961686755219,0.5317545943748577,7.162105003080282,2.988913504338109,0.4173233292520335,0.09700363605241513,0.024716964336165666,1.3269781230773656,0.3064078069561435,0.9943737525401524,0.36209674829292404,0.5815699126837073,0.21173745340339908,7.157164338074169,2.96470916838377,0.4142295786911477,0.09589326363951756,0.02433623061857631,1.3199705175219165,0.30354983318371764,0.9908361247247965,0.3585177987067838,0.583045678212601,0.21084552381091928,65,10,3.431640625,11.046875,3.427917461247831,3.428007526478279,3.4284176097517243,3.467358376672039,3.4067278211356062,3.4097603375169117,3.4232883974459054,3.6271257890221915,0.689453125,,,0.5037924515884619,0.5385436063955991,3.0055777759318607,0.419650057439708,0.09303429693689669,0.03580710850754458,1.3304598900694167,0.4428388423673262,0.9943737700973916,0.700369210264097,0.580775004047247,0.4089141058234781,7.157164338074169,2.9797793217044872,0.4163351826159518,0.09075895949024648,0.034643185255909335,1.3229776648944762,0.4369263632093297,0.9908361423705196,0.686567867094581,0.582104798898289,0.4029115953591319
77,train,received,0.250075101852417,86.75,87.0625,1.158203125,3.939453125,3.939453125,171,11,4.58984375,11.4921875,4.587554640861031,4.587641382773541,4.588241545762962,4.625027468611911,4.565374317691305,4.5682789025199995,4.587908560095144,4.773683355207866,0.6005859375,,,3.263671875,0.4935297477380304,0.5297344491728722,7.162105003080282,2.9868608876089233,0.4170367351950764,0.09891837848958751,0.026242953491569403,1.3232411000352897,0.31690511549026507,0.9943737603790304,0.3837934479870885,0.5817415652150695,0.22448846588720708,7.156699413950925,2.9683756506330123,0.414768803178544,0.09987830121999508,0.02640050252333837,1.3206727884588414,0.3151638275375868,0.9907106906119072,0.38013415448755716,0.5838786841931505,0.223905056673342,42,10,3.26171875,11.0390625,3.260331793261983,3.260422372910932,3.2608243539913984,3.3000683862004916,3.2580512562605413,3.2611002949536916,3.274375314740359,3.4800069654749275,0.70458984375,,,0.5090892894589899,0.5364078922213318,3.004016992590547,0.4194321350075959,0.09460146614273768,0.03893804841084547,1.326892085424241,0.4679208820991922,0.9943737794535572,0.7947897059924732,0.5807811905918383,0.4640248634229017,7.156699413950925,2.985637193975808,0.41718074510098196,0.09552919085501621,0.03911601458103047,1.3248020433043184,0.4649346348837968,0.9907107092678311,0.7830356603960907,0.5830151871552403,0.4602589947873651
78,train,received,0.24790257215499878,86.9375,87.1875,1.154296875,3.94140625,3.94140625,168,11,4.53515625,11.484375,4.532666197153183,4.532753112037624,4.533346648607708,4.570237306916288,4.5329399142215,4.535848038837465,4.555369490874782,4.74158469365546,0.60546875,,,3.193359375,0.4895357969979769,0.5288966521312899,7.162105003080282,2.9815389000962194,0.41629365931020523,0.10123519714550433,0.027202009107643487,1.3200761069378828,0.3198022792671285,0.9943737630803557,0.39099545278034564,0.581536207328651,0.22861949990979857,7.156612580046573,2.9655967834269514,0.4143855420782959,0.10248143851159419,0.02744047169311368,1.3125122355117878,0.3168014813939566,0.9913058063768014,0.3874260931946932,0.5839488872620162,0.22819637306605337,39,10,3.203125,11.0390625,3.201151952210741,3.2012427067917844,3.2016390344558587,3.2409907515436216,3.1916510701466314,3.194707644982217,3.207789268903422,3.4143118714974263,0.7099609375,,,0.5028828599670975,0.5350363852406942,3.0004757871512795,0.4189376986040882,0.09749314535552145,0.0410321139353262,1.324053077571783,0.47590121914293476,0.994373781626952,0.8303067009830907,0.5807799341536786,0.4847511552070972,7.156612580046573,2.9812567035114546,0.4165737169877726,0.09931940053045274,0.041578366236995935,1.3164631095118917,0.4706600262751952,0.9913058256254095,0.8174084847838725,0.5830959335914576,0.4806972911402522
79,train,received,0.25114673376083374,86.9375,87.1875,1.150390625,3.939453125,3.939453125,169,11,4.51171875,11.484375,4.513066515769857,4.51315348836535,4.513744891421258,4.55067151322138,4.491514443247864,4.494427057851449,4.51372201099766,4.700586474812965,0.60693359375,,,3.177734375,0.4993634470618738,0.5292206295538526,7.162105003080282,2.973320254043929,0.4151461410807524,0.10501130656678903,0.02829294492288887,1.3162757765458046,0.31965874203361544,0.9943737633413594,0.3925444008297296,0.5816851968079098,0.22958381263182354,7.154952305691741,2.9580039109333027,0.41342049318487006,0.10567595967795462,0.028398527927703015,1.31053695217917,0.31736862353800477,0.9905270731911191,0.38903210823566536,0.583596453901162,0.22925128237643688,38,10,3.1796875,11.0390625,3.1753506619223364,3.1754414944535947,3.1758351177213653,3.215234522747379,3.1661678839112506,3.169227198683505,3.1822293555856502,3.3890902574039488,0.7119140625,,,0.5139198253633042,0.5353825217544774,2.991692423618822,0.4177113323990856,0.10260619899206436,0.043478835270780274,1.3192330488369848,0.4769302263943074,0.99437378272685,0.8416276060875507,0.5807686373982381,0.49134818725676527,7.154952305691741,2.97531117894089,0.41583941469100216,0.10283676771368899,0.04335935694122766,1.3141089097048022,0.47271149003069823,0.9905270928738812,0.8277248659699229,0.58285902226896,0.48725181614553204
80,train,received,0.24681462347507477,87.1875,87.5,1.146484375,3.94140625,3.94140625,168,11,4.53125,11.484375,4.527969942090875,4.528056869802569,4.528648359498824,4.565548827498843,4.498148442816741,4.501060551812681,4.520379691861944,4.707165100008679,0.60546875,,,3.138671875,0.4864815875391815,0.5311948793934844,7.162105003080282,2.9821167014914103,0.4163743341111112,0.08994815325735495,0.024201518522164366,1.327719654594901,0.3220421278571812,0.9943737632782792,0.3917617792190952,0.5815800240767084,0.22908475069868825,7.15731871103311,2.9615177900609737,0.413774754154199,0.08894367086736299,0.02382353702016476,1.320758314264511,0.3188966594809805,0.9914796493588591,0.387764913562654,0.5831956132271578,0.22799226817050403,41,10,3.201171875,11.0390625,3.200459100921207,3.2005498649911903,3.2009446979456078,3.240301463485783,3.197160116524012,3.2002161905134927,3.2132918159670303,3.419770272284574,0.7099609375,,,0.5027216172386155,0.5381281051415291,3.003087342097782,0.41930233371421005,0.08848335075824565,0.03737525384654246,1.3309502527897203,0.47986166443996336,0.9943737825174104,0.8363046292761523,0.5807728122670728,0.4882454140978487,7.15731871103311,2.9802460201867467,0.4163914086419897,0.08735865470230486,0.03657960723987862,1.3231502995178133,0.47316335315786623,0.9914796684205047,0.818287873598842,0.5823955690403197,0.48024523163318483
81,train,received,0.24644456803798676,87.1875,87.4375,1.142578125,3.939453125,3.939453125,169,11,4.50390625,11.484375,4.503792617308649,4.5038796246177055,4.504470387549433,4.541415920983696,4.489116284740315,4.49202944420005,4.511403666318956,4.698230314078405,0.60791015625,,,3.1484375,0.4890226356225847,0.5336418499632308,7.162105003080282,2.9837376749523568,0.4166006605137888,0.09465185564086731,0.025639117085480525,1.3250734194150553,0.3233559871887902,0.994373764170561,0.39564864566256225,0.5815993884933706,0.23136486635664913,7.156793113615608,2.965445327181561,0.41435392641710994,0.09527552451979648,0.025710898451828824,1.3194345837234982,0.320784925931967,0.9909446572747154,0.39186402501866696,0.5832931388831737,0.23057187111977373,38,10,3.169921875,11.0390625,3.170586980648378,3.170677830127467,3.171070794880735,3.2104798837886968,3.1541971946345035,3.1572578843454857,3.1702279392320882,3.3772477718077316,0.712890625,,,0.5034827450147547,0.5396843439896755,3.0035572601970366,0.41936794544414874,0.09321235627040991,0.039851833965194865,1.3291412386645725,0.4841773372747499,0.9943737831961226,0.8568122034424838,0.5807850904096847,0.5002234089052766,7.156793113615608,2.9845032404424434,0.41701683883588947,0.09346843658230597,0.03973113462173603,1.3234800599567746,0.47951823940188754,0.9909446760105851,0.8428740272919638,0.5824502348956688,0.49500997775871225
82,train,received,0.24613529443740845,86.875,87.0625,1.138671875,3.94140625,3.94140625,161,11,4.48046875,11.484375,4.477623315877686,4.477710427271416,4.478300168883315,4.515300409095793,4.422010409002348,4.424930995895138,4.4440641686005975,4.6318259207777,0.60986328125,,,3.12890625,0.49363915825417776,0.5339763476141249,7.162105003080282,2.9826787708268556,0.4164528123427489,0.09670832856452094,0.026344002485905717,1.3173717618223453,0.3231100035890596,0.9943737665038785,0.39893698655323495,0.5815931536752013,0.23328491334581963,7.156755988238007,2.968173742306192,0.4147373121543237,0.09656054422540095,0.026277152708592464,1.3130032783883063,0.3216295664034662,0.9915836292405782,0.39682411123224304,0.5838676848798432,0.23363997210626658,35,10,3.140625,11.0390625,3.1412550523571916,3.1413459914538677,3.1417372238610515,3.1811996785595635,3.1084180747951833,3.111484039224897,3.1243801411335714,3.33195947331474,0.71533203125,,,0.5079582661595957,0.5395288412541801,3.001215457119765,0.41904097410314434,0.09420271084610743,0.04079593793597357,1.3218660901729171,0.4868212327654562,0.9943737849258891,0.879433965967747,0.5807832095508427,0.5134229156231153,7.156755988238007,2.985732795222792,0.41719080546127146,0.09333623234251487,0.04021357833734266,1.316775717098535,0.48257170672021615,0.99158364820725,0.8659243124375448,0.58295275980021,0.5089854783958617
83,train,received,0.24834762513637543,87.0625,87.3125,1.134765625,3.9453125,3.9453125,171,11,4.5390625,11.5390625,4.534411621676392,4.534498546610154,4.535091420673098,4.571984309312945,4.531024175848595,4.533932529351479,4.553444520430625,4.739690093267658,0.6064453125,,,3.203125,0.4854777111332734,0.5254762501184659,7.162105003080282,2.9804011855501082,0.4161348073322432,0.0960775456905889,0.025749043355583128,1.3177023272699167,0.3184789513205574,0.9943737633341261,0.38951010885682735,0.5813516470347997,0.22767889205129102,7.155899548435363,2.9631447351783358,0.4140841714059873,0.09689931254454542,0.025903923820939496,1.312462461562192,0.31632447197604363,0.9905449791913599,0.38624323672977234,0.5832319484740589,0.22728388509546218,38,10,3.201171875,11.09375,3.1996976834675364,3.1997884472525415,3.2001845315584245,3.239540693573223,3.1869151724591194,3.1899724061473984,3.203054133422674,3.409633690910625,0.71142578125,,,0.5011630933935414,0.5317900607083262,2.9994177081191165,0.41878996563567905,0.09434289236067261,0.03973344388190425,1.3222415907808456,0.4755279459180423,0.994373783041131,0.8314352014495837,0.580752917089586,0.4853871412630953,7.155899548435363,2.980699311504457,0.4165373327740727,0.09468876080970912,0.039646319756028156,1.3165853703254538,0.47076067384708037,0.9905449992760564,0.8171600744517479,0.5824075642308726,0.47985654838148323
84,train,received,0.24843883514404297,86.9375,87.3125,1.130859375,3.93359375,3.93359375,182,11,4.59375,11.53125,4.594633941077971,4.594720680512594,4.595319829337832,4.632100342012834,4.5416351674071125,4.544542352353669,4.563851402971759,4.75019004816586,0.6015625,,,3.255859375,0.47953849130263315,0.5254052033346286,7.162105003080282,3.006068467402703,0.41971856962580856,0.11716108940002101,0.031100737115111295,1.3235384917439212,0.317142120588858,0.9943737616980037,0.38411704615962633,0.5813089384445798,0.22451062077518147,7.15673459989863,2.9845202541700866,0.4170226256835569,0.11505839060178591,0.030409990088838303,1.3184955197856718,0.31460265959158473,0.9912469304802523,0.38026483685891416,0.5801135862519562,0.22254614968933478,41,10,3.263671875,11.0859375,3.2644504710622235,3.264541053805009,3.2649418255960136,3.3041849719030347,3.250410311038043,3.2534604806231977,3.2666948889130434,3.472463092536727,0.70556640625,,,0.4955195067733594,0.5319271564702653,3.0249163204836704,0.4223501776618344,0.11372673729764671,0.04717551687804904,1.3280705625533722,0.4714659243860053,0.9943737813519933,0.8069297565412399,0.5807771304904961,0.4711064572407119,7.15673459989863,3.000245952093189,0.4192199543260533,0.11246262600767132,0.04627722593402368,1.322100277114897,0.4659206547310616,0.9912469504546015,0.7908783386618128,0.5793172263569053,0.4622212937919929
85,train,received,0.2502138018608093,87.0625,87.4375,1.126953125,3.939453125,3.939453125,180,11,4.52734375,11.5078125,4.526740895880314,4.526827830293872,4.527420238441704,4.564322749366879,4.4960750357915575,4.498987281538305,4.518403821237445,4.705107741872147,0.6064453125,,,3.17578125,0.49568472217847936,0.536468753153441,7.162105003080282,2.9831434721681065,0.41651769568934194,0.10135177993255162,0.027267801528952623,1.3196839228749848,0.3200720291402392,0.9943737633297474,0.3917200146108929,0.5817939308888986,0.22914458248430886,7.156848360381947,2.963983088166022,0.4141464145829464,0.10033708230380611,0.02689118928810536,1.314018890988585,0.3173975834518247,0.9912326937722789,0.38784701131267924,0.5841976068464874,0.22849929055802998,46,10,3.193359375,11.0546875,3.1943990891242082,3.1944898596807274,3.1948847709658685,3.234248255971605,3.1831171619782292,3.186174572624116,3.1992102916753122,3.4058604371762558,0.71142578125,,,0.5102035982346605,0.5430494970675481,3.001551167947574,0.4190878473097875,0.09726913794116676,0.04115913766830618,1.3242318449966586,0.47816108294269277,0.9943737825778136,0.8392594138589835,0.5812149755711875,0.49034275794098575,7.156848360381947,2.981234343876668,0.4165568688558277,0.09738975662142924,0.04095488278177666,1.3182756267014648,0.4730548114136447,0.9912327133701746,0.8243218161970961,0.5833521152109666,0.4847440508690355
86,train,received,0.24819260835647583,87.125,87.5,1.123046875,3.9375,3.9375,187,11,4.5859375,11.4921875,4.585938036964201,4.586024803104821,4.586620994785268,4.623419668593246,4.553755148518887,4.556660970160548,4.576213401977607,4.762182319826673,0.60107421875,,,3.2265625,0.48309789718714513,0.5237454658118004,7.162105003080282,2.97711366243594,0.4156757910077472,0.08860221015107683,0.023475575090850145,1.3177707592895214,0.3152252028233477,0.9943737607673206,0.3830691873093688,0.5818305201875544,0.22409917508102464,7.157311030468404,2.960797610145649,0.41367457660309087,0.08993821620238229,0.023739401013952537,1.3133062622066163,0.3129765776951244,0.991553699206273,0.37960951830529494,0.5828897753900915,0.22311759238308818,47,10,3.263671875,11.046875,3.262523056187298,3.2626136413068623,3.2630136286641784,3.302259818540804,3.266780102210042,3.269828417080271,3.283067432362464,3.488659091413927,0.70458984375,,,0.4967801239316995,0.5291038807354053,2.9999397803088317,0.41886285931560846,0.0882408332824216,0.03623877841325362,1.3216898033525197,0.46519297067478266,0.9943737819295091,0.7913452299722669,0.580995219125616,0.4621849240510107,7.157311030468404,2.9790719283202303,0.41622781455751096,0.08877037918748254,0.03622806281012889,1.3180766351356912,0.4611983809060709,0.9915537200775306,0.7784255982482596,0.5820498116920865,0.4567834458223985
87,train,received,0.24443581700325012,87.125,87.4375,1.119140625,3.93359375,3.93359375,171,9,4.5546875,11.4921875,4.551767786060866,4.551854666191179,4.552450162612406,4.589312631591761,4.522597821812505,4.525507107637226,4.544898595701288,4.731351718002553,0.60400390625,,,3.201171875,0.49030139851208726,0.5277703864426909,7.162105003080282,3.011151032398817,0.4204282164396891,0.10721780309207851,0.028897434161593072,1.3286361225451788,0.32276111905611293,0.9943737642536146,0.39274349919558,0.5815520314796894,0.22964764887695047,7.156623417398942,2.9893365075080673,0.4177020828342725,0.10795633642198155,0.028911304779776405,1.3249338734786837,0.31991908090495585,0.9914195884790562,0.3876181433726824,0.5815097747713498,0.2273856456673361,42,8,3.224609375,11.046875,3.22175937218989,3.2218500798492746,3.2222476729165157,3.261566993856782,3.218007168153826,3.221060879806865,3.234207956467749,3.440395908068817,0.7080078125,,,0.502964901471911,0.5330713383463637,3.030865960466063,0.4231808887418638,0.10406013858630647,0.04396902585175847,1.3331989840520402,0.48080455873805344,0.9943737826895909,0.8368411097396226,0.5807748937695978,0.4885602372325172,7.156623417398942,3.0075549672918926,0.42024776097342587,0.10499463787062435,0.04406458601892958,1.3297669348496672,0.4765921343856605,0.9914196077752431,0.8217906372231343,0.5806357414012675,0.48143032865203167
88,train,received,0.24429355561733246,86.9375,87.25,1.115234375,3.939453125,3.939453125,168,11,4.4921875,11.484375,4.491783559249546,4.491870605972056,4.49246085252541,4.529428838710749,4.47123583421197,4.4741506516981095,4.493413002407495,4.680517795461202,0.60888671875,,,3.09375,0.49640606092718587,0.5330598298577524,7.162105003080282,2.9958025572919675,0.4182852046993909,0.09741651411559005,0.026562215605016343,1.3243212153042965,0.32509326832701996,0.9943737654082927,0.39949736617574333,0.5815039883986186,0.23357672316096634,7.15712599269601,2.977021385093672,0.4159520718416557,0.09916332191599331,0.02693540289962855,1.3163100258213989,0.3219190917929576,0.9917595852424679,0.39586819175403304,0.5817399263140182,0.23220695880659975,44,10,3.15234375,11.0390625,3.1519557967159955,3.152046700326594,3.1524387359498647,3.1918804180076874,3.140166853090193,3.1432291005710975,3.156184440873345,3.3633642287346004,0.71435546875,,,0.5130223159317931,0.5406064387363649,3.0158578156050613,0.4210853951887049,0.09388909232356912,0.0406726413702496,1.3293622238258749,0.4897101362570252,0.9943737836783253,0.8799871944104666,0.580751458416132,0.5137176675706804,7.15712599269601,2.9945165524655866,0.4183965121644569,0.09596132128155688,0.041273509699256236,1.32081154237809,0.4833829386969509,0.9917596047488599,0.8633278274555181,0.5810094651806006,0.505774860395703
89,train,received,0.2440195381641388,87.1875,87.5,1.111328125,3.91015625,3.91015625,187,11,4.6015625,11.4609375,4.598795055684591,4.598881811501361,4.599483809891176,4.636263453214902,4.571620311722902,4.57452428271346,4.594185223610218,4.779868578436529,0.5986328125,,,3.263671875,0.4708295491882845,0.5264979245544543,7.162105003080282,3.004060495527037,0.41943820905097723,0.10911970805619298,0.028937600967905024,1.3216836898186717,0.31641609078801586,0.9943737629980554,0.3835667547222484,0.5813078702912362,0.22418863362956976,7.157028381671804,2.98595815692763,0.4172064155249504,0.10997414612485024,0.029095308788713914,1.3152508810463601,0.3141244529276014,0.9919407857857259,0.38098429971170994,0.5823419123538685,0.22368978140676912,48,10,3.28125,11.0234375,3.2809101695667096,3.2810007162783004,3.2814057457237964,3.3206203677327735,3.2787092394372364,3.2817563589737513,3.295145076131188,3.5004715924337955,0.7021484375,,,0.4850485075080372,0.5289334418311183,3.0244067126153213,0.42227902429726777,0.10582321998429745,0.04354758218538897,1.3270313640131848,0.4678839273194477,0.9943737822824819,0.7944584598376366,0.5807623204594927,0.4638164765443285,7.157028381671804,3.0043068025825486,0.41977013955626863,0.10622098900073595,0.043459137796516396,1.320027752771047,0.46293929830227604,0.9919408053512182,0.7822910580351741,0.5818153499851935,0.45894835338548706
90,train,received,0.2426982969045639,87.375,87.6875,1.107421875,3.857421875,3.857421875,163,11,4.5,11.234375,4.50277332049121,4.502860369082676,4.503451742475169,4.540410294592868,4.482976308563337,4.4858900685076755,4.505148840045345,4.692149839898342,0.59912109375,,,3.13671875,0.4564336667238155,0.5206845465106285,7.162105003080282,2.9999504405543425,0.41886434773912445,0.10463427256408586,0.028494699164455704,1.321577627369546,0.3240557219072551,0.9943737657885237,0.3987641867100769,0.5816487958172649,0.233206195434537,7.159385835571398,2.9791670272511226,0.41612047397266055,0.10412381008150096,0.02822865764406384,1.3197420085088822,0.32222086764002694,0.9925592030943147,0.3952511122317187,0.5823557763302656,0.2318117679016189,38,10,3.205078125,10.796875,3.2049668457084843,3.2050576127000308,3.2054545998590673,3.2448067383902446,3.2020906055269984,3.2051461762033147,3.218272445118928,3.4246517143759077,0.703125,,,0.47092471512292144,0.5217623709170199,3.02018028602844,0.4216889147435732,0.10139906445956814,0.04302636812538814,1.326455698266357,0.48010350813669483,0.9943737844687535,0.8439410644344373,0.5807371368329903,0.4926715021708252,7.159385835571398,2.9978128363305463,0.41872486064878883,0.10103968135212682,0.04253623440123975,1.3245090993884752,0.4760034260287496,0.9925592221740134,0.8285097366560323,0.5815666518188936,0.48504862086832407
91,train,received,0.23870475590229034,87.5,87.6875,1.103515625,3.853515625,3.853515625,146,10,4.4296875,11.1953125,4.425742533080927,4.425829825358007,4.426415634383658,4.463518053662631,4.411900582069402,4.414822446092448,4.4340599275383346,4.6218313383207805,0.6044921875,,,3.091796875,0.46165606355278627,0.5230308660404115,7.162105003080282,2.991742400018542,0.4177183102917162,0.0967543818232226,0.026769818416061235,1.3205416938644952,0.32845296986401673,0.9943737690812409,0.40821849771999347,0.5815418788597286,0.23869026644116928,7.1574365956855655,2.980260579060282,0.4163865846687003,0.09802122347062081,0.02713319525501101,1.3202296490471959,0.32835548523249114,0.9915888752117823,0.40703692379122736,0.5820098109148439,0.2388340780031235,27,9,3.12890625,10.7578125,3.1263910093044007,3.126482006228858,3.126873919477635,3.1663659004223366,3.135732944496253,3.1387958577908583,3.1517785560751794,3.358987476802246,0.708984375,,,0.4748800742640956,0.5236091346076487,3.011939002934177,0.4205382358452997,0.09398408577620199,0.04101136461954675,1.326280839505384,0.4916083202643237,0.994373787221237,0.8932272448164912,0.580767290231476,0.5214576618428745,7.1574365956855655,3.0004094656085574,0.41920168282275466,0.09475093178009075,0.04126386181019321,1.3251050460029035,0.4899885502394085,0.9915888932760701,0.8855514064728376,0.5812176980644201,0.5187101534737373
92,train,received,0.24447894096374512,86.9375,87.25,1.1005859375,3.853515625,3.853515625,147,11,4.41015625,11.1953125,4.407984970152629,4.408072323481947,4.408656162221852,4.445793941315933,4.406820450275598,4.409742982828301,4.428931229572803,4.616811064792509,0.60595703125,,,3.076171875,0.4649936467528589,0.5280170682731115,7.162105003080282,2.9745220520909257,0.41531394063779314,0.09607270335214046,0.026649555401402847,1.317259782143605,0.3283937536955018,0.9943737692845094,0.40977775384756004,0.5815923843000226,0.23962260283849268,7.156998092404266,2.954597197744347,0.41282632181781154,0.09686640689781711,0.02677754008627384,1.306013632713225,0.3245101713287387,0.99117833806703,0.4061224164870472,0.5817487993291852,0.23833747821416099,30,10,3.111328125,10.7578125,3.1122102823784554,3.112301322642161,3.1126917830318406,3.152210076135735,3.1007351778727705,3.103802057401465,3.1167030363244606,3.324361085724582,0.7109375,,,0.4830206021101021,0.5297396460652333,2.9953938932772917,0.4182281454947995,0.09408150373402435,0.04111192821252504,1.322209383444422,0.4906877416491528,0.994373787573096,0.8958313081060078,0.5807721174867808,0.5229815504295514,7.156998092404266,2.9737988085742746,0.41550923588066513,0.09554799423839366,0.04143030604624259,1.3109158715967233,0.48313489868667386,0.9911783564062793,0.877634705679567,0.5809028347348315,0.5142343358308737
93,train,received,0.24258750677108765,87.1875,87.5625,1.0966796875,3.853515625,3.853515625,153,10,4.40234375,11.1953125,4.401520414857574,4.401607797094083,4.402189819548063,4.439343488983985,4.396711902649884,4.399635494947185,4.418697820557618,4.6068044366721494,0.6064453125,,,3.07421875,0.4548185595418472,0.5286527058879369,7.162105003080282,2.9820182948457346,0.41636059420564575,0.08858684912899761,0.024663999234949472,1.3213240159376571,0.3305021955750044,0.9943737703817526,0.4120347898620583,0.5815174689270082,0.24091112239669532,7.156717963028991,2.9587768016575975,0.41342649199568743,0.088436509600605,0.024469473320545446,1.315464830397385,0.3270591269075987,0.9912728420034043,0.4065760648143536,0.5831629033908152,0.23914015887451345,32,10,3.1015625,10.7578125,3.1019117623160226,3.1020028335175254,3.1023923244732905,3.141929625007836,3.1078709295293447,3.1109369577206563,3.1238218302460137,3.331418386632235,0.71142578125,,,0.47048841386408113,0.5284862773327162,3.004504475368593,0.419500199183957,0.08765434899636126,0.038627448428796916,1.3255193054386876,0.49544615755813437,0.994373788254248,0.9115987585704147,0.580772118167932,0.5321822788652962,7.156717963028991,2.9793134102445458,0.416296048780381,0.08813010561651691,0.0384838074610252,1.3202673735106725,0.48935019143187636,0.991272860419059,0.8898323859294116,0.5823856938179928,0.522561662486744
94,train,received,0.24223028123378754,87.25,87.625,1.0927734375,3.853515625,3.853515625,165,11,4.42578125,11.1953125,4.422268066084012,4.422355371946512,4.42293906045491,4.46005031732378,4.407572472616402,4.410494786844434,4.429647622490515,4.617546618633132,0.6044921875,,,3.09765625,0.46494441392782676,0.5286325013379373,7.162105003080282,2.975518406510705,0.4154530553839957,0.08903044895844481,0.024574015573327983,1.3160864887805328,0.3266427054688007,0.9943737682597025,0.4067752962821719,0.5827707092795267,0.23834916538392456,7.1572197900032215,2.954398559635038,0.41278578083651507,0.09092592063703453,0.02502069365010507,1.3084367768556877,0.3237492892991991,0.9916832908611575,0.4035558350563795,0.5833756842978435,0.23739500094854488,34,10,3.126953125,10.7578125,3.1268350736651156,3.126926066223963,3.127317981110706,3.166808412473829,3.1167238191327096,3.1197889053537944,3.1327431697034984,3.3401811586469723,0.70947265625,,,0.4804932473079628,0.5297829946494708,2.995730547046838,0.4182751503585095,0.08656150888453151,0.03760744192391901,1.3194267554314258,0.48725214441209636,0.994373787347401,0.8852334790427544,0.5821340017887833,0.5180092187060469,7.1572197900032215,2.9726574910993246,0.4153369015230405,0.08853691542077335,0.03813043905201367,1.311419528410748,0.4804733941676535,0.9916833095973523,0.8658849455914955,0.5829088654834536,0.5089463343975479
95,train,received,0.24140504002571106,87.375,87.75,1.0888671875,3.853515625,3.853515625,166,11,4.45703125,11.1953125,4.454825983898518,4.454913163670795,4.455497683500557,4.492542610536582,4.4036124231628,4.406535084478413,4.425406694125517,4.613621993592162,0.60205078125,,,3.130859375,0.4618892666579863,0.5311970526217709,7.162105003080282,2.9865801613302256,0.41699753913769144,0.08762454790629981,0.02408423741061148,1.3274436428138543,0.328214943157629,0.9943737672741015,0.40424481868033857,0.582149091713803,0.2366140832537219,7.156652491682972,2.961944333690246,0.413872873823682,0.08827176631513822,0.02411037366072364,1.32051715933315,0.3245035977807682,0.9909833462716975,0.3987941323610821,0.5830683806392827,0.23457696781730478,30,10,3.16015625,10.7578125,3.1594424812651782,3.159533384429068,3.1599262791719904,3.199361496457646,3.148838937279749,3.1519004407807443,3.1648771389192145,3.3719588992697656,0.7060546875,,,0.4776132020141204,0.5328844817949387,3.006477350335158,0.41977565939652245,0.08517254182342704,0.036614099435855564,1.331926761328602,0.48745611280383067,0.9943737864832389,0.8663300894437435,0.5813780435949765,0.5062940818907714,7.156652491682972,2.9796556106742744,0.41634767290112934,0.08553296028102153,0.03643542098556883,1.3235816495485482,0.4803043552607075,0.9909833662627294,0.8460406112463702,0.5822310420963239,0.4967902108779471
96,train,received,0.23766861855983734,87.8125,88.0,1.0849609375,3.853515625,3.853515625,160,11,4.421875,11.1953125,4.4218476210292526,4.421934925549682,4.422518059607285,4.459629879331376,4.4007024627582085,4.403625584861848,4.422719147519611,4.6107515406382085,0.60498046875,,,3.0859375,0.46196576484858476,0.5195084573083893,7.162105003080282,2.990488738554876,0.4175432693696511,0.09092166503639554,0.025218012420668515,1.3268932386203733,0.3307635622658132,0.9943737697675257,0.4097126034223464,0.5815849974394931,0.2395814700825709,7.157961221642616,2.9740107150955266,0.41548293194204367,0.09031930718141723,0.024988695991602798,1.3217576998586678,0.3286456381758349,0.992264097652626,0.40708096086551726,0.5817809621081516,0.23867261829879413,32,10,3.123046875,10.7578125,3.1218151920698656,3.1219062005203577,3.12229707216042,3.1617974799833903,3.119970080307774,3.1230347214985907,3.1359464677148647,3.3433881875169886,0.7099609375,,,0.47554785955879975,0.5203062993663076,3.010195939214463,0.42029486274214584,0.08762634458606744,0.03835769681614913,1.3315061338222165,0.4948671212434974,0.9943737876896765,0.8990474751102017,0.580772117603364,0.5248582816207652,7.157961221642616,2.992268889652678,0.41803368263652163,0.08729620379167269,0.03796924779792291,1.3266312688837782,0.4901549220148814,0.9922641159293226,0.8841872463845578,0.5809012564006393,0.517602829380479
97,train,received,0.23912681639194489,87.5,87.75,1.0810546875,3.853515625,3.853515625,158,11,4.4296875,11.1953125,4.428141862313658,4.428229133706918,4.428812516851463,4.465908827438226,4.410331813609045,4.413253745523705,4.432190270185463,4.620272075865498,0.6044921875,,,3.09765625,0.4617793637056753,0.5223433813876779,7.162105003080282,2.9885841926393564,0.4172773495158231,0.09206660925187649,0.025493119356443095,1.3229534974403503,0.3292886251754301,0.9943737689414718,0.4087015044967757,0.5815480265192763,0.23897515446289588,7.155539736422821,2.9681055500329174,0.41479827649126094,0.09185194687451492,0.025326266690031653,1.3158813066670252,0.32614928043222996,0.9902478640041688,0.40414933432188227,0.5825447682130536,0.2376396275553512,32,10,3.12890625,10.7578125,3.130811425387597,3.1309024082423687,3.131293665151419,3.170778335386718,3.127413111371586,3.1304769136642845,3.1434092677027308,3.3507527276505424,0.708984375,,,0.4774375806255473,0.5225792964594822,3.008315754409614,0.4200323442780853,0.08890689012707398,0.03877399496329955,1.3275716663770156,0.49185124847573863,0.9943737874071754,0.8921918288236689,0.58077502135703,0.5208604007613176,7.155539736422821,2.9862377617135856,0.4173322868313017,0.08846936449618426,0.03830820330083689,1.32065093401933,0.48602262692009107,0.9902478827720484,0.8741078722830214,0.581772218708398,0.5130072300172598
98,train,received,0.23954886198043823,87.5625,87.9375,1.078125,3.853515625,3.853515625,165,11,4.42578125,11.1953125,4.423523551360169,4.4236108482108305,4.4241946644021635,4.461302118101285,4.3743408622413975,4.377266827698845,4.39611040667421,4.584660728280325,0.6044921875,,,3.095703125,0.4714547864814663,0.5218794049617832,7.162105003080282,2.987039090519989,0.4170616165548148,0.09561245726132128,0.026505155563137022,1.3202364025076854,0.32894919314496707,0.994373769260438,0.4093938004486064,0.5816428889541365,0.23941891664221926,7.157827282426543,2.9663715073878256,0.4144234542611385,0.09600300540831519,0.026493839068061204,1.3117810921466369,0.3253639716089884,0.9917353207174777,0.4052292721216179,0.5819602142383964,0.23775635546281915,29,10,3.126953125,10.7578125,3.126051431463273,3.1261424303430467,3.126533753562973,3.1660272343352975,3.130045951541882,3.133109503726671,3.146062241893045,3.353360580595102,0.70947265625,,,0.4865766399026829,0.5238324729700382,3.0067382652040657,0.4198120893104647,0.09210198892299903,0.040182791131092785,1.3252212765403284,0.4911398634858891,0.9943737875843119,0.8928936747617248,0.5807721174979976,0.5212673468261712,7.157827282426543,2.9841535364559335,0.4169077317334052,0.09296119229310396,0.04025134196647691,1.3160288870418109,0.48425167455003737,0.9917353399472493,0.8751139661339727,0.5811300121349241,0.5126243185501989
99,train,received,0.2392798811197281,87.375,87.75,1.07421875,3.853515625,3.853515625,152,11,4.40234375,11.1953125,4.398704669975912,4.39879204517976,4.3993737494569665,4.436527858181708,4.377983069707349,4.380908807577138,4.399942792757108,4.58827581175852,0.6064453125,,,3.076171875,0.4611445250158653,0.5269890280109742,7.162105003080282,2.9820330786899296,0.4163626583814975,0.09724350907426782,0.02706735086018628,1.3171333815620887,0.329379638349474,0.9943737704906876,0.41188075889149345,0.5816305963844437,0.24086793018555527,7.157170251934062,2.96133565145226,0.4137578885526758,0.09702286409830307,0.026868107238517,1.3107877534488974,0.32610453606483375,0.9915993234235945,0.4070564805651494,0.5851097116901105,0.2401716849950467,27,10,3.099609375,10.7578125,3.0990900853654613,3.0991811626013335,3.099570902408039,3.13911201650419,3.0902594855243084,3.093327501274839,3.106199745426188,3.313993357967466,0.7119140625,,,0.47637882213739746,0.5281241947930033,3.001803027185261,0.4191230128424875,0.09414265395127597,0.041480593655210105,1.321760849297073,0.4939795660542403,0.994373788214796,0.9113192395659062,0.5808726592038296,0.5321112744725288,7.157170251934062,2.978994071094653,0.41622512337046164,0.09364603043105824,0.04093184861579919,1.3151645665976908,0.4877653882292477,0.9915993422361806,0.8910872444341568,0.5843280115806833,0.5250085541187378
100,train,received,0.23838871717453003,87.4375,87.8125,1.0703125,3.853515625,3.853515625,171,11,4.44140625,11.1953125,4.436631052626257,4.436718299750743,4.437301966806197,4.474383307782953,4.380509281527557,4.383434587067546,4.402312913935661,4.590765831119063,0.60302734375,,,3.12109375,0.4663619335907521,0.526580494989492,7.162105003080282,2.981287616465237,0.41625857414587514,0.09253172708379331,0.025471637514012026,1.3202847334368837,0.32689080935639553,0.9943737676504831,0.4051535532504181,0.5814220092219786,0.23684969216855278,7.157031852924298,2.9622236987406643,0.4138899699783125,0.09080832643337455,0.024903795804281068,1.31578679170231,0.32463678050410427,0.9911950334905839,0.40147224922065305,0.58123730940539,0.23537747822361638,37,10,3.142578125,10.7578125,3.1438768982794842,3.1439678385079834,3.1443595435054865,3.1838200217949986,3.127898841632446,3.130962641918241,3.143892943106402,3.351236434474711,0.7080078125,,,0.48075838275762683,0.5264883285392132,3.000799680661971,0.41898292183253183,0.0899295067077528,0.038839101500162114,1.3253435883402451,0.48696894208759156,0.9943737868274294,0.8745476484192951,0.5807565787672688,0.5105480753845214,7.157031852924298,2.9799699330397296,0.4163695222094255,0.08760952528148369,0.0375747967789316,1.3199556807593789,0.4820271458450868,0.9911950532688083,0.8588177084662079,0.5807343548909829,0.5029647994221419
101,train,received,0.23960478603839874,87.5625,87.6875,1.06640625,3.853515625,3.853515625,183,11,4.5078125,11.1953125,4.501354265380641,4.501441301385486,4.502026962770848,4.538988261105227,4.485094187020924,4.488007643278765,4.507183478807174,4.6942413054792596,0.59716796875,,,3.189453125,0.46418930083652943,0.5277524143679646,7.162105003080282,2.97967360448036,0.4160332197306323,0.09457521780106326,0.02556221641181853,1.3197867276044999,0.3214299131268524,0.9943737648532416,0.3943763742617142,0.5812523474232956,0.2304834114657003,7.158101819530286,2.966283177693393,0.41439521991712047,0.0940550405774383,0.025353885444793712,1.3143630526925483,0.3192240231598336,0.9915176978815801,0.39147293806621764,0.5824101569621165,0.22987071810578774,36,10,3.220703125,10.7578125,3.220236186331962,3.2203269114175472,3.220723528087795,3.2600510874291557,3.216720379224603,3.2197744686501313,3.2328797973740824,3.439137073180309,0.70068359375,,,0.47728423493991823,0.5279387202969548,3.0027503795015495,0.41925528573095827,0.09394311143284817,0.0393260072725276,1.3245187368230136,0.47388692857134024,0.9943737859208532,0.8215203563129244,0.5806912924650094,0.47955041303519236,7.158101819530286,2.9884901539112643,0.4174975753708081,0.09352478847531476,0.03895599263031559,1.3195197825191398,0.46983749020398125,0.9915177183683817,0.8101439539144212,0.5816922864586767,0.4749542384246517
102,train,received,0.23614589869976044,87.5625,87.9375,1.0634765625,3.853515625,3.853515625,178,10,4.47265625,11.1953125,4.468424952537556,4.468512083772483,4.469095604879434,4.50611516771911,4.443778507018189,4.446696819781423,4.465868135633354,4.653374264418003,0.6005859375,,,3.1484375,0.46981230378746563,0.5320267630249843,7.162105003080282,2.9838737154865136,0.41661965500410947,0.09620505074909858,0.026306203189295357,1.3197826854988808,0.3248052156954358,0.9943737666210204,0.40116716716079787,0.5816491277099063,0.23461136173844596,7.157594051630957,2.9671837307536153,0.41455043543263,0.0960130106779502,0.026154039657650004,1.315865716321328,0.32258881757584656,0.991910484882502,0.39755336404614405,0.5831135353990273,0.2337106381468009,35,9,3.17578125,10.7578125,3.1746860982334977,3.174776953294417,3.175170368248412,3.2145780067403815,3.1768824897133014,3.1799409065362774,3.192951113510443,3.3997103756250344,0.70458984375,,,0.48515547153575167,0.5338769609442919,3.0034803260600986,0.4193572036109999,0.09222532343674583,0.03930989444605662,1.324776455529947,0.4813359636374482,0.9943737870261709,0.8515754075969112,0.5807721169398548,0.49715627052620903,7.157594051630957,2.983855706626062,0.4168797063792894,0.09266509205621443,0.03927951098503074,1.3205487583644313,0.47722476430949073,0.9919105053441974,0.8384001847543875,0.5822869395330041,0.49217664399011046
103,train,received,0.2338154911994934,87.8125,88.0625,1.0595703125,3.853515625,3.853515625,154,10,4.41796875,11.1953125,4.415122823218302,4.415210134936199,4.415792798386609,4.4529128637291535,4.392674420384809,4.3955985483255295,4.414564938633533,4.60281418626834,0.60498046875,,,3.0859375,0.4588983871017355,0.5243938080220442,7.162105003080282,2.986738066152051,0.4170195864019744,0.09377658058194704,0.026029543447756865,1.3205896489850204,0.3294162062165624,0.9943737695683801,0.4101735850894646,0.5816152619805122,0.23986345712149693,7.156460347492999,2.9708545081056386,0.4151290391969219,0.09473931518043166,0.02624615196741483,1.31582635185198,0.3275684676048312,0.991120375356294,0.40736876597388616,0.5817297646902357,0.23903844175210728,31,9,3.1171875,10.7578125,3.1162583128786494,3.1163493448044206,3.116739869843959,3.156252368477928,3.099751319342183,3.102818289564212,3.1157124299083794,3.3233864558439112,0.7099609375,,,0.4747640876236353,0.5260174358713925,3.0061094875151113,0.41972429700796654,0.08980051823565205,0.03931187012145293,1.3253536517724447,0.49260652609025973,0.9943737878538919,0.8991630787355738,0.5807571716005038,0.5249122308357047,7.156460347492999,2.9891651086295408,0.41768765052637846,0.09119430520905603,0.03974901166986476,1.3202134859937162,0.4886859523036353,0.9911203939086519,0.8868385843955641,0.5809008471776389,0.5194815985675956
104,train,received,0.2362276166677475,87.4375,87.75,1.0556640625,3.853515625,3.853515625,177,11,4.51953125,11.1953125,4.5136477960641095,4.513734801953869,4.514319344087352,4.551261896895165,4.4956074224093845,4.498519425730709,4.517633594501916,4.704626867937595,0.59619140625,,,3.19921875,0.46551925391191906,0.5281730734525263,7.162105003080282,2.9831916327319092,0.4165244200481418,0.09236849315985474,0.024900380197730436,1.3221360735635308,0.321241907916679,0.9943737653357143,0.3928624505030058,0.5816138560388966,0.2297416100213097,7.156096574637383,2.9694589856248568,0.4149551301681988,0.09463596031291299,0.025452784134810683,1.319881243848167,0.3199012411613298,0.990997395671994,0.3898099425077066,0.5826633807247417,0.22915797837689214,35,10,3.234375,10.7578125,3.234385083987867,3.234475778382471,3.234872274716827,3.2741789194166575,3.2335749093622,3.236627131298239,3.2497350403286815,3.455815375130597,0.69921875,,,0.4814035374899095,0.5297881396524959,3.0038475441940355,0.41940847598605985,0.09077813355153541,0.03777981256056915,1.3252811977769356,0.47179786312842165,0.9943737857869719,0.8121322753567897,0.5807374887873884,0.474110214695992,7.156096574637383,2.987898096084784,0.4175318296673754,0.0930250241071322,0.03858062968890997,1.323608831924445,0.4695332732349792,0.990997416633185,0.8022036049685404,0.5818215640696724,0.4708385031241212
105,train,received,0.23903359472751617,87.625,87.9375,1.052734375,3.853515625,3.853515625,207,11,4.54296875,11.1953125,4.537930614233861,4.538017507749065,4.538604636462699,4.575490139740372,4.508120794409072,4.51103148510116,4.530177550401799,4.717013680461177,0.59423828125,,,3.2109375,0.46402582543545273,0.5257500787613659,7.162105003080282,2.986332341205162,0.41696293756106595,0.09533111918379333,0.025597263519728738,1.3192648874267725,0.3193997271167515,0.9943737626995972,0.39058652767855495,0.5832940222709029,0.22907077157462882,7.157875557466459,2.9685475024242907,0.4147246593757509,0.09678756563153534,0.025938166975268205,1.315403453927022,0.3178084706051053,0.9923176799156401,0.3883912748368099,0.5835688625111679,0.22841595323032646,53,10,3.255859375,10.7578125,3.2547768314531402,3.254867451321283,3.255266259114159,3.2945309636130813,3.265001022743709,3.26804960654673,3.2812350320039387,3.486903122218168,0.697265625,,,0.4791317213249525,0.526304283123349,3.004045633554443,0.41943613396654494,0.09074703905847414,0.037427385771976365,1.3239387688038011,0.46769117860543596,0.9943737843356208,0.7979287861328979,0.5825859206345951,0.4673044368563199,7.157875557466459,2.985109386849603,0.417038458252575,0.09230081827660364,0.03785787804945416,1.3190365020090686,0.46353605123812547,0.9923177021607259,0.7865811671663063,0.5829028200314621,0.4620835705347867
106,train,received,0.23411406576633453,88.0,88.25,1.048828125,3.853515625,3.853515625,181,10,4.48828125,11.1875,4.4837839067936685,4.483870988750195,4.484455312658886,4.521446440142448,4.45680754174702,4.4597242966958435,4.47897319290518,4.666260162140967,0.59912109375,,,3.134765625,0.4614523289246098,0.5226085105574547,7.162105003080282,2.984611898696051,0.4167227229162973,0.09725907242318144,0.02647696215755691,1.3203221154732265,0.32364579852395386,0.9943737662824184,0.3985586224499586,0.5814728342277311,0.23301548722974333,7.156905783718957,2.968938638821588,0.41483550692752486,0.09844245559906284,0.026776139612698785,1.3157138996098592,0.32220573644767186,0.9915955667225553,0.3966091331463122,0.5818223173012349,0.23271744853697757,38,9,3.193359375,10.7578125,3.191511928680963,3.1916027314646835,3.191997287247865,3.231374064026641,3.1958227535402512,3.1988789712366867,3.211921293547391,3.418446564508074,0.703125,,,0.4752744477537092,0.522604478788886,3.0026529747487394,0.41924168571353765,0.09365419658859331,0.039610459589574834,1.3240824905640123,0.47791125955394115,0.9943737859937993,0.8384560942243298,0.5807374889942141,0.48947116297982707,7.156905783718957,2.986783436096429,0.4173288745662935,0.09464605214444077,0.039823694867417075,1.3197186351135723,0.4741073087242733,0.9915955870180628,0.8261156973556386,0.5810047534169627,0.4840694932493966
107,train,received,0.23362666368484497,87.625,87.9375,1.044921875,3.853515625,3.853515625,173,10,4.47265625,11.1875,4.473002902269771,4.473090025923085,4.473675254708234,4.510687290390481,4.442045326426404,4.444963725377537,4.464041454018758,4.65165293896644,0.6005859375,,,3.140625,0.4708048982912071,0.5294414271607334,7.162105003080282,2.985062744578225,0.41678567171165565,0.0989630251380138,0.027078591046459374,1.3228992636836026,0.3257698350267256,0.9943737673357109,0.40156648520185034,0.5815128082024357,0.23478980434617142,7.15776236154047,2.972002019255698,0.41521384325702504,0.09978763004562197,0.027218691768865846,1.3159796886741386,0.32309673171623543,0.9920703075555268,0.39854808622571003,0.5843616060747259,0.23465321278704257,35,9,3.17578125,10.7578125,3.174678369614184,3.17476922668998,3.17516314698119,3.214570952335831,3.1667375199667496,3.169797079522725,3.1828100263046752,3.3896727670970894,0.70458984375,,,0.4859044794503812,0.5305892170023514,3.0040312522800674,0.41943412599900337,0.09571237404390853,0.04083671813796473,1.3277633450416362,0.4828295009249401,0.994373786925661,0.8532761654362139,0.5807721168393449,0.49814875934816566,7.15776236154047,2.989690168142811,0.41768502740560104,0.09612867973290573,0.040812750017811,1.3202002115622964,0.4779461569332781,0.9920703274543099,0.8418600885491019,0.5836204858633369,0.4947883558211644
108,train,received,0.23474083840847015,87.875,88.0,1.0419921875,3.84765625,3.84765625,173,11,4.46484375,11.21875,4.462089728505182,4.462176881745538,4.462763471164653,4.499792051275469,4.3913225700337515,4.394246725528335,4.413332397036856,4.60146923045596,0.60205078125,,,3.150390625,0.44481225455118123,0.5213009080106183,7.162105003080282,2.981603860229092,0.41630272928793455,0.09968000877036332,0.02729455871909422,1.3128912746105037,0.3235163658854645,0.9943737655335205,0.40199653571982846,0.5831370312015336,0.23569769124116047,7.157174028230596,2.9711620615305296,0.41513061577253046,0.10160431813843385,0.027779708462181765,1.3093529656934493,0.3219964163794905,0.9915836928667989,0.399545993587561,0.584042042173194,0.23530654230385886,40,10,3.166015625,10.78125,3.1664414119312534,3.16653228502841,3.166929210603713,3.2063454846280366,3.141599565532172,3.1446619115075527,3.1577526162734615,3.364797747110887,0.70654296875,,,0.46064350581139313,0.5222131352595846,2.9998577116264027,0.41885140057793374,0.09557906740110678,0.04090546004965026,1.3168003481842634,0.48009949554387676,0.9943737860360962,0.8585790258576435,0.5824134748434018,0.5026598656486635,7.157174028230596,2.9882495986415756,0.4175180856095983,0.09718234152676519,0.04148843993169793,1.312858878186871,0.47718576511187966,0.9915837133528056,0.8499260986431698,0.5832179731468212,0.49978315579961696
109,train,received,0.2340337634086609,87.9375,88.1875,1.0380859375,3.853515625,3.853515625,156,10,4.4140625,11.1953125,4.411880209891415,4.41196752510883,4.412550247127004,4.449673876403628,4.380566482803249,4.38349194575698,4.402585220861909,4.590832491493259,0.60546875,,,3.07421875,0.4586411008546924,0.5206183934203692,7.162105003080282,2.9884206951922128,0.4172545213881884,0.0923909297581158,0.02568040084847713,1.3197829779252341,0.3296241609260415,0.9943737693495418,0.4110172926376987,0.5816837497335774,0.24038504581214437,7.157964793022998,2.9707815049594757,0.41503158940585344,0.09311654242707945,0.025808695508320635,1.3143873110557642,0.3273033720670198,0.9916463435133105,0.40787651476948017,0.5835114184703505,0.2399173971815037,27,9,3.11328125,10.7578125,3.113166802844127,3.1132578326226166,3.113647787070955,3.153162566256579,3.098656965011492,3.1017239979786466,3.114599416471805,3.3222998964222166,0.71044921875,,,0.47202178429690705,0.5203082905324588,3.008092970214198,0.42000123831198727,0.08830734517386585,0.038762598969155425,1.3247651885476222,0.4935162650211077,0.994373787566543,0.9041930522301654,0.5807633145862381,0.5278528685865608,7.157964793022998,2.9884651814394045,0.4175020788524019,0.08924269627759784,0.03895857212338418,1.3186390932126955,0.4886449724828294,0.9916463620585851,0.8901698028176351,0.5825539174233176,0.5225214591296965
110,train,received,0.23408977687358856,87.6875,88.0,1.0341796875,3.853515625,3.853515625,171,11,4.4140625,11.1875,4.412545217214781,4.41263255776453,4.4132150283998826,4.4503461691803325,4.395171670134753,4.398095320245162,4.417185891800691,4.605273363188596,0.60546875,,,3.07421875,0.46697044037550806,0.531046992501094,7.162105003080282,2.985484471722173,0.41684455483941857,0.0925646724776108,0.025718190678512096,1.3200121971165295,0.3295604794213375,0.9943737700876163,0.4107678386837126,0.5814287626479162,0.24013387038484038,7.157439465314594,2.9667998226821535,0.4145057512619497,0.09167569113104967,0.025360545742722035,1.31928999085238,0.3279761697352261,0.9918697566284917,0.4067338551930833,0.581752095283087,0.23853666927391187,33,10,3.115234375,10.7578125,3.115113096755182,3.115204132662442,3.1155945494060564,3.155109292151435,3.1239418439192965,3.1270060016255337,3.1399167486797235,3.3473158428286807,0.71044921875,,,0.48182651272466037,0.5318075016221049,3.0063361278348917,0.4197559413806311,0.08854902286333033,0.03883209965202425,1.3245385251108397,0.49303761669378315,0.9943737885786028,0.9024318477405849,0.5807480205100939,0.5268112997398765,7.157439465314594,2.986120891572447,0.41720518993466565,0.08768007027302449,0.03814120728272007,1.324015622779605,0.48920723316273934,0.9918697756509616,0.8835825745052842,0.5810843760911846,0.5175449732911183
111,train,received,0.23587672412395477,87.4375,87.8125,1.03125,3.853515625,3.853515625,173,10,4.44921875,11.1953125,4.446960878995952,4.447048102350496,4.447632233917137,4.4846974944690805,4.441076792183198,4.443995388542745,4.463199906756985,4.65070010785989,0.6025390625,,,3.109375,0.46848920167777963,0.5342653690803304,7.162105003080282,2.985593655908504,0.41685979954558866,0.09089371534991209,0.025019189231045135,1.3201802470629769,0.32684678328519373,0.9943737681873319,0.40511651994885844,0.5815011252366107,0.23686027304650814,7.157140828848876,2.966403581715179,0.41446768376531756,0.08936547437316289,0.024524916426805463,1.315605504008797,0.3247705298217207,0.9912166781500176,0.40179602085063953,0.5821477300473763,0.23593271712811745,33,9,3.15234375,10.7578125,3.1513462146884494,3.1514371434272164,3.1518296370388903,3.1912800475260337,3.161299504507836,3.1643596861459247,3.177347919601858,3.384292640509654,0.70703125,,,0.4817290917045141,0.5352539573514111,3.006403084112209,0.41976529006754487,0.08803254102844349,0.03801323173694497,1.3246109378416637,0.48662785474653036,0.9943737883372341,0.8742385014036143,0.5807367300510053,0.5103502355636617,7.157140828848876,2.9877392690896634,0.41744871877422574,0.08607092887282253,0.036882386784277015,1.3206805873863967,0.48188204247619887,0.9912166980270474,0.8568907442206287,0.5814340240553078,0.5024377672408937
112,train,received,0.23153632879257202,88.0,88.25,1.02734375,3.853515625,3.853515625,166,10,4.4296875,11.1953125,4.433641816287587,4.43372908670666,4.434313363044865,4.471404087359901,4.399873428833319,4.402796648131289,4.421821714140161,4.609931131462977,0.60400390625,,,3.107421875,0.4665729147513203,0.5286011420116237,7.162105003080282,2.987155426778757,0.41707785986020024,0.09018706973735213,0.02493978788943557,1.3204692070249493,0.32828112048378083,0.9943737696393953,0.40790303681132545,0.5814961153051792,0.23848708156076034,7.157282021230338,2.9671386230130254,0.414562205906059,0.09106352536793416,0.0250769316875404,1.3128713795052667,0.3250740241240451,0.9916037655540535,0.4039407245521263,0.5825379878641295,0.237321876007188,36,9,3.130859375,10.7578125,3.129718078922612,3.1298090718604064,3.130200872168826,3.169689321966948,3.1267180563960957,3.129782075786058,3.1427328255192415,3.3500734140202058,0.708984375,,,0.48273499127079467,0.5294396572236104,3.0069429961542604,0.41984067461466046,0.0865496110822006,0.037700655356182465,1.3256087601943216,0.49062337234481174,0.9943737882116821,0.8899924682512166,0.5807721181253696,0.5195743947044534,7.157282021230338,2.984858389767874,0.4170379734812764,0.08747214432214179,0.037788979770065935,1.3174268633848394,0.4839796509638123,0.9916037846318266,0.8711947773576475,0.5817542280533932,0.5111990911264161
113,train,received,0.23226015269756317,87.75,88.125,1.0244140625,3.853515625,3.853515625,176,10,4.45703125,11.1953125,4.4507113463868695,4.450798545504436,4.4513824088261575,4.488437237690466,4.4515182276575604,4.454435480529368,4.473602551828219,4.661021215317489,0.60205078125,,,3.1171875,0.4659547668941983,0.5348983128009389,7.162105003080282,2.986956973457379,0.41705015106211746,0.09086746397285772,0.024976572672004326,1.3202904843323324,0.32645801660756646,0.9943737678349063,0.4042686739344255,0.5817328236809756,0.23645884149590152,7.158235687339729,2.967370156043322,0.41453932025338347,0.09147537159805097,0.025033834983905483,1.3179761184206695,0.32448929807055477,0.9918572649259314,0.4003902881722107,0.5834454132118223,0.2354401926487874,37,9,3.16015625,10.7578125,3.157209252686229,3.1573001610267446,3.157693196191388,3.197131952299823,3.1510983952202727,3.1541596378220187,3.1671380343271665,3.3741941772514,0.70654296875,,,0.48242880209735794,0.5355130196529192,3.0072499082483546,0.41988352683393987,0.08759164637486538,0.037671422662314526,1.3251869205776599,0.4851802089816779,0.9943737872410416,0.8671415856318117,0.5809031741330282,0.506354194788324,7.158235687339729,2.9843356699331087,0.41690938944791867,0.08819694736500683,0.03763596677558094,1.3224792138465613,0.48071867485799846,0.9918572846043121,0.8502276406527168,0.5826336854579912,0.4990622361208288
114,train,received,0.23310256004333496,87.875,88.25,1.0205078125,3.853515625,3.853515625,178,10,4.4609375,11.1953125,4.4586416331898615,4.458728803901528,4.459312863742685,4.496352357466041,4.4426988277938895,4.445617284341445,4.46481726475836,4.652307636537175,0.6015625,,,3.119140625,0.460802389902024,0.5208493571819188,7.162105003080282,2.9878319760552072,0.4171723222111654,0.09114075479817174,0.025008026302109212,1.3203196624338833,0.325953259580738,0.9943737675814877,0.4032273084811387,0.581630101080056,0.23580821875941974,7.156144173796452,2.967048948085078,0.41461559130536774,0.09354255002281686,0.0255840305288969,1.3128828829368295,0.32307937474992343,0.9907663440066443,0.39957926860220555,0.5829303770573571,0.23508319851554096,39,9,3.1640625,10.7578125,3.161181499213237,3.161272398281972,3.1616656728478523,3.201098031709902,3.1585860105963124,3.1616464564962916,3.1746411133976107,3.3816054786374217,0.7060546875,,,0.4726267459572908,0.5207143080752715,3.0069126948536073,0.41983644383325747,0.08761788579627527,0.03761336851579185,1.3252443717315003,0.4844409972201145,0.994373787275399,0.8639123681514608,0.5807721171890865,0.5043555496818982,7.156144173796452,2.9841890114426866,0.4170107447485264,0.08925096896181017,0.03806122976784102,1.316575379371434,0.4783547967849364,0.9907663639845445,0.8481365061464042,0.5820790854699576,0.49821823365183093
115,train,received,0.22922001779079437,88.1875,88.3125,1.017578125,3.853515625,3.853515625,175,11,4.46875,11.1953125,4.469625301128703,4.469712435668271,4.470297805311637,4.507315741044204,4.463583761316935,4.466499785558586,4.485811860282646,4.672966949299383,0.6005859375,,,3.130859375,0.46301255373720185,0.5313235658006602,7.162105003080282,2.9888826212810553,0.4173190172436169,0.09257109456334689,0.025405401517896997,1.3204428852404977,0.3260403235484206,0.9943737675375246,0.40334240862119014,0.5816288781401804,0.23587501995694285,7.1571119156376355,2.9761903684276767,0.41583677934740304,0.09249260277693505,0.025270616774066338,1.318090604159928,0.32395368662180707,0.9913940768490157,0.39904663267769586,0.5835629707693233,0.2348163418491838,39,10,3.171875,10.7578125,3.172331120606184,3.172421987512733,3.172815592010897,3.2122285681535545,3.1649885195479186,3.168048250542533,3.1810516563623286,3.3879406678355166,0.705078125,,,0.47718340880289006,0.5306421911828838,3.007298557741296,0.41989031945886235,0.08849398799668151,0.03787756509768777,1.3251343592714804,0.48318523066153873,0.994373786864565,0.8587776614062581,0.5807721167782507,0.501359183245347,7.1571119156376355,2.993812980803382,0.4182990312422214,0.08824564161718929,0.03765736943667896,1.3229295657878248,0.48070509301223635,0.9913940971300708,0.8490109396772777,0.5827708175367246,0.49873963090275414
116,train,received,0.23308052122592926,87.6875,88.0625,1.013671875,3.853515625,3.853515625,178,11,4.47265625,11.1953125,4.468779890114725,4.468867029302643,4.469451091884134,4.506472463763361,4.462869162785633,4.465785160416621,4.48492162770762,4.672253487632386,0.6005859375,,,3.1484375,0.4658782990403158,0.5281062299809258,7.162105003080282,2.9805852202651852,0.4161605029503607,0.098728178425457,0.02696765411558849,1.3140284161535494,0.32308207207687745,0.9943737666888044,0.40054326835602183,0.581553680076655,0.23420812616111808,7.157896430599747,2.965283196050459,0.41426740730334977,0.0988390600225939,0.02691165061447463,1.306796999601211,0.32027775162739264,0.992045868915481,0.39744092440656215,0.5828766806245191,0.2334915807058136,40,10,3.177734375,10.7578125,3.1776651210331828,3.1777559676993143,3.1781498482687347,3.217551941329758,3.16660377480177,3.1696633477447773,3.1826746052026302,3.38954029403124,0.70458984375,,,0.4807023779875504,0.529123997259106,2.999696526833712,0.4188288953517996,0.0949531511466466,0.04038668336885455,1.3178759053134383,0.477962055951968,0.9943737865970732,0.847951171048424,0.5807721165107607,0.4950413167015827,7.157896430599747,2.981777044497842,0.41657169440882846,0.09480262578702625,0.04013103141260011,1.3103294101446146,0.4730768429946656,0.9920458888089785,0.8366843206221493,0.5821160900928648,0.4908423608769553
117,train,received,0.23673731088638306,88.0625,88.375,1.0107421875,3.8515625,3.8515625,173,11,4.4921875,11.1875,4.489446447586877,4.489533526077161,4.490117443112577,4.527102913988299,4.470755027906421,4.473670162097379,4.492733762046571,4.680057308311311,0.5986328125,,,3.1640625,0.466176433810078,0.5269063060043172,7.162105003080282,2.9794397282969056,0.41600056505950506,0.09707229774355497,0.026369106796443078,1.3119216975285397,0.32096181160841547,0.9943737659353911,0.3972939793382307,0.5812255369231716,0.2321774815593474,7.157086070948012,2.9672754515044204,0.4145926739024645,0.09906669989641514,0.02683479832244353,1.3110634850174554,0.3197670474189134,0.9914562278694463,0.39408217223338715,0.5838515515654397,0.2320287783877793,40,10,3.19921875,10.7578125,3.197511725679407,3.197602517483715,3.197997029306415,3.237365564292213,3.1913465457676176,3.1944033189626535,3.2074238082332593,3.4140206968834104,0.70263671875,,,0.4800025050726238,0.5283817653187081,2.998449402968198,0.41865476723374245,0.09331341135678439,0.03935414506130524,1.3164681553263113,0.47400985673970875,0.9943737862534796,0.8337180609172193,0.580761536417099,0.48672652424178015,7.157086070948012,2.9833670106602037,0.4168410133797697,0.0955870567595909,0.040097040994824355,1.315243215260625,0.47103751808052413,0.9914562479925815,0.820721853347095,0.583132971771751,0.4825433108681401
118,train,received,0.23105388879776,88.0,88.1875,1.0068359375,3.853515625,3.853515625,204,11,4.51953125,11.1953125,4.51886108988885,4.518948052823508,4.519534165202159,4.5564577701422975,4.51515786880741,4.5180678144922215,4.537357105395442,4.723979352946184,0.59619140625,,,3.19140625,0.45976631609874014,0.5281370224466471,7.162105003080282,2.983150421719447,0.41651866601180126,0.092260555821289,0.024924430152668445,1.3179882650218904,0.3208507491537476,0.9943737640513657,0.394094036258719,0.5815804468201184,0.2304484468221221,7.1574228907929385,2.971129192834698,0.4151115894879784,0.09255716200600972,0.02490607819082624,1.3154511070850052,0.3189800743108166,0.9922226647220036,0.39061777861393887,0.5805223655242191,0.22857141148586466,47,10,3.228515625,10.7578125,3.2284268041681936,3.2285175039547385,3.22891344032971,3.268227053920705,3.230822837181699,3.233875269829243,3.2469748764681623,3.453086379497259,0.69970703125,,,0.47387468965735385,0.5292017663676795,3.0009847275966006,0.419008758780545,0.0882513569202521,0.036757830340840875,1.321367375067834,0.47072885788988694,0.9943737851133063,0.813417949652161,0.5807721150269947,0.47488877762905757,7.1574228907929385,2.9866898802545845,0.4172856523674966,0.08850325324322661,0.036720900353218316,1.3189912775223416,0.46808576375555705,0.992222686575813,0.8040381566108796,0.5796639163923558,0.469858916012361
119,train,received,0.22947059571743011,88.0625,88.375,1.0029296875,3.853515625,3.853515625,188,10,4.5234375,11.1953125,4.515583474726449,4.515670460251166,4.516255510561294,4.553189744647271,4.485525531322665,4.488438719305691,4.507417869468863,4.694654489450727,0.595703125,,,3.1875,0.45700424004648227,0.519555213102321,7.162105003080282,2.9871213625136264,0.41707310367956396,0.08894983178429072,0.024045428739165854,1.3227816134635066,0.32220358472691807,0.9943737647312609,0.39446464769133227,0.5816278032984963,0.2306839029020623,7.158357921863335,2.974169364950524,0.4154820696890135,0.08932228664472852,0.024037786938620548,1.3200924402127558,0.320210074774869,0.9921112419140297,0.39088258992896435,0.5815779401330436,0.22907672738515317,42,9,3.232421875,10.7578125,3.230295016307328,3.2303857190499556,3.230782102612245,3.2700947325288965,3.218651607777001,3.2217053446485444,3.234778014270156,3.441039689183883,0.69970703125,,,0.47212700182356987,0.519332393550234,3.0053819673772657,0.4196227179138967,0.08483535958969135,0.03533870162298177,1.3267244455205498,0.4726793613632764,0.9943737854844246,0.8135842663684353,0.580772115398112,0.4749858368163901,7.158357921863335,2.9899504791004374,0.41768664150872015,0.08502830944888817,0.03524515558099356,1.3235242285267281,0.46947580322418936,0.9921112636552092,0.8035229573216037,0.5806493077154986,0.4700236882976221
120,train,received,0.2304299920797348,88.125,88.4375,1.0,3.853515625,3.853515625,178,10,4.46875,11.1953125,4.4661467214208255,4.4662338805422825,4.466818176137966,4.503847548161196,4.478842948837639,4.481757180718851,4.5010795046854355,4.688060712885277,0.6005859375,,,3.09765625,0.4585941531628977,0.5212606937025156,7.162105003080282,2.990256575935355,0.41751085395275606,0.0882041845452104,0.024194455401952343,1.3262993442661468,0.32733444476284795,0.9943737681834453,0.4030350845002659,0.5817084682678955,0.2357275854159495,7.157283073568342,2.9741602594010628,0.415543192693406,0.0876960790843766,0.023958257439588647,1.3205208624343205,0.324577356818575,0.9919225360964905,0.3992202802405318,0.5826608745328512,0.23450050967405306,36,9,3.171875,10.7578125,3.1722060900363203,3.1722969643203722,3.1726912057291035,3.2121059578121627,3.1606685158965813,3.1637287911944236,3.176746148428984,3.383669940428617,0.705078125,,,0.47308737088647357,0.5221240159145178,3.0092661205067386,0.42016503796195553,0.08427830139496262,0.03609657652605409,1.331313486208841,0.485706875295185,0.9943737875040926,0.8599037339110558,0.58077211741778,0.5020163062031439,7.157283073568342,2.9912722215123453,0.4179340387638201,0.08329608942650246,0.035461020046226456,1.3248081377947782,0.4805234956540296,0.9919225558702234,0.8454645032595385,0.5818454699217481,0.4959188891134276
1,test,,0.9155828356742859,40.03125,39.8125,1.5,3.615234375,3.615234375,35,9,2.68359375,9.703125,2.6878112274582806,2.6881797675360186,2.6886134960683212,2.768081754033148,2.486186595796711,2.542697180346068,2.6058728025260227,3.410022005020056,0.72314453125,6.70703125,1.970703125,1.595703125,0.5292125751135611,0.5292125751135611,5.50434055893928,1.0433997853313928,0.1895594529733208,0.011359735386673897,0.005024956250163903,0.016731948715195344,0.006484529012098203,0.9349586313470217,0.3659653534836085,0.017039868408795122,0.006642166208424022,4.984880766692113,1.0374605282715632,0.20812143295455499,0.00996054691526993,0.004311764362412273,0.014223259732839999,0.006142714143562508,0.6942365318578121,0.29661434253912033,0.013427187537032204,0.005530121863336922,14,8,1.5068359375,9.3046875,1.494886146617867,1.4952690383686142,1.4953563713943832,1.579295887185414,1.480886268328355,1.539725365876845,1.5550434095964802,2.450973430849923,0.837890625,7.015625,1.7587890625,0.5497535426698564,0.5497535426698564,1.014296851272814,0.18427218309113405,0.00491166971697421,0.004341705687042059,0.006545523850113533,0.00451135293541261,0.9345441716148537,0.6556425803473981,0.006716963572792167,0.0046774817647901494,4.984880766692113,1.0120400992650262,0.20302192702927976,0.0038605774502258328,0.0033475126471576846,0.005372651810607643,0.004636994288643012,0.6942366078336901,0.5864884943137411,0.004976748167243805,0.00391502864003174
2,test,,0.9014191627502441,37.03125,37.03125,1.4951171875,3.615234375,3.615234375,43,11,3.00390625,9.6953125,2.9838573938697355,2.9842220531203636,2.9847024054562517,3.06304708635118,2.8370273923363687,2.8927223130061064,2.9683399805173227,3.7446756437696824,0.68994140625,1.48046875,1.66015625,1.931640625,0.5285798568449598,0.5285798568449598,5.50434055893928,1.0779141700376553,0.19582984709895493,0.018668561857701604,0.007317173939845387,0.03438541418473395,0.011976979005075428,0.9348105913461682,0.3285287818347212,0.027617394217943847,0.009669686021072429,5.102651361758233,1.059542449038593,0.20764547172070635,0.01220662069931322,0.004901578188595023,0.022176474488917464,0.00808954151355072,0.8128046633410806,0.29483802518486923,0.0208183312381669,0.007456903101533335,22,10,1.86328125,9.296875,1.8444119533716972,1.844790587608671,1.8449611814392641,1.927600491378112,1.7864452379762312,1.8445740849203833,1.8700221702625563,2.742436864023891,0.7998046875,1.26953125,1.4599609375,0.5407039248703787,0.5407039248703787,1.0407923922810012,0.18908575534824254,0.008580734183924577,0.005871892847026439,0.0210420493413066,0.011815088469649303,0.9349542908683386,0.5326059446616414,0.014234837152383939,0.008060185682854598,5.102651361758233,1.0245849805319818,0.200794627712707,0.004951987766936838,0.0035885030119584462,0.010119485595168953,0.0062045044017945,0.8129398759145934,0.49376876005373715,0.009167047044145171,0.005451921201459055
3,test,,0.6871362328529358,56.03125,56.03125,1.490234375,3.615234375,3.615234375,49,9,3.462890625,9.6953125,3.450397966702856,3.4507573383774046,3.451406791268716,3.5280234282164344,3.2077929979948094,3.2626313158363116,3.3580141125298617,4.098415054160714,0.64306640625,3.212890625,2.29296875,2.390625,0.5202598299228021,0.5490921028485685,5.50434055893928,1.7865121513091573,0.3245642474660814,0.015365658205992894,0.006618122318790448,0.2530965652202326,0.09581986569838642,0.9351022590480929,0.3574734354718584,0.3381152168967274,0.1287322492540062,5.279351353887262,1.6923763762862256,0.32056521016357525,0.02303663097399422,0.00972998336430019,0.26919776246580174,0.1017845926082069,0.8451285194815776,0.32269485043598234,0.25182208597925726,0.09408507539145501,19,8,2.3125,9.296875,2.3101874938167772,2.310560830971854,2.3110430186536783,2.391811768096684,2.202602019750661,2.259773797670584,2.3316698352557013,3.139550649462332,0.7509765625,3.169921875,2.119140625,0.5345626040758871,0.5628141188502533,1.788706799718231,0.32496295978876094,0.007846879105807503,0.0067832260425212875,0.24831793621009535,0.1681880562356604,0.934960505422942,0.6443930523259785,0.3568862551183125,0.24418320726506235,5.279351353887262,1.6883184851393764,0.31979657574717835,0.014917385789038562,0.012301123240546982,0.26464044666849684,0.17762630654720926,0.8449834260228766,0.5771492173882705,0.26047680953851504,0.17118288576857482
4,test,,0.6655087471008301,55.3125,55.09375,1.484375,3.6171875,3.6171875,53,9,3.44921875,9.6953125,3.4369902378355435,3.43734967589277,3.4379930758594153,3.5146466527586835,3.0914816554666826,3.146589095352627,3.239041626523546,3.987451085229967,0.64404296875,1.76953125,1.8369140625,2.37109375,0.519766205320741,0.5469934984650209,5.50434055893928,1.8019865028195077,0.3273755472656949,0.013357339483153652,0.005873118198574522,0.2505949870822066,0.0966077808485922,0.9349586521777296,0.36401976374715106,0.36038399547250943,0.13973446973915932,5.264754659195847,1.7092351850907885,0.32465618926900985,0.024979518812928703,0.010777268576441564,0.25257665794399653,0.0982954365876971,0.8386530417594438,0.32710231719131305,0.26767158618797016,0.10220398722284901,23,9,2.29296875,9.296875,2.297798813720146,2.298172279992861,2.298643298087782,2.3794626635629137,2.213030787177728,2.2701773740862743,2.340829136343186,3.1494841350806557,0.75341796875,1.5830078125,1.6494140625,0.535287528833579,0.5614603324490983,1.803814465153382,0.3277076419670131,0.005302196922395197,0.0046716577931082675,0.24481203055478407,0.16830253074391072,0.9349624397784044,0.654240208035796,0.3749111390045865,0.2604063189968471,5.264754659195847,1.700032346154916,0.32290818019136025,0.018424778365393024,0.015626943790390025,0.24816161176095441,0.17344149220761712,0.8387967217745009,0.5885762782362057,0.2749079618449288,0.1857190174012928
5,test,,0.6376601457595825,54.875,54.15625,1.4794921875,3.615234375,3.615234375,42,8,3.4140625,9.6953125,3.399734173321881,3.4000941174835493,3.400729691350076,3.477529093553572,3.1024929121101237,3.1575745221036318,3.249933021122075,3.997950744612,0.64794921875,1.767578125,1.8408203125,2.32421875,0.5255968620815,0.5523171315135251,5.50434055893928,1.8029472244867937,0.32755008618766,0.01456483230528427,0.006475843242927096,0.25255121442970907,0.09831769532613378,0.9351022689128206,0.36768551638816405,0.356616469372077,0.13963894189974121,5.280870011329244,1.779778798351642,0.33702378481830025,0.015079677018917437,0.006685229509211827,0.25067089317117563,0.10288327041683483,0.8156255943238602,0.3348929207488405,0.3320679691248669,0.13488893915964006,13,7,2.244140625,9.296875,2.235763570714772,2.2361377456131595,2.2365885007343262,2.3176367598513123,2.253011434031553,2.3100645088573923,2.380174662422505,3.1876115220760104,0.75830078125,1.580078125,1.654296875,0.5428588105462645,0.5700949818864534,1.7930388195738223,0.32574997865309263,0.007428958254703133,0.006812978934452679,0.2470175417498952,0.17518520866899087,0.9349531123214581,0.675289093809481,0.36285765853108387,0.26008366363689117,5.280870011329244,1.7700665225850045,0.335184641694951,0.008890488572707689,0.00811254434450651,0.24580345968558337,0.19253297308638245,0.8156256731878626,0.6393529068566822,0.33853370976033403,0.2600082940275121
6,test,,0.6311447024345398,53.46875,53.9375,1.474609375,2.99609375,2.99609375,43,9,3.296875,8.2109375,3.2786204499942952,3.278981701058006,3.2795819652695766,3.3568104786112674,3.129617079252418,3.184634218898417,3.2763455837072786,4.023802514273144,0.5986328125,2.208984375,1.576171875,2.359375,0.44334149106047327,0.5493675302525166,5.50434055893928,1.8326239824018824,0.3329416054073224,0.012980710404868923,0.00621111683586632,0.25051405190555265,0.10396760270113375,0.9344990252949295,0.3919836103468677,0.38554946852102123,0.16100381492301916,5.330666262266858,1.8315821459442199,0.3435934751550817,0.012195772716225406,0.0055795476539778005,0.24214093344526688,0.10513343968288232,0.8529070877241907,0.36902477475459583,0.36928763411329957,0.16088437350170134,21,8,2.416015625,7.90625,2.413768808334161,2.4141407859844275,2.4146172251876314,2.4950148345269274,2.3971337488509437,2.4538527590801813,2.5285542018655454,3.325099254825789,0.6943359375,2.078125,1.3486328125,0.4679087860901822,0.5634800265762925,1.8156868886617374,0.32986456219773425,0.005580067599233018,0.004517843465572038,0.24521061958405976,0.1577179447966579,0.934554852342802,0.6111286738375016,0.38475933098554904,0.24986606007750356,5.330666262266858,1.8155681052153971,0.34058934022317305,0.005567902770937216,0.004201467141859402,0.2375616462211081,0.16467537278081026,0.8520678100680179,0.5873596162875028,0.36840980501424436,0.2567692956403361
7,test,,0.6258776783943176,55.5625,55.5625,1.4697265625,2.990234375,2.990234375,51,9,3.380859375,8.1484375,3.358325390035712,3.3586854863938544,3.359284714836888,3.4362059218850334,3.09224741437313,3.1473519327666364,3.2364893874553884,3.98816420068219,0.5849609375,1.39453125,1.4052734375,2.46484375,0.4377603631289131,0.5519531019600167,5.50434055893928,1.8416925233943413,0.3345891308275531,0.01512530929392586,0.007006774642206077,0.25312078749657374,0.10213512613109259,0.9346713990697655,0.3810662330804403,0.3855768718366468,0.1565213400993128,5.280841473423352,1.8382213091932735,0.3480924997359617,0.014673108594173812,0.006751099351342026,0.2500387096707417,0.10597619771943567,0.875125936306616,0.36717803081992956,0.38735204428279246,0.16429738560095405,26,9,2.515625,7.84765625,2.512213907417642,2.5125846002713845,2.5130744326464334,2.593101570050581,2.4116589055633506,2.468343993705019,2.5426836165910256,3.3389519703707684,0.67919921875,1.16796875,1.169921875,0.4577028841409046,0.5593992327677223,1.821422470556041,0.33090657292234116,0.006992907881464561,0.005277179804306741,0.2482596561069892,0.15094102603414528,0.934955630202027,0.5774067469333231,0.38454398964812064,0.2359358166099607,5.280841473423352,1.819792032253459,0.34460266255138366,0.007138805583710273,0.005265069978523264,0.24431560911927708,0.15845859825913927,0.8748416699589212,0.5587101727189479,0.38670994877647136,0.2510992413040687
8,test,,0.6222890019416809,55.3125,54.625,1.46484375,2.990234375,2.990234375,61,11,3.470703125,8.1328125,3.465929884113743,3.4662884464872454,3.466892980626885,3.5433968156947175,3.1964412460526233,3.251303268711941,3.342599026480488,4.0875471279258155,0.5732421875,1.43359375,1.4892578125,2.56640625,0.4237997907764033,0.545430144040416,5.50434055893928,1.8707114217236542,0.3398611335349773,0.018373947688183456,0.008235483548755466,0.26897118159028377,0.10545016302561665,0.9349623335037771,0.3702555748898944,0.385972952321759,0.15220859993115612,5.339342877585285,1.8614157424569222,0.3486226273782115,0.017189684061907684,0.007740136270440002,0.26928123688502126,0.10838328648424912,0.8850740994747426,0.3576333353172556,0.3952892105666832,0.15935336262935523,27,10,2.6171875,7.828125,2.6191187780977487,2.619488126596775,2.6199951871355025,2.6996253770260368,2.5183788118486876,2.574815888088323,2.651378210108719,3.440749522252927,0.66552734375,1.208984375,1.2626953125,0.45302837717202304,0.555891235642616,1.8520603889033813,0.3364727107765085,0.01109837000177194,0.007930520486416914,0.266740158298135,0.15516499828010566,0.9349530436115874,0.5520635683658215,0.3845448482259801,0.22564601391401443,5.339342877585285,1.8394397557116702,0.34450676757128507,0.010344215165443593,0.007378926566438002,0.2641048079514743,0.15857045075873838,0.8853342022464696,0.5346810247163615,0.3940665451569396,0.23716209775633498
9,test,,0.60770183801651,57.625,58.5625,1.4599609375,3.00390625,3.00390625,71,10,3.71484375,8.2265625,3.697148581019591,3.6975041237464215,3.698152250219783,3.7737721984886026,3.3843212302807473,3.4387462681973395,3.5429920722923764,4.266755888402457,0.548828125,1.5703125,1.701171875,2.80078125,0.41015985074691985,0.5381482881446367,5.50434055893928,1.9956183212276182,0.3625535701977325,0.04270226335900773,0.018175593667788845,0.33095837504216874,0.12399844149878758,0.9346424698647597,0.3535573020224803,0.3952812105249661,0.14892816977735357,5.315448222876111,1.9423272601826214,0.36541175433210343,0.0358553491493101,0.015079710820684426,0.27804704802215063,0.10588263299924491,0.8632331746918336,0.32932283810746504,0.387882809604184,0.14944727045681003,36,9,2.873046875,7.92578125,2.8653182741248604,2.8656845462127247,2.8662377793786646,2.9449511704231144,2.6043906601582663,2.6606282766334,2.7412511404497018,3.5228004419070302,0.6376953125,1.359375,1.490234375,0.4380506510536751,0.5480248614693407,1.9772911904875614,0.3592239922866614,0.036512501862498326,0.023897747025828392,0.33061818444272806,0.17895555745871639,0.935079083718434,0.5132231096547454,0.39320793645483754,0.21456188158938552,5.315448222876111,1.9232981800428948,0.3618317965671437,0.030181201500151467,0.019330100833667724,0.2784965143099569,0.15389699079195304,0.8632953674559802,0.4783135476289244,0.3871053285329902,0.21758666623001105
10,test,,0.46574094891548157,67.125,67.375,1.455078125,3.24609375,3.24609375,52,10,4.0234375,9.4375,4.005149978587143,4.0055026056784016,4.007167025785612,4.080839420751018,3.674949843009996,3.7287077635496,3.9706832489291837,4.544104704825317,0.57373046875,1.8369140625,1.7685546875,2.783203125,0.36578295608378025,0.4592364739486161,5.50434055893928,2.445025382821748,0.4441995106663457,0.054843238884322076,0.024847966767824522,0.5687907420041975,0.22510534068212504,0.9344689810523077,0.373598990032428,0.5350578497748213,0.21300949110048675,5.449187548859856,2.4209531541373854,0.4442778180104897,0.042957386933413666,0.01926256449854013,0.5219673329449588,0.206634435193511,0.9309923430501703,0.36910797374010335,0.5181097162812218,0.20498619756046071,26,9,3.04296875,9.1015625,3.0411449063915676,3.041509536074846,3.042734913553764,3.120248635754176,2.8493495627178236,2.9050266074991553,3.0831429657994844,3.756591869452431,0.66552734375,1.5556640625,1.46484375,0.3893089176759839,0.46118668937091417,2.442699689891777,0.44377699085583117,0.05486409382583002,0.044128006741759436,0.572079183486621,0.366032740165402,0.9346469841213212,0.6079383223626019,0.5339794891465504,0.3449393043482352,5.449187548859856,2.413897117079149,0.44298293927949195,0.04146214208793175,0.0328233291925932,0.5227739462506635,0.3352970762648733,0.9312670600364887,0.5987428260511669,0.5177358053847225,0.3317481781619695
11,test,,0.4502609670162201,66.4375,67.375,1.4501953125,3.24609375,3.24609375,48,11,3.92578125,9.4375,3.9207868067595015,3.9211405936996546,3.9227887649858384,3.9967937562640676,3.6395222246046055,3.693363006491952,3.9200067717401614,4.510318648000669,0.583984375,1.69140625,1.5810546875,2.9140625,0.3750017984998177,0.4614297560594718,5.50434055893928,2.4424270506825114,0.44372745918053846,0.06061403508618213,0.02866181151549091,0.5723862624703875,0.2351217338320998,0.9348302040825143,0.3880716490120375,0.5352411602529799,0.22121552910460407,5.496604605271925,2.415414911903137,0.4394376320222224,0.05028763204534403,0.023204196494197433,0.5302637866684208,0.2156245496760942,0.9573318687227266,0.39042111520449674,0.5644962565186464,0.23120866890883895,22,10,2.9375,9.1015625,2.9336718707262666,2.9340378471766173,2.9352350565953516,3.013157871160256,2.8590122569474388,2.9146655558048713,3.0934162088193373,3.765789813400666,0.67724609375,1.3935546875,1.259765625,0.40474745526125516,0.4695925655568904,2.4415391653579928,0.443566152786973,0.06058698898550219,0.05340743161072736,0.5753549818878225,0.395690291891008,0.9350605651128108,0.6545567722469248,0.5344748546155307,0.371375927095318,5.496604605271925,2.4089010697344944,0.438252565488167,0.046208119443976514,0.03854248145065897,0.5300487318992202,0.355520466542688,0.9573124022685864,0.645193944914831,0.5637732727792253,0.38268332659039417
12,test,,0.44910624623298645,65.0625,64.8125,1.4443359375,3.24609375,3.24609375,46,10,3.876953125,9.4375,3.872938093301838,3.8732925218235055,3.874929927511839,3.9491222342202383,3.666242861249562,3.7200220033881566,3.965558670098695,4.5358141071509746,0.58935546875,1.6494140625,1.6328125,2.6484375,0.3793201677185729,0.46799562049496796,5.50434055893928,2.4283903348618976,0.4411773415651199,0.06730617650437765,0.03241319637497385,0.5616361233292553,0.234393081779402,0.9351023132755678,0.39445549895773907,0.5351336958723714,0.22472804471907523,5.5005781378103125,2.4234372782974702,0.4405786478404977,0.0609004346690698,0.02927737009093959,0.523571331871981,0.21725055872141208,0.968086676113507,0.4023501771957013,0.5499026361540533,0.22965678717615173,22,9,2.8828125,9.1015625,2.8759219282227457,2.8762886566204546,2.877470741691393,2.955617951480095,2.808935946551937,2.8647045904954744,3.038609306133044,3.718007958461917,0.68310546875,1.34765625,1.3173828125,0.40754178010988384,0.471662339427982,2.4265495252537606,0.4408429128377499,0.06804960554559081,0.061998842564055294,0.5655765576199832,0.39907501323573236,0.9351023668175795,0.6719113838269405,0.5343959506845435,0.3810745648401368,5.5005781378103125,2.4188783820799657,0.4397498447395714,0.06141320724586308,0.05594030089803252,0.5267296167983613,0.3689348833187829,0.9680867313985226,0.6799340802927086,0.548710581044956,0.3885586721728131
13,test,,0.4930262863636017,66.1875,66.1875,1.439453125,3.251953125,3.251953125,58,10,4.08203125,9.4609375,4.05870017605248,4.05905192373703,4.060702165188816,4.134165020549327,3.7632406418366022,3.816792766791958,4.0633438659994745,4.628314066787251,0.568359375,1.662109375,1.595703125,2.8515625,0.3652789806918187,0.4575660412245943,5.50434055893928,2.435755729520115,0.4425154482064787,0.07565020642593812,0.03334016194932275,0.5752896502867078,0.22223408365908176,0.935102252084314,0.36482520527333123,0.5124274546620793,0.19909480717234476,5.491275099387419,2.426220912781524,0.4418319732428233,0.060363595020912264,0.02617747924795289,0.5054294947941012,0.19467272621564824,0.9471283950112319,0.3673205474001779,0.6029792112991856,0.23295825524429994,26,9,3.10546875,9.1171875,3.0958320094601204,3.0961959390291103,3.0974213489028335,3.1747388989623633,3.0208890606850467,3.0761665095208377,3.260028180151173,3.9202051073751907,0.6591796875,1.359375,1.2724609375,0.39667774132106903,0.4675402907285915,2.4304841087132907,0.44155772752216116,0.07637634910338065,0.058019738759145414,0.5782769479074616,0.35346796443065,0.935102306341955,0.5806301115526671,0.511334774798601,0.3154186564841054,5.491275099387419,2.4178623297925337,0.4403098162141356,0.05491585453855308,0.04056275766007134,0.5042506735071282,0.3066814170120504,0.947128449271986,0.5823493384030618,0.6021577716798907,0.3680062768796104
14,test,,0.561578631401062,62.03125,61.8125,1.4345703125,3.87109375,3.87109375,67,11,4.57421875,11.0078125,4.53624519922912,4.536590784311404,4.5384781533402325,4.60998054008636,4.192315836524405,4.244870006704682,4.531548174659575,5.037586047556345,0.58447265625,3.96484375,2.42578125,3.236328125,0.4822471270721873,0.5445485187841543,5.50434055893928,2.39356787979192,0.4348509788161028,0.03784381567605788,0.013539814662254034,0.5347300620175606,0.17168353332434202,0.9351021253966971,0.30270898771570265,0.532377898875616,0.17174881098169595,5.436282162484696,2.300211392399965,0.42312214922792657,0.030095764646031142,0.010569615181650466,0.45072537416094605,0.14184692013942263,0.9281032572684129,0.2924579855727305,0.4639680874218266,0.14733354214933667,33,10,3.337890625,10.5703125,3.3355291870313026,3.335889938710405,3.3371576792537394,3.4135539107204784,3.070875370339655,3.1260347487051634,3.3109385662732365,3.9678572580888147,0.68408203125,3.71484375,2.15625,0.5008503573751716,0.5484679953857388,2.3722809053984037,0.4309836718852216,0.02907002692667149,0.018257331558905812,0.5295359035687781,0.2769738528114195,0.935102209150843,0.4957207830721552,0.5338690274396187,0.28143053626609194,5.436282162484696,2.2691127811804925,0.417401583170101,0.01994420553598175,0.01202467955373718,0.44421766783493855,0.22336315888562921,0.9281033435681927,0.4676338975517726,0.46633544205428645,0.23788726897145143
15,test,,0.5074188113212585,65.75,66.4375,1.4296875,3.876953125,3.876953125,66,11,4.5546875,11.0078125,4.529409483284215,4.529755124406286,4.531635558467362,4.603164242435926,4.177578263503446,4.230164999614085,4.501638170764059,5.023503002275086,0.58642578125,1.9248046875,2.0,3.208984375,0.47743098949018004,0.5441336025299116,5.50434055893928,2.4091025050423367,0.43767322883571463,0.04775139864798206,0.017353469797865517,0.5438676265129025,0.17707969495533413,0.9351021382512572,0.30701346328835954,0.5318364410442546,0.17400539950791014,5.43895269352015,2.3635410380201085,0.4345581164616452,0.04308743157595707,0.015175153645208873,0.5026515655307096,0.16136070329051097,0.9325306575117409,0.2994123250842121,0.4643255406316156,0.1496469858290714,39,10,3.3125,10.5703125,3.297935008394331,3.2982963062353656,3.2995603801391726,3.37610596863994,2.970167780418212,3.0255620367410954,3.204749147102255,3.8718073499222188,0.6865234375,1.6533203125,1.720703125,0.49739886032464553,0.5478903432380634,2.3896270639952695,0.4341350318730579,0.03875815908979163,0.02502809282177464,0.5413523226960422,0.28977058081475343,0.9351022310334534,0.5074641132220481,0.53364417082435,0.2879378699080221,5.43895269352015,2.337031289388399,0.4296840625535661,0.03366402560964765,0.020775879241108828,0.499110140253209,0.2632324301251569,0.9325307496632211,0.49196104985544964,0.46500864714322443,0.24684516907532064
16,test,,0.48310062289237976,65.5,66.875,1.4248046875,3.87109375,3.87109375,66,10,4.390625,11.0078125,4.364400226602055,4.3647484438286615,4.36662305957623,4.438827339099606,3.909830113950173,3.963042388004034,4.223602067799095,4.7681539459535305,0.60107421875,1.83203125,1.8955078125,3.03125,0.4798322400456978,0.5442569024111683,5.50434055893928,2.4295204424287933,0.4413826536374371,0.05123953727619934,0.01968964407555054,0.5631478335451323,0.19272792120524349,0.9351022189796288,0.3228420372862553,0.5309088679275886,0.18262462356154813,5.470211043215851,2.349309572746723,0.4294732971336332,0.038281332705574656,0.014069828654875653,0.5083238944209771,0.17058244903821346,0.9454944559588325,0.31694950679489947,0.6027551130798061,0.20167325013057125,30,9,3.134765625,10.5703125,3.1320786637296085,3.1324422112739105,3.1336928874752656,3.2108686373822577,2.8625625525561835,2.918208339260272,3.095401037056526,3.7691871775392096,0.70361328125,1.5498046875,1.607421875,0.49853487456374235,0.5473180882398201,2.4185195956937666,0.4393840769474173,0.047341059009487374,0.03515632484020536,0.5615139704345662,0.33700048818553624,0.9351023087569699,0.5699419829876553,0.5336833405439378,0.32318354070791966,5.470211043215851,2.3327174076011334,0.42644011157378775,0.029945110320989343,0.020286293518662495,0.5029536288090499,0.2898457368122231,0.9454945514734572,0.543880711123116,0.6058822276542735,0.34739242314778584
17,test,,0.48403868079185486,66.0,66.4375,1.4208984375,3.87109375,3.87109375,69,8,4.37109375,11.0078125,4.358823915864262,4.359172326036937,4.361056437448006,4.43329179066912,4.081265490205342,4.134079913747409,4.422611466973414,4.931690521423535,0.6025390625,1.8701171875,1.951171875,3.0078125,0.4687737176133055,0.5500481102327892,5.50434055893928,2.430834136489649,0.44162131875032196,0.0459084703128978,0.01790874146475106,0.5573874434117316,0.19332981049830514,0.9351022401322888,0.32723603500806075,0.5343978714076023,0.18631742955873912,5.483539108924768,2.366473261796303,0.4315594755118523,0.03193156328483049,0.01197190575197105,0.5084775468727223,0.17172448724534745,0.9568975204076775,0.3247679189576583,0.5355395668215639,0.18255625976333492,29,8,3.109375,10.5703125,3.095945153849063,3.0963091478948486,3.097566767706911,3.174862676074622,3.0165580143095685,3.0718458365621992,3.259016190913485,3.9160784389542673,0.7060546875,1.5908203125,1.669921875,0.4892147741691495,0.55385631539109,2.4204655338095655,0.4397376048759607,0.04008066191372528,0.030129838889274774,0.5559579187530792,0.3369669396006525,0.9351023143492654,0.5756690471714521,0.5342853035616191,0.32677809777653916,5.483539108924768,2.352018205531584,0.42892339396349743,0.023791032274408153,0.016550390660251824,0.5061982867215971,0.29238207233168684,0.9568976005207919,0.5574095586920533,0.5343472777812224,0.3136132155055362
18,test,,0.4606751799583435,67.8125,68.3125,1.416015625,3.87109375,3.87109375,58,6,4.32421875,11.0078125,4.322116657680755,4.322465653260201,4.324353382006275,4.3967362613438326,4.059620541468361,4.112485652431002,4.395370639161148,4.911049440269796,0.60693359375,1.8525390625,1.9169921875,3.005859375,0.4784535659973014,0.5471314080778626,5.50434055893928,2.443214556011471,0.44387052905794283,0.054146449740132496,0.021546850036899344,0.5733629077982432,0.2024166633215868,0.9351022582992856,0.333123517253285,0.5327770449292126,0.18908168416175367,5.432434199001634,2.4109615892276075,0.44380870543644896,0.04481908544474855,0.01767195669180732,0.5239319616115345,0.18399995935477675,0.9343917069279346,0.3300902811574568,0.4938463702957874,0.17646003636998353,21,6,3.056640625,10.5703125,3.05392876806484,3.054293373219793,3.0555489018717354,3.1330098018335955,2.9338878998498252,2.989368600212267,3.174953567604587,3.837233008111289,0.7109375,1.572265625,1.6318359375,0.4929564227321292,0.5498475324368134,2.4417222942070143,0.44359942268498537,0.04997038980218882,0.039929110154500694,0.5724097399533816,0.3643365605485035,0.9351023411697339,0.6050140578818436,0.5342713073823235,0.3433129345280117,5.432434199001634,2.4030014640250057,0.4423434092338618,0.03780811818703356,0.029357827154037987,0.522681950762891,0.32685501905025055,0.9343917854353503,0.5904964402578015,0.4955886784746948,0.31967318286302415
19,test,,0.4884932339191437,69.0,68.3125,1.4111328125,3.87109375,3.87109375,75,9,4.3515625,11.0078125,4.34869056988232,4.349039238143938,4.350951186984522,4.423216289383629,4.20692030293605,4.2594414491088335,4.5557192879920265,5.051530498216453,0.60498046875,1.87890625,1.9951171875,2.966796875,0.46393342298675844,0.5470611895127124,5.50434055893928,2.4700638977802267,0.4487483779993844,0.040161358414184,0.016038984296761732,0.5783399198810732,0.2048230359685698,0.935102264909033,0.3341925858063044,0.5344758644828254,0.19029102683991367,5.490116842915167,2.419612287606421,0.4407214558154366,0.029669435265716082,0.011499395906386992,0.5286236265064606,0.18409061183291284,0.944877626019939,0.32967632058855606,0.5927865866076791,0.204900785323105,26,8,3.083984375,10.5703125,3.0736911122843056,3.0740555120558266,3.0753364279639253,3.152708978347694,3.003144568305879,3.0584641288239403,3.2467319382089666,3.903292219091535,0.70849609375,1.603515625,1.720703125,0.48601547060462275,0.5499790549438361,2.464297453128724,0.44770076028936867,0.035590277608713805,0.028378488842803494,0.579396332292454,0.3681622711666191,0.9351023471827027,0.603978099487539,0.5345468392516182,0.3429058426374592,5.490116842915167,2.411872444859443,0.4393116783974994,0.024036042159472082,0.01811387171293083,0.5268623911244381,0.325546203312384,0.9448777081565778,0.5858139115510389,0.5939600263964824,0.3621935344483467
20,test,,0.4695974886417389,68.5,68.3125,1.40625,3.87109375,3.87109375,67,9,4.48046875,11.0078125,4.471829915806425,4.472177114245247,4.474144772583682,4.545929810895393,4.164908225649208,4.2175271216624886,4.497111225514952,5.011457720764801,0.59326171875,1.927734375,2.009765625,3.1171875,0.45732987612345927,0.5487624273984038,5.50434055893928,2.5232219059226457,0.45840584878506974,0.05225031653542711,0.020205692888628567,0.5976237586461952,0.2056839156555188,0.9351022572707413,0.32468482949253863,0.5350364745937286,0.18509111680022672,5.476314434148358,2.4540259823097985,0.4481163402538323,0.03078798939800631,0.011741735250189584,0.5582106620775225,0.18823033339527703,0.9394767583777863,0.3193309077000627,0.5497430903920897,0.18640694046278317,23,9,3.2265625,10.5703125,3.220207483950152,3.2205701584978916,3.2219687759856153,3.2987237056029977,3.0165645826171277,3.0718542774930535,3.272773629503109,3.9161131861275047,0.69482421875,1.6591796875,1.736328125,0.4809783526856332,0.553448839972799,2.5296443801567245,0.4595726505418485,0.0484046679760759,0.03643401253733995,0.5962997039705717,0.3617925989882091,0.935102351278184,0.5762748561471307,0.5348184067314081,0.3274461288072536,5.476314434148358,2.446642125757949,0.44676801436045294,0.024780980458013246,0.01782415649092775,0.5565675374542742,0.32101455100017695,0.9394768461908054,0.549330741788685,0.5502461843555428,0.3204023341970001
21,test,,0.46151575446128845,67.8125,68.3125,1.4013671875,3.87109375,3.87109375,75,10,4.66015625,11.0078125,4.644447547917781,4.644792852199581,4.6468821133654385,4.717979048974933,4.404128114684416,4.456192405491983,4.7592176381511715,5.239663087550915,0.57666015625,1.9501953125,2.17578125,3.330078125,0.4587328093314062,0.5483340709359635,5.50434055893928,2.5493431962199873,0.46315142911710777,0.03446596061911933,0.012567912904749283,0.615448625575941,0.20099554572624598,0.9351022499179491,0.30795524350114584,0.5325310765912228,0.17476525115567146,5.476457122414069,2.428587935917764,0.44345968235157507,0.03391171722778363,0.01177629793649736,0.5343434523251513,0.1685253639023886,0.9365798421102287,0.2961417616364176,0.5270762005403702,0.16632046683833268,25,10,3.427734375,10.5703125,3.41878349380284,3.4191439186929364,3.4207535922936003,3.4966344344063724,3.2957227303910397,3.35036570984369,3.5820131208806503,4.182425990259976,0.67578125,1.681640625,1.9208984375,0.47833966381016546,0.5515477157220916,2.551444629318635,0.4635332065664037,0.029645900032927663,0.019693488931143862,0.6159197166820611,0.33749220594199586,0.9351023486384875,0.5196526726314837,0.5343435463694073,0.29519942727430976,5.476457122414069,2.4230210160156864,0.44244316386569243,0.028166608178445074,0.01693707465361545,0.5320467701422684,0.27227803992890437,0.9365799438486979,0.4812938453878626,0.5272968066315773,0.2700767232048459
22,test,,0.42763903737068176,70.125,70.8125,1.396484375,3.87109375,3.87109375,76,9,4.5625,11.0078125,4.562138705364539,4.562485062735458,4.564596903839317,4.635966446289851,4.178661216949678,4.231251257227019,4.528690668617624,5.02462269606337,0.58544921875,2.0078125,2.1640625,3.185546875,0.45358225488468507,0.548092043744816,5.50434055893928,2.6670376456084144,0.4845335453085354,0.03767124772770458,0.0149533188096279,0.6450067274671749,0.22720460398992043,0.9351022809293328,0.3323783808571923,0.538008241024011,0.19051273679303976,5.492453143685952,2.589807432121183,0.471521078900489,0.03758679447432378,0.01434305736115772,0.6015829737008369,0.20713473707904673,0.9621949166691506,0.3297002735437817,0.5477770598178564,0.18890279606635343,25,8,3.306640625,10.5703125,3.3026853277953947,3.30304710288531,3.304603235869391,3.380931552318999,3.1859798050574946,3.240878489460499,3.4733795161503394,4.077754712792373,0.6875,1.74609375,1.9091796875,0.467591178860925,0.551429476692093,2.677787012960427,0.48648643453057944,0.03366298465002693,0.026744205625118908,0.6488095114718702,0.4110744946790081,0.9351023677766621,0.6021993004535106,0.5374482806251395,0.3437585974341497,5.492453143685952,2.596166118399695,0.4726787922413524,0.033842165519032186,0.02459062961352063,0.602467212337821,0.3629379896093502,0.9621950086003652,0.574767949716027,0.5481076848746538,0.3310932502964484
23,test,,0.42099645733833313,73.625,75.4375,1.3916015625,3.87109375,3.87109375,61,8,4.63671875,11.0078125,4.637091563989584,4.637437304441452,4.6401433315782805,4.710708060314941,4.456728471040141,4.508672568580819,4.904676777596389,5.289869006790992,0.57861328125,2.236328125,2.53515625,3.259765625,0.5051791481095865,0.5699316416831051,5.50434055893928,2.874838956370553,0.5222858080068636,0.03967933824570302,0.01653779542238575,0.6452690823928551,0.2373240871348483,0.9351023148048903,0.34717995369761845,0.6464673595486703,0.23907310483692412,5.482840624811615,2.764087456717866,0.5041341971914125,0.042034220204924644,0.016561883021850424,0.6236724851738265,0.22086412623861115,0.9518856330615186,0.338069666454322,0.6376832249993631,0.22810409974367876,19,7,3.38671875,10.5703125,3.3813603325276906,3.381721308219677,3.3836956963147227,3.459359118098534,3.2593878708835935,3.3141188829140367,3.5990630681006417,4.147821010366643,0.6796875,1.9990234375,2.318359375,0.5295062332490025,0.5775992236730446,2.9076478224156643,0.5282463523615962,0.036154040381424224,0.0322612760041452,0.6477651679045993,0.44974710548538166,0.935102393145403,0.6609553969670258,0.6577459936655412,0.46144385079056915,5.482840624811615,2.78740911777133,0.5083877698646588,0.03813432004776729,0.029825866687163784,0.6271090957761976,0.400877957886998,0.9518857145301975,0.611671155394449,0.6483248712161682,0.4220492683281624
24,test,,0.37691935896873474,73.125,74.75,1.38671875,3.87109375,3.87109375,65,9,4.640625,11.0078125,4.6271289178957,4.627474787217596,4.630181608660469,4.70078166493788,4.33437272236698,4.38660313512267,4.770139064271227,5.173186094663441,0.57861328125,2.365234375,2.498046875,3.26171875,0.5058419696276835,0.5739074332433178,5.50434055893928,2.8994414824231036,0.5267554671402533,0.055032288354939674,0.023129658320191253,0.6564384921605608,0.24322272535244163,0.9351023218913541,0.3497794619948767,0.6776882465903791,0.2524881184193674,5.50117191613708,2.7802259612150513,0.505387943441572,0.057096178312101564,0.022802299776088143,0.6444567625126876,0.2284599801878884,0.9575037896199339,0.34110538530242257,0.662677367768504,0.23741091012241328,21,8,3.396484375,10.5703125,3.3921957821093267,3.3925566515625722,3.394558865946965,3.4701611938035963,3.369586389363357,3.424060616721594,3.7185004733320244,4.2529264200480625,0.6787109375,2.142578125,2.27734375,0.5277114156530922,0.5803022917197045,2.93504075483767,0.5332229580291941,0.0531032054882381,0.04800816981722381,0.6604875113540087,0.46325540748735483,0.9351024004968513,0.6678164449047729,0.6943350264010357,0.49213136525827794,5.50117191613708,2.8102798445079307,0.5108511217881203,0.05643626455037509,0.045875979853714374,0.6483513163620058,0.4190752473639958,0.9575038787678345,0.6244776092097123,0.6737821179018777,0.44400979248641465
25,test,,0.37371984124183655,75.0,76.375,1.3818359375,3.87109375,3.87109375,63,8,4.6484375,11.015625,4.634107228123767,4.634453075634777,4.637170112595163,4.707746081121159,4.530271139194653,4.582044168622074,4.977026578084148,5.360016879069723,0.578125,2.34765625,2.482421875,3.404296875,0.5149211190468921,0.570395821595975,5.50434055893928,2.908043974164797,0.5283183231535359,0.05292342361348901,0.02229811835008785,0.6521659777651356,0.24216434334554893,0.9351023253570014,0.3505461918020712,0.6803185297469856,0.25402149448562633,5.4979093421529885,2.788419806797661,0.5071782077995691,0.05373124145135577,0.02158892171548644,0.6450893466188106,0.22944946487347467,0.9446081502265118,0.33775517515661074,0.6455044774034269,0.23054054512050934,18,7,3.400390625,10.578125,3.3998027276257474,3.400163510028727,3.402171925072185,3.477742388550218,3.317960053840906,3.372554667420093,3.6631537555399625,4.203687506003047,0.6787109375,2.123046875,2.259765625,0.5350530146770243,0.5752924768814267,2.950820010762001,0.5360896512788885,0.05119837748264544,0.04678394823294919,0.6553438015817008,0.46347404422155364,0.9351023978751858,0.6734778580882455,0.6961397861410532,0.4975616386595858,5.4979093421529885,2.81499224233905,0.5120113969061365,0.05112916432871373,0.04201180390666606,0.648516461127878,0.4212100513615582,0.9446082374362312,0.6194519877075977,0.6589421420554684,0.43120369989530477
26,test,,0.368787944316864,73.625,74.3125,1.3779296875,3.87109375,3.87109375,59,8,4.61328125,11.015625,4.610950002742645,4.61129608367011,4.614000589474076,4.684661736864427,4.272603496837323,4.32497555482893,4.692961118881602,5.114237694170449,0.5810546875,2.349609375,2.470703125,3.267578125,0.5072806472228569,0.575339373131598,5.50434055893928,2.8929271620408255,0.5255719792523721,0.062442454399242564,0.026534786821871544,0.6407566494273462,0.23972753218523724,0.9351023302913477,0.3532233549248591,0.680323814923975,0.2559557120385254,5.491023518347854,2.811551205098528,0.5120268007783859,0.055175392815264956,0.022365730180028024,0.6383754004902471,0.22978538679742347,0.9411962373867055,0.34255813585926576,0.6885597977355395,0.25015229417218854,18,7,3.361328125,10.578125,3.3671010845290548,3.3674622636396605,3.3694412454707816,3.4451547075434332,3.329917790456618,3.3844836868791286,3.673631709970652,4.21507987368294,0.68212890625,2.125,2.24609375,0.530229628421175,0.5816373439044151,2.936604775853194,0.5335071012428592,0.05909324984561515,0.0552367555118759,0.6451374269268664,0.4643142290751993,0.9351024023809948,0.6855952958164039,0.6942475683049363,0.5050680722793092,5.491023518347854,2.845445271659327,0.5181994326106015,0.055217616779303924,0.04693911933449122,0.639650944909655,0.43000506672867544,0.9411963229302733,0.6460013608283269,0.7041355972138943,0.4816355249016735
27,test,,0.3722931742668152,73.125,73.8125,1.373046875,3.87109375,3.87109375,67,8,4.59765625,11.0078125,4.5816685879988945,4.582015079125951,4.584719764880353,4.655491982357331,4.33277757712266,4.385012372808814,4.769814218928222,5.171674449584531,0.58251953125,2.421875,2.498046875,3.21875,0.5044590454867827,0.5703650087955462,5.50434055893928,2.911716630322946,0.5289855522464351,0.0491865103137874,0.021121372432458964,0.6505534672659081,0.2456421052732097,0.9351023380934844,0.35651935961874165,0.6801052551175015,0.25825145187937726,5.480386892479972,2.8282861062834543,0.516074168078233,0.04236152394888748,0.017454448801740307,0.6735356776579753,0.24635250716641113,0.9353869224500979,0.3469104310000478,0.6917924918932297,0.25658841539910254,19,7,3.33984375,10.578125,3.3332526017060236,3.333614174596477,3.335588269213683,3.411421830361902,3.2683486725217263,3.3230586603541887,3.6107180112531934,4.156365734622952,0.68408203125,2.20703125,2.27734375,0.5282833835333425,0.577704506273774,2.9503545048145847,0.5360050805764708,0.0499459891506433,0.048807597072483666,0.6519517213269364,0.485463128191363,0.935102409043223,0.7097905871792429,0.696035229689759,0.5240957175105677,5.480386892479972,2.8604316314719145,0.5219397257147878,0.04170857735519551,0.036347041853425015,0.6747958583551332,0.46391561418814903,0.9353869989640424,0.6601787198440465,0.7065941403664278,0.4987777709494516
28,test,,0.3584211766719818,73.625,74.5625,1.3681640625,3.873046875,3.873046875,57,9,4.63671875,11.0390625,4.628515143258423,4.6288609747273,4.631575820473626,4.702159553089583,4.424017733709999,4.476039544579901,4.863301465618019,5.2586920815555125,0.580078125,2.390625,2.509765625,3.263671875,0.506432099522474,0.5743484749791682,5.50434055893928,2.9091339413652575,0.5285163427325916,0.06360927825930496,0.026959375842831045,0.6444510055277615,0.24054998836086003,0.9351023247135188,0.3523954840315569,0.6814884182516021,0.25579534090398764,5.463257469479014,2.8659861573422427,0.5245929142738257,0.05986636824513525,0.02532208465862752,0.6540393878814488,0.2409776055911021,0.9113712736442752,0.34053100909084666,0.6618519205205811,0.24467740150183992,19,8,3.3828125,10.6015625,3.385677338237726,3.386038274469267,3.3880172517635128,3.463663063249145,3.376335446735241,3.43079371577791,3.7250029409647087,4.259360091700863,0.68115234375,2.171875,2.291015625,0.5296495676599524,0.5816178042743342,2.9449738993792667,0.5350275601309781,0.06259700032037685,0.05796389540056536,0.6484755275158545,0.4633441594686942,0.9351024007111448,0.6805491165461998,0.6962857825054503,0.5028511568471812,5.463257469479014,2.8957049777045554,0.5300326762708284,0.05945033778961317,0.054996494226108694,0.658606239268055,0.46027513745740006,0.9113713569712285,0.6541981141848134,0.6758767735988833,0.4753715126531154
29,test,,0.36343005299568176,75.6875,77.75,1.36328125,3.87109375,3.87109375,57,8,4.50390625,11.0078125,4.486935297683118,4.487282875221969,4.489917200609023,4.561078702323128,4.1785752575835025,4.231168556478374,4.604082373940325,5.024587038870597,0.5908203125,2.525390625,2.59375,3.111328125,0.507654124787607,0.5786141094310695,5.50434055893928,2.913402214976063,0.5292917805103058,0.04299328738962771,0.01930060848565844,0.6406304761163586,0.2515052666600407,0.9351023465758006,0.3708264133225964,0.6798160283202028,0.26845729305319294,5.491619778260192,2.813239839204006,0.5122786996909084,0.05131375435114993,0.022166974348507847,0.6553982900538555,0.24807884054366053,0.937857971156447,0.3582843154024447,0.6507326858823657,0.24800933198440225,17,8,3.234375,10.5703125,3.2229801852330575,3.223343081303327,3.2252197167601016,3.3015310300221032,3.1175153704371117,3.1725745675221004,3.442979283451164,4.012469844544635,0.69384765625,2.328125,2.38671875,0.5313608157636891,0.5855971629825425,2.9479487728620017,0.5355680196920972,0.04142728515118055,0.04478300335839936,0.6465896933921078,0.5194780657132333,0.9351024161846597,0.7669946119430808,0.6954087634556982,0.565459412377624,5.491619778260192,2.843168981609853,0.5177286659329866,0.049319440994210595,0.047909700851516135,0.6580245346251496,0.4851092638049757,0.9378580488061266,0.70399878457228,0.6626548630020741,0.4951192447641494
30,test,,0.3621809780597687,75.25,76.375,1.3583984375,3.873046875,3.873046875,64,8,4.515625,11.015625,4.5087838858900575,4.509131204240079,4.511786675398542,4.582852113132694,4.303905952595872,4.356207123906185,4.738376565134767,5.144123943037929,0.58984375,2.41015625,2.5234375,3.15234375,0.5042815530640459,0.5755363931102252,5.50434055893928,2.890062184242119,0.525051484968265,0.04414447540331867,0.01952065712590461,0.6289211986316401,0.24366897235874188,0.9351023458569196,0.3659127349684571,0.6808992009351709,0.2653369078463554,5.501024196611684,2.7995337776839895,0.5089113731599911,0.047327176840904706,0.02023082616921422,0.6438371955463307,0.24232007456553986,0.9494201374981106,0.35697968334572205,0.6558585035277709,0.24626788860177026,16,7,3.25,10.578125,3.2416140373346654,3.2419766963095467,3.24386180181621,3.3200981776858765,3.1153811490532792,3.170445270302896,3.4381542903584927,4.010433497915683,0.69287109375,2.19140625,2.3046875,0.5242736603506272,0.5811610728613232,2.9217175112139735,0.5308024603363216,0.043558507501631816,0.04518981022294208,0.6339997854457247,0.49395204022779104,0.9351024156160506,0.743318012436573,0.6978941388995699,0.5501094674931889,5.501024196611684,2.8245047391880957,0.5134507026760269,0.044800699957657564,0.0428536180207216,0.6474445160753604,0.4749982219621682,0.9494202101855871,0.6952059158429417,0.6682214997751279,0.48801387286235015
31,test,,0.37708428502082825,75.0,75.0,1.3544921875,3.87109375,3.87109375,62,9,4.51171875,11.0078125,4.497496584089782,4.497844132290094,4.5005078527021976,4.571619886364345,4.394609210923375,4.446698612209776,4.832332789440033,5.230628822535361,0.58984375,2.45703125,2.587890625,3.1796875,0.5057642726560048,0.5767789614474997,5.50434055893928,2.9080211751974465,0.5283141811555788,0.044501172869154004,0.019809038339522737,0.641993926013904,0.2501795814325511,0.9351023524195137,0.36806089138392,0.6811289239060088,0.2669781639485148,5.494434527734973,2.8079825944535752,0.5110594330097766,0.03678534326489391,0.01562287767593933,0.6505866848686166,0.24396004519048392,0.9413794142835599,0.3570515297246282,0.669814172654398,0.2540726227339493,17,8,3.24609375,10.5703125,3.2432170834081786,3.2435797655653342,3.2455055343771213,3.3217030113472448,3.1820986495503014,3.2370082902232054,3.5165452424830432,4.074082286386299,0.69287109375,2.248046875,2.380859375,0.5209424346881744,0.580989815919206,2.9485033404189984,0.5356687706451058,0.04410524641912872,0.04677548982916944,0.6459659561177977,0.5116410009144127,0.9351024239667529,0.7559292281825805,0.6963320033040832,0.5581110731035998,5.494434527734973,2.834702984330366,0.5159226067798727,0.03498956710619616,0.03267396155439615,0.6553834448461959,0.4738634858748286,0.9413794876049097,0.6958620530103541,0.6823254842741582,0.5044554112985962
32,test,,0.3469993770122528,74.75,75.25,1.349609375,3.87109375,3.87109375,58,9,4.5703125,11.015625,4.564677139049039,4.565023820059584,4.567715349892762,4.63855690971497,4.496951531834145,4.548803742866793,4.9500284147475835,5.328260267806983,0.5849609375,2.3828125,2.501953125,3.240234375,0.5006248673790433,0.5742336616514216,5.50434055893928,2.922137302705015,0.5308787258737727,0.06659182957939347,0.029019749183134984,0.6435285142432177,0.2461541683249641,0.9351023395166971,0.36120830382180713,0.6822230280525181,0.26244877984863646,5.509967714099954,2.8492927940618813,0.5171160598220147,0.06305987523131673,0.02682129065385262,0.6488814414991833,0.24167443223229906,0.9528134324334125,0.35793578720062075,0.6732977476372595,0.25307719779963966,17,8,3.310546875,10.578125,3.3064082058013344,3.3067701082773646,3.3087179768469963,3.384671483733196,3.274366231004174,3.3290615695461803,3.613915275350578,4.1620957345522935,0.68701171875,2.162109375,2.279296875,0.5221381879343794,0.5808657112120337,2.9606790528219826,0.5378807908267441,0.06763034668578616,0.06837432203515374,0.6471672723858912,0.4944953171882577,0.9351024155015528,0.7287103453273964,0.6980197184220964,0.5394846447232884,5.509967714099954,2.8790426756219865,0.5225153440109176,0.06310393386607593,0.05921255759368075,0.6519146763513213,0.4658042227571656,0.9528135115143268,0.6921631109827326,0.6867924426253813,0.49946713916093466
33,test,,0.3384977877140045,76.875,76.625,1.3447265625,3.87109375,3.87109375,57,10,4.54296875,11.015625,4.536099221472197,4.536446351740191,4.539143168205871,4.610096090178819,4.38221181935751,4.434333470922635,4.83369232654606,5.218854366831093,0.587890625,2.392578125,2.5,3.21484375,0.5018962910465656,0.57567000053744,5.50434055893928,2.946734733044962,0.5353474592445667,0.04284510327299618,0.019218907453011826,0.6485869917510794,0.2544531800405775,0.9351023528854956,0.3705678949818849,0.6814763372489647,0.268926119860782,5.493651142531418,2.8979898902942276,0.5275161846113993,0.04385944557093158,0.01930452798486294,0.6646610729098272,0.2557190854148246,0.9326365125163116,0.36276179676584686,0.6732289761266301,0.2610826291282516,18,9,3.279296875,10.578125,3.284957293010871,3.2853194820844727,3.287283508098868,3.363299775486605,3.2161112592666776,3.2709426712550664,3.5560899338753806,4.106538181718156,0.68994140625,2.173828125,2.279296875,0.5228584133598841,0.5825187964479089,2.991927168352591,0.5435577861354483,0.040593841845122824,0.043709139964834075,0.653916827042992,0.5238246954276968,0.9351024259006966,0.7646993018533045,0.6976027914528595,0.5655605433498543,5.493651142531418,2.9347379705951986,0.5342053753422176,0.04265584027975322,0.043791855356512366,0.6696780726036007,0.5146357571245145,0.9326365846465059,0.7326200676363079,0.6863742072666632,0.535942326268499
34,test,,0.35866445302963257,74.75,75.0,1.3408203125,3.87109375,3.87109375,56,8,4.45703125,11.015625,4.446395854522604,4.446744085684878,4.449384050044427,4.5207079701212445,4.3841762898172725,4.43629234189967,4.828174224607165,5.220712964820222,0.59521484375,2.390625,2.48828125,3.080078125,0.509123994998028,0.5784630676385645,5.50434055893928,2.9445981799152916,0.5349593013704685,0.042667915979803794,0.01996455211087813,0.6461945051030931,0.2630220204788568,0.9351023675975512,0.38461100195387854,0.6819792843404082,0.2792789673279533,5.483692668280172,2.8681131281920065,0.5230258699183302,0.04135650821824122,0.018567424851054115,0.640287778130066,0.25156702638048306,0.9447881640346205,0.37305729179533437,0.6493376436004423,0.25738519040890984,13,7,3.1796875,10.578125,3.17652923699415,3.176892710708576,3.1787635178628992,3.255244796631785,3.17737414602256,3.232293945370114,3.5060579023349594,4.069563317793586,0.69921875,2.169921875,2.265625,0.527310572012225,0.5843417957217433,2.9838430207365376,0.542089100190331,0.03961511226059855,0.04744388442358512,0.6504543194890511,0.5633528215229766,0.9351024309966265,0.8281846561531232,0.6977047721455003,0.6121647571693715,5.483692668280172,2.8979431657412613,0.5284656418664927,0.038952190191087865,0.04240372162004943,0.6450268837884012,0.5216842620574124,0.9447882338227247,0.7720187812479964,0.6626268638228892,0.5457948585358662
35,test,,0.32726359367370605,76.875,77.75,1.3359375,3.875,3.875,56,7,4.48046875,11.0234375,4.473096278473874,4.473444102180693,4.4760879109002545,4.547301039953164,4.2556274460141905,4.308040893872699,4.679343737045463,5.098073475107452,0.59326171875,2.384765625,2.484375,3.126953125,0.5053346366913681,0.5778287437103689,5.50434055893928,2.9529301829106984,0.5364730163934017,0.03851896010987321,0.01781388530800436,0.6444374631045617,0.25965241109999915,0.9351023577953512,0.38067846886687867,0.681335296850845,0.27617469923040483,5.48150258934156,2.9175200270258426,0.5322482256414105,0.04609454928394907,0.021146900254978944,0.6607918427310677,0.2622144544715745,0.9270965959736781,0.373155444805466,0.6524075655462012,0.2612978312926822,16,6,3.205078125,10.5859375,3.2094180858518344,3.209781137732207,3.211657788483778,3.288014824496769,3.1426159663169644,3.197617166687263,3.471616455623509,4.036417673531152,0.697265625,2.16015625,2.259765625,0.5273489776800584,0.5837633825159492,2.994511321612831,0.5440272616761729,0.037391170812488994,0.04351620187189502,0.6507853736156335,0.552041208072079,0.9351024215306438,0.8107656247287675,0.6982947213769748,0.599913700962883,5.48150258934156,2.9550059879036388,0.5390868543325079,0.04506288537697145,0.05177659659924484,0.6650206759293766,0.5493106602218085,0.9270966657092945,0.7889643065467405,0.6641938587054019,0.5593686946312441
36,test,,0.3776535987854004,74.3125,74.75,1.3310546875,3.8828125,3.8828125,66,7,4.6171875,11.1484375,4.597281299439782,4.597627641688869,4.600399827188681,4.671057078157187,4.564628570026308,4.616323671242476,5.0339795592702234,5.392818142610102,0.5859375,2.388671875,2.49609375,3.25,0.5009888902860941,0.5741644282881594,5.50434055893928,2.938091177883707,0.5337771430425255,0.04762952252195962,0.020589634968844295,0.6432535599576985,0.24431365377336,0.9351023419701443,0.3586358344188744,0.6844650595254995,0.26144363622055894,5.489140922005387,2.8535050993975606,0.5198454803661826,0.046134699419773106,0.019230804583690062,0.6208991217153255,0.22913348342616816,0.9439810411817913,0.35051387295463154,0.6797908027165107,0.25327051005390344,14,6,3.341796875,10.7109375,3.34011380937965,3.3404753345476474,3.342466153424226,3.4182648055466602,3.3245095695149414,3.379087592596388,3.668310781309314,4.209914495713051,0.68798828125,2.166015625,2.2734375,0.5263774738616853,0.5814713649650263,2.977430064488446,0.5409240276118045,0.044908385393071626,0.04470357226556057,0.6471913606683888,0.48873937832359,0.9351024180972427,0.7200341661694413,0.6975728410484798,0.5327722930241355,5.489140922005387,2.8858083721401218,0.5257304217807964,0.04372090806659834,0.039599140883512685,0.6244860280138047,0.4413772730850715,0.9439811196141319,0.6751296597425286,0.6949732731563101,0.5002911270275381
37,test,,0.3503207564353943,77.0625,78.0,1.3271484375,3.958984375,3.958984375,64,8,4.72265625,11.5,4.713798799804877,4.71414368806786,4.717116497321545,4.7871616483030195,4.575657587321596,4.6273276421333,5.0626647156418345,5.403347518590351,0.58935546875,2.412109375,2.5234375,3.337890625,0.5044616254260352,0.559588664844702,5.50434055893928,3.0137960439312,0.5475308098509037,0.039575878565804246,0.016929332676126865,0.6663970947310753,0.25077652986436194,0.9351023451143554,0.3553062628856695,0.6979450555755626,0.26412747846519774,5.492236358985169,2.9289361035026857,0.5332866089623065,0.034453926086515096,0.014416292396110905,0.631637273848142,0.23075286867828673,0.9421711228896115,0.34589163377359383,0.6815684557640793,0.2511569057663522,19,7,3.408203125,11.046875,3.40011924752476,3.400480088968159,3.4025758109441915,3.4780684485869195,3.3539991858959777,3.4085105738781305,3.7149443252589887,4.238072411322845,0.69140625,2.19140625,2.3046875,0.5246468789857034,0.5619275769198792,3.0477647545315802,0.55370206873953,0.03672772186246043,0.036766453892439495,0.6722983032400238,0.5098690881139014,0.9351024146151516,0.7231720191568339,0.7007101351282561,0.5374816055806416,5.492236358985169,2.956949206533711,0.5383871001283861,0.030396304948169472,0.02849242339016462,0.6346693336626599,0.4487897009971194,0.9421711951561331,0.672603753751952,0.6887905373458745,0.4953165770649687
38,test,,0.3416753113269806,78.6875,80.0625,1.322265625,3.93359375,3.93359375,62,7,4.70703125,11.421875,4.703512378282962,4.703857391206084,4.70681269423258,4.776910994837436,4.5417895922950065,4.5935385774046145,5.018699164311322,5.371044758343907,0.587890625,2.419921875,2.505859375,3.322265625,0.5044086689721385,0.566433758860272,5.50434055893928,3.093462732040689,0.5620042399114961,0.04591048896634131,0.020370102055429256,0.6967289412272066,0.2707382379863116,0.935102342273197,0.3670050902530967,0.6987628519780333,0.2731076340092433,5.514616494047396,3.004911686909799,0.544899484878662,0.057873291505886826,0.02477259424777779,0.687716987229094,0.2576649617677775,0.9544550627432562,0.35934784344810855,0.7071047021735533,0.26539431365789284,16,6,3.404296875,10.9765625,3.4042735591458215,3.4046343339853298,3.406718991427603,3.4822055004892642,3.28622140058904,3.3408894045719477,3.6379310386877495,4.17340759097151,0.68994140625,2.197265625,2.28125,0.5267431972095765,0.5694287449862755,3.1252731138850836,0.5677833848433504,0.04318552305711876,0.047591671599701575,0.70366923114661,0.5734681377540051,0.9351024184683556,0.7782611565680426,0.6982588642376903,0.5760439433409176,5.514616494047396,3.030636263870539,0.5495642837796386,0.05571455869253317,0.05563881658368558,0.6942248943709748,0.5203246336765134,0.9544551430215513,0.7223853165888592,0.7089185880760223,0.5332081685480142
39,test,,0.34157902002334595,77.5625,78.6875,1.3173828125,3.93359375,3.93359375,63,8,4.65625,11.421875,4.650740736697487,4.651086392285985,4.654010608884182,4.724324116648585,4.351318147930253,4.403511590151853,4.812739073527186,5.18938582798241,0.59228515625,2.390625,2.494140625,3.263671875,0.5041520515028777,0.5652228184016445,5.50434055893928,3.107254420655919,0.5645098422570544,0.04721055277009878,0.021635105285402426,0.7011370894185447,0.2802585269226897,0.9351023510904204,0.37763033628177417,0.6989799003347317,0.2810678967980454,5.489660565185756,3.0333593181391896,0.5525586294672025,0.05420981698865468,0.023749243273385724,0.6957101444992819,0.2692491714079196,0.9421383245613724,0.36845821614482377,0.7202129871905294,0.281979268057164,17,7,3.341796875,10.9765625,3.3344032798367333,3.3347648702979096,3.336810910005853,3.412573653318995,3.346893868578759,3.4014209521596084,3.703255524315673,4.231282683096675,0.6953125,2.166015625,2.267578125,0.5276472030678648,0.569523587746237,3.137955686041679,0.5700874886721002,0.04494362302572341,0.052937038182296045,0.7056402572127212,0.6038207645426722,0.9351024200412716,0.818032471574701,0.6982543856724366,0.6052061715580457,5.489660565185756,3.056609526429533,0.5567939019424794,0.05262980930860284,0.05528063241073606,0.6999035714249482,0.5584279727642913,0.9421383930387863,0.7681950360537836,0.7199331183370345,0.5883772044501783
40,test,,0.31289032101631165,78.25,78.25,1.3134765625,3.9296875,3.9296875,60,8,4.6875,11.421875,4.68433553406775,4.684680806910217,4.687633644207637,4.757805789751915,4.363718742312162,4.415881734518541,4.819540518098719,5.2011902272083645,0.58935546875,2.474609375,2.505859375,3.310546875,0.5021670593593126,0.5630128131106807,5.50434055893928,3.1084549295595103,0.5647279444785169,0.04247287133325628,0.019219759503936118,0.7004694596732515,0.2769224959139391,0.9351023524594506,0.3734487130744493,0.6983884435932213,0.27773349396976577,5.518443409371715,3.0955058297721516,0.5609382211866482,0.048256498832706995,0.021441998708373784,0.7291511095380478,0.2833324204567737,0.9538774751545906,0.37406975284921185,0.7198447779823747,0.28148115790483436,18,7,3.3828125,10.9765625,3.380417726586618,3.380778787061716,3.3828688255880173,3.4584323428421473,3.3980430794734735,3.452451608671067,3.7608277332241,4.280077266043092,0.69189453125,2.251953125,2.28125,0.5243231476247183,0.5688001739742908,3.1423433586131373,0.5708846182327582,0.039476999710259975,0.044733038997586606,0.7040907505974108,0.5857046351426733,0.9351024186342869,0.7947413771271397,0.698239575768528,0.5881165634525328,5.518443409371715,3.12344373047055,0.5660008627009114,0.045296593087871706,0.049737190467228964,0.7328157757964453,0.5940263639241969,0.9538775475301788,0.788225615732977,0.7197123956338363,0.5911369707564464
41,test,,0.3243049681186676,78.0,78.25,1.30859375,3.93359375,3.93359375,55,8,4.640625,11.421875,4.635533564595228,4.635879463874553,4.638802653086777,4.70918007710865,4.299544977733448,4.351858107357483,4.757408539241314,5.139991614419552,0.59375,2.416015625,2.5078125,3.244140625,0.504124309796228,0.5648245704677474,5.50434055893928,3.1034200448056177,0.5638132327705512,0.04647162930924864,0.021407390549279117,0.7004298573526491,0.28124679441122435,0.9351023618842227,0.3793623530239391,0.6990446214642656,0.28237762882367623,5.509727937467679,3.0483662762909267,0.553269836712116,0.04201971090057732,0.019048855607207194,0.717651824338998,0.28332045198621925,0.9539335328700824,0.37711956506863287,0.6896717324137223,0.2728117938551113,14,7,3.328125,10.9765625,3.326209716719767,3.32657143442264,3.3286143544018736,3.4044133625183624,3.225387624951703,3.2801976327710416,3.5736778499882633,4.115389109183346,0.69677734375,2.193359375,2.28125,0.5269021771973408,0.5695954839120008,3.1360457437067724,0.5697405002700464,0.04588411454442198,0.05534436534673782,0.705558568268204,0.6142290991080842,0.9351024295674897,0.8325521189797513,0.6982440559353389,0.6158383903337613,5.509727937467679,3.074228826982066,0.5579638163395432,0.04095201797754022,0.04610801014453982,0.7223777531439062,0.5944086373169978,0.9539335993364366,0.7871975734881327,0.6890362000358783,0.569311624931754
42,test,,0.31951120495796204,78.25,78.9375,1.3046875,3.93359375,3.93359375,62,9,4.62890625,11.421875,4.62271758055277,4.623063669472246,4.625983976721724,4.696414394049014,4.5051954840990005,4.557031588426983,4.990939535922762,5.336169609119054,0.5947265625,2.396484375,2.494140625,3.234375,0.5073329750712364,0.566548770606166,5.50434055893928,3.1061793450223663,0.564314528100519,0.042219719159716895,0.019490196403876718,0.7008118332907891,0.2819230395577286,0.9351023631434758,0.3800745550519524,0.6991181773565822,0.2829352413234157,5.5101781295233225,3.0697168058299455,0.5570993774924482,0.04303015078327643,0.0194809798917456,0.7180654852388946,0.28553046160424916,0.9519620195034495,0.3806706410396243,0.7271023638005776,0.2906234094813688,17,8,3.314453125,10.9765625,3.311582900446805,3.3119447913290316,3.313986739191452,3.389836778137377,3.2303129574319662,3.2851115879126906,3.5795604376929235,4.120088300930426,0.6982421875,2.173828125,2.26953125,0.5264590206116138,0.5696976315262537,3.140685938266173,0.5705835067137275,0.040034622516375684,0.04921813396205702,0.7058299475464995,0.6229546041189157,0.9351024293595769,0.844319363879306,0.6982543949907463,0.6244690770924085,5.5101781295233225,3.099356215190308,0.5624784067477014,0.04129186691034992,0.047429255205087936,0.7226950653368673,0.614214135315038,0.9519620832733038,0.8188780051538868,0.726255053356339,0.6241226577998749
43,test,,0.35278746485710144,76.625,76.375,1.2998046875,3.9375,3.9375,61,9,4.6640625,11.4375,4.656432000730221,4.6567776430731795,4.659738173292555,4.730004995978902,4.3665406135531875,4.418697861825045,4.831714272291843,5.203894312676696,0.59228515625,2.4140625,2.5078125,3.287109375,0.4979479860937301,0.5613159449279028,5.50434055893928,3.067273969310703,0.5572464015383862,0.04808112313291257,0.021555536334644337,0.6997649561933095,0.27439681348372824,0.9351023501312516,0.3703845513300445,0.6948276574818095,0.27405976372918517,5.505990884701856,3.0178592210573223,0.5481046525961941,0.05160367534159249,0.022592026126575022,0.7202320814010035,0.27595147496532163,0.945207965576139,0.3657512922302311,0.6993598005249471,0.26956960087421095,18,8,3.35546875,10.984375,3.355392058420751,3.3557533872101453,3.3578221504671077,3.433487778057975,3.3546549863191544,3.4091641462149775,3.713614643947176,4.238687542184252,0.69482421875,2.1953125,2.287109375,0.5212434308411406,0.566243647699272,3.1027386099162957,0.5636894332196285,0.048497612535150836,0.05438283780360638,0.703891309278907,0.5810534380941427,0.9351024194982802,0.7885225974408487,0.694356726212213,0.5803104044480439,5.505990884701856,3.0462477823565637,0.5532605930787905,0.05170390398745717,0.054224731699014116,0.7279650060710772,0.5690104982821075,0.9452080301723615,0.7539656568492906,0.6994613170165511,0.5534964456296874
44,test,,0.3174309730529785,77.5625,78.6875,1.2958984375,3.93359375,3.93359375,54,9,4.7265625,11.421875,4.713840606524647,4.71418547754418,4.717137537676675,4.787199905327441,4.558336731397033,4.610047517626448,5.040691026688689,5.3868326405003435,0.5859375,2.3984375,2.5,3.34765625,0.5054099851984677,0.565344785377499,5.50434055893928,3.1198363471495565,0.5667956613045702,0.0434675993077267,0.01944730133326782,0.7030378915184485,0.27518615518002915,0.9351023448365865,0.36971406260502154,0.698582207100146,0.2750439572330546,5.496092599309432,3.0815489203282045,0.5606799493726492,0.0511950566909638,0.022448875821385026,0.7205147153612028,0.2768484089841856,0.9398042380399012,0.36422481367347176,0.7106494607608616,0.275049878883129,19,8,3.423828125,10.9765625,3.4191228336904462,3.4194833943273206,3.421574318214132,3.496997528564858,3.3700855074717713,3.4245593531521723,3.7301929134849776,4.253414334882516,0.68798828125,2.177734375,2.27734375,0.524736675033806,0.5687335624695048,3.1539810326185123,0.5729988903932034,0.04102182063940063,0.04514534804667403,0.708058157619246,0.576460817040606,0.9351024159273944,0.7774565899096761,0.6982440422952436,0.5754414345890885,5.496092599309432,3.107070418605115,0.565323520749179,0.049171383394695845,0.05176067271348683,0.724529171103212,0.5695900931308726,0.9398043095352584,0.7519972793789095,0.7100381039603585,0.5665938795317589
45,test,,0.3396187424659729,77.0625,77.5625,1.291015625,3.93359375,3.93359375,69,9,4.859375,11.421875,4.855024433916316,4.855367458426053,4.858358666101351,4.927868572920866,4.580522409906099,4.632181543920973,5.061746649470459,5.407993466496728,0.57470703125,2.431640625,2.568359375,3.501953125,0.5057123080011161,0.5655309143908006,5.50434055893928,3.051617383458386,0.5544019943501555,0.0658066943141904,0.027059392344436554,0.6943910704876686,0.25236274969961003,0.9351023197766928,0.34302520411646775,0.6989385681117941,0.25539650774641376,5.520133370385516,3.0116951676577903,0.5455837686485931,0.06422009642705717,0.025799992252645246,0.6992805353673202,0.24935381501464052,0.9591107568108361,0.34350466277092145,0.7158890177975792,0.25645053164500914,24,8,3.578125,10.9765625,3.574456726635995,3.57481543832992,3.576974674176102,3.6517955360922674,3.506106936336904,3.5602643128338647,3.874195058168499,4.3831563407099985,0.673828125,2.212890625,2.353515625,0.5236852117168083,0.5686204665337146,3.0858082948100134,0.5606136215170283,0.062450863321702244,0.055372555910489285,0.6979396870240002,0.482184198302798,0.9351024013891545,0.6576240269772503,0.6982664332713222,0.48742035731115874,5.520133370385516,3.036259692028605,0.5500337561258158,0.06318181330953365,0.052974054690386636,0.7047998278012333,0.46740101525237027,0.9591108405981821,0.6412561985540494,0.7153232472575954,0.47845452439025044
46,test,,0.3517691493034363,77.5625,79.1875,1.287109375,3.93359375,3.93359375,64,8,4.6875,11.421875,4.679549160068614,4.679894651351718,4.682856728893793,4.7530628934952786,4.477848203928414,4.529746401176069,4.948777164315603,5.31006193898311,0.58935546875,2.453125,2.56640625,3.294921875,0.5002506113239823,0.5645947979022925,5.50434055893928,3.1150283515465347,0.5659221696389404,0.03972145927075399,0.018036062261486487,0.7028441856665966,0.2786897371202482,0.9351023646038437,0.3745735030640653,0.6991605873672952,0.2788744326578095,5.500606321305021,3.0305029149333054,0.55093979425423,0.04053439878095588,0.01783933187765552,0.6747570294067433,0.2580949949018314,0.947492710938314,0.36491251662073104,0.6851727889513013,0.2642778980231057,16,7,3.37890625,10.9765625,3.38458346416719,3.3849444986808077,3.387053341229228,3.462588223274891,3.3354907741774737,3.390045319626985,3.6955833217354748,4.220420006963009,0.69189453125,2.240234375,2.353515625,0.5219359234018996,0.5680658029423508,3.1507331170491986,0.572408825964134,0.038694832699558646,0.04478545414420831,0.7067130387011789,0.5970734224019535,0.9351024344312151,0.8074351295472288,0.6982440607990643,0.5974284211572111,5.500606321305021,3.0597211408478935,0.5562516133897715,0.04009587038137763,0.04223418655482334,0.6779991901678786,0.5249491668276104,0.9474927824151687,0.7439074962443034,0.6849164141183905,0.5393893087144295
47,test,,0.34705686569213867,77.5625,77.75,1.2822265625,3.93359375,3.93359375,64,9,4.640625,11.421875,4.656567335486641,4.656913000814639,4.659847237960512,4.730143812159362,4.313791291185846,4.3660686260693,4.762294634389087,5.153540923966704,0.59375,2.421875,2.509765625,3.26171875,0.5037135642672924,0.5643931972018612,5.50434055893928,3.086662752098186,0.5607688548785951,0.056441842816314924,0.02590391969949901,0.7016032945122852,0.28080802010745887,0.9351023650692687,0.3781243708521989,0.6988642648622614,0.28138746603358583,5.509005695307173,3.0351118425177237,0.5509364140071906,0.0577659153465504,0.025895700564164865,0.7103697702373983,0.2770500195954422,0.9544991117829493,0.37402379084844917,0.7025926066355899,0.275491914302902,17,8,3.328125,10.9765625,3.3294228986459324,3.329784573521826,3.331824110535912,3.4076147488903668,3.2763689194631604,3.3310607483364456,3.628119535046509,4.164023238106138,0.69677734375,2.20703125,2.2890625,0.5263222311464119,0.5690521037998016,3.1174830802203632,0.5663681319931122,0.05735650281835891,0.06759008978738963,0.7077680963131474,0.6058531341684791,0.935102431077274,0.8183246159332435,0.6982543967084407,0.6054203186799628,5.509005695307173,3.060632280169981,0.5555689083380636,0.05741182022708369,0.06394805832865395,0.7156931813030329,0.5813338006192683,0.9544991779620853,0.7829872627686598,0.7018120405953754,0.576487150277186
48,test,,0.3235183656215668,79.1875,79.875,1.2783203125,3.93359375,3.93359375,57,9,4.62890625,11.421875,4.616065424460004,4.616411655109374,4.619329933847161,4.689795251830803,4.427354407731526,4.479371820525999,4.90315759453428,5.26192506181123,0.5947265625,2.400390625,2.4921875,3.23828125,0.5098796547014393,0.5664331461632993,5.50434055893928,3.116805699944294,0.5662450690632633,0.0445836073938457,0.020589486536098822,0.7025906743013097,0.28273473698551227,0.9351023612492337,0.3802051297632913,0.6989860912509656,0.2829785519450293,5.5104191658330315,3.0814853446484536,0.5592106973921309,0.04370009961604726,0.019924638711808225,0.7150709687006822,0.2840437300572498,0.9552871810776447,0.3828390693446515,0.7132777020121166,0.2866737214343605,17,8,3.30859375,10.9765625,3.3065171138378537,3.3068790710512723,3.3089168480790727,3.3847896721295765,3.312752467755436,3.36735915666844,3.6674763646967294,4.198719934255379,0.6982421875,2.17578125,2.265625,0.5262962612923262,0.5691009828893666,3.150155192065669,0.572303831555205,0.04151266787404406,0.05221939574560064,0.7084186728688735,0.6355865859288518,0.9351024324601465,0.8586195180351966,0.6982440588279974,0.6349339673677641,5.5104191658330315,3.1105679395994885,0.5644884437986764,0.04075419555481741,0.047876943500041944,0.7195627511097404,0.6121716047942024,0.9552872517995992,0.8283582772914637,0.7129593371323137,0.6220875934576293
49,test,,0.33240893483161926,77.3125,78.0,1.2734375,3.93359375,3.93359375,62,9,4.6875,11.421875,4.671026135334772,4.671371607740233,4.674309274403306,4.7445490982824765,4.44051362555955,4.492498806730268,4.909588725842562,5.274452672559284,0.58935546875,2.3984375,2.494140625,3.291015625,0.5086231895556275,0.5656315380904814,5.50434055893928,3.102364614082374,0.5636214875992736,0.04285746802757817,0.019319866696791425,0.6983204366188636,0.27515304152994247,0.9351023568464223,0.37219176351705074,0.6989052110101026,0.27700745858964004,5.518505468304808,3.044550417580039,0.5516983601930314,0.052401709234472627,0.023135737905014265,0.7093376450769515,0.27264022809820915,0.9587206659892731,0.3700674114044681,0.7056473312683451,0.2716861528964136,18,8,3.376953125,10.9765625,3.373414303052508,3.373775459710257,3.3758481740528152,3.451455344424041,3.322011727014695,3.376596316764158,3.6766400849248275,4.20754355811197,0.6923828125,2.173828125,2.267578125,0.5261456908045081,0.5694852753644565,3.133103297481118,0.5692059319245476,0.03967479560485021,0.0453568570565884,0.7035036308884237,0.5890266999897442,0.9351024320907646,0.8000290691597417,0.6982538749798026,0.592006342325924,5.518505468304808,3.067902061150406,0.5559298760816149,0.04979822416708757,0.05303871243584741,0.7154201729404308,0.5608190344412781,0.9587207445001633,0.7581216355263087,0.7051752938331637,0.5547216083355117
50,test,,0.3589501976966858,76.625,78.0,1.26953125,3.93359375,3.93359375,55,9,4.6875,11.421875,4.690495102607086,4.690840372748824,4.693796644885191,4.763955811473832,4.457230352522334,4.509176919299297,4.930467629433628,5.290401883695768,0.58984375,2.396484375,2.513671875,3.302734375,0.500298332429114,0.5630177425401767,5.50434055893928,3.087713154484379,0.5609596865277173,0.0438610800932544,0.019678108465391954,0.6991316534655363,0.27432509856494475,0.9351023574615489,0.3706255872081027,0.6988005521754719,0.2758054013919638,5.491177593526501,3.037634828118418,0.5531845904418494,0.05221668122356693,0.022845674089417026,0.6920907419722457,0.265957718928923,0.9447506981769322,0.3647763865483718,0.7079797076253449,0.2734006640674115,15,8,3.376953125,10.9765625,3.375549560663318,3.3759107079244575,3.3779989294132045,3.45358609793502,3.3174831316574283,3.372079264220688,3.674460047074049,4.203238967304329,0.6923828125,2.173828125,2.291015625,0.5226514010746511,0.5678336648421511,3.11728162214899,0.5663315321371956,0.041479794022291294,0.046314535571711384,0.7039174510974107,0.5792440823378479,0.9351024283488956,0.7859847287787578,0.6982440547167439,0.581697691895325,5.491177593526501,3.060965029989881,0.5574332605083515,0.052022663130681934,0.0546498562087148,0.6972990521412683,0.5496781924314079,0.9447507740777707,0.7520434221066161,0.707048291312427,0.5630118547928936
51,test,,0.34971028566360474,77.5625,77.5625,1.2646484375,3.93359375,3.93359375,61,10,4.640625,11.421875,4.6343025286358905,4.63464847914883,4.637584273103788,4.7079592967537485,4.470785206666735,4.522700126707616,4.945727534710819,5.303329522437136,0.59375,2.439453125,2.501953125,3.24609375,0.5059884085746603,0.5650995749338836,5.50434055893928,3.1037696491585534,0.563876747073344,0.04483666025357369,0.02063056833544199,0.6956823667198453,0.27906148285088106,0.9351023604348452,0.3789794935237557,0.6990305813365723,0.2820882057617803,5.5130743912800035,3.0397371327716423,0.5513687857322542,0.04126445292067782,0.01852750574544291,0.6930363397959907,0.27110537489524944,0.9630251316644465,0.3775564142946817,0.7039981471789147,0.27722962486753916,20,9,3.32421875,10.9765625,3.322728175784139,3.3230899140575176,3.325136999438978,3.400940599146152,3.281032240205165,3.335712959998185,3.6344609913488313,4.168467558500029,0.697265625,2.2265625,2.28125,0.5250381895863107,0.5689629721119833,3.13319240594985,0.5692221206882656,0.042392679458215454,0.05127367894250438,0.7008525839241688,0.6113422248498088,0.9351024344399592,0.8342407379881353,0.698257604349485,0.61708769192836,5.5130743912800035,3.0661765591496373,0.5561645538466504,0.0381066981253646,0.04258768042045152,0.697495457097455,0.5698872744190844,0.9630252036900018,0.790491422758692,0.7035850661125913,0.5829267429666121
52,test,,0.36235854029655457,78.9375,80.0625,1.2607421875,3.93359375,3.93359375,62,8,4.64453125,11.421875,4.642170199514387,4.642516125617609,4.645455660910402,4.715811311440122,4.419051810541937,4.471088723394316,4.88873191903095,5.254008247574899,0.59326171875,2.3828125,2.490234375,3.248046875,0.5015357029689923,0.5622603443235873,5.50434055893928,3.10211194106118,0.5635755832773138,0.04594686332330156,0.021073719634012326,0.6903723590928843,0.2761582292599708,0.9351023680676196,0.3779104210106896,0.6988468428752173,0.2812219214444238,5.497578610464705,3.054955752635392,0.555691144974307,0.03868810063434314,0.017595224723072986,0.7056088419377584,0.2778054528175804,0.9392704269813708,0.3722949024029875,0.6945250201307731,0.27404487156214025,16,7,3.328125,10.9765625,3.3312881168908133,3.3316497997627543,3.33370970288833,3.4094788069346733,3.310132518465184,3.364745282421966,3.666148704802451,4.19622073502901,0.69677734375,2.158203125,2.265625,0.5225212039991662,0.5671440712465524,3.133152636357983,0.5692148955554016,0.04351048690893666,0.05209342465272264,0.6938308645453581,0.6007904124127852,0.9351024354581403,0.8280008021094033,0.698256976040291,0.6125145196752423,5.497578610464705,3.0831180905839077,0.5608138253294198,0.0374679876288333,0.043640943049426666,0.708730835704193,0.5907537923223365,0.939270498078467,0.7941830568291999,0.6937852176146313,0.5810036845528257
53,test,,0.3343089520931244,78.9375,80.0625,1.2568359375,3.93359375,3.93359375,62,8,4.63671875,11.421875,4.632019549665681,4.632365598341753,4.635291686374332,4.7056958183787,4.42040891520465,4.472442044501691,4.896806476751197,5.255293765413397,0.59375,2.39453125,2.50390625,3.21484375,0.5010682867791199,0.56306388318167,5.50434055893928,3.127138636656592,0.5681223033298671,0.043544349351709144,0.02029974315620926,0.7042228138148312,0.28572436822407166,0.9351023715140165,0.38336765330517325,0.6988700628608813,0.2852747674915321,5.4967984941234596,3.0710442841273995,0.5586969010071234,0.0448019701418918,0.02056315835733612,0.7021432674505892,0.2787149230658346,0.9412319969084555,0.3752975829846359,0.6951649161966866,0.27673050888521256,16,8,3.3203125,10.9765625,3.317078293119414,3.31744013948263,3.3194889125837665,3.395317127295958,3.266119368581669,3.320834906642499,3.6187724118680826,4.154244940881503,0.697265625,2.169921875,2.279296875,0.5245017162879234,0.5676419096960947,3.160067268434593,0.5741046061008183,0.04103778256606638,0.05150112250347264,0.7093459119562793,0.6353546271298615,0.9351024391709091,0.8571506433875491,0.6982440655387583,0.6338582484000841,5.4967984941234596,3.1003972197534178,0.5640369067681857,0.042934297640578656,0.051631248989319804,0.708730972354747,0.6047070800916563,0.9412320731750814,0.8108695496302576,0.6943741722863868,0.5960950227563769
54,test,,0.3230264484882355,80.3125,80.3125,1.251953125,3.93359375,3.93359375,62,10,4.75390625,11.421875,4.751641723929791,4.751986126511862,4.7549547044811025,4.824867797959931,4.469250102880693,4.521167062829724,4.934796131737498,5.3018421985212365,0.58349609375,2.39453125,2.513671875,3.376953125,0.5038005043881284,0.5658136567027708,5.50434055893928,3.1254563455400604,0.5678166734186147,0.04681162443139364,0.02057277689589032,0.7035140248854335,0.2710995094631842,0.9351023406039518,0.3639201627958179,0.698927819751809,0.2708853780873466,5.519292115293364,3.1002169547834404,0.5617055394102213,0.04970623840566013,0.021657880035079933,0.711508217382038,0.27133920433667996,0.9552369357532804,0.36660424530896074,0.7137688655050001,0.27359700292627437,19,9,3.453125,10.9765625,3.4472784256851954,3.4476386993450077,3.449755628709274,3.52506404881855,3.425469965654574,3.47981511325504,3.790667204474793,4.3062443531700065,0.685546875,2.171875,2.291015625,0.5248501100066163,0.5695637479454841,3.1585754566342086,0.573833581482263,0.04471949160396793,0.04785057304330964,0.7090506264022647,0.5653457665301018,0.9351024172212989,0.7610653536730692,0.6982543828524639,0.563421765197642,5.519292115293364,3.132252976492527,0.5675099108839322,0.0466605961186195,0.04817208900943328,0.7173824866219967,0.5536351210032434,0.9552370100670329,0.746749425186226,0.7131200384393983,0.5560861987939838
55,test,,0.32856255769729614,77.75,78.6875,1.248046875,3.93359375,3.93359375,61,8,4.69140625,11.421875,4.679556609777592,4.679901888966763,4.682839571754124,4.75303497858815,4.488140864251208,4.540014936640675,4.9640346051958195,5.319876891952739,0.58935546875,2.41796875,2.509765625,3.29296875,0.5066121334458755,0.565408707701756,5.50434055893928,3.121160036350539,0.5670361422825927,0.04617540306795398,0.020943712312129714,0.7032385684308213,0.278580701321215,0.935102349516689,0.37421332569872723,0.6991570505708227,0.27860600781803657,5.5062829249192005,3.0756074280775927,0.5585632758096469,0.049272721596751445,0.02196571954332927,0.7176894824703286,0.2789312920109394,0.9570035820511835,0.37405860069942587,0.7073761260877385,0.27796003972108607,19,7,3.37890625,10.9765625,3.381021089245529,3.3813821141591114,3.3834563385417575,3.4590290399758588,3.325430192044542,3.3800079526564866,3.6829849811747852,4.210820859140702,0.69189453125,2.1953125,2.28515625,0.5242633116419884,0.5685612800687384,3.1532220463066722,0.5728610017026848,0.04340997331370744,0.050404730107780085,0.7090815931841652,0.6004830052988399,0.935102423400207,0.8093754091036763,0.698244049768058,0.5988509545672223,5.5062829249192005,3.1067419657902877,0.5642176415836598,0.046766280286756334,0.051186241808314444,0.7235598783482384,0.581881913706109,0.9570036536012978,0.7787372812884343,0.706491442073081,0.5812977862050073
56,test,,0.34874317049980164,76.875,78.25,1.244140625,3.93359375,3.93359375,65,10,4.69921875,11.421875,4.691922458539434,4.69226765475342,4.695218768217282,4.765368515451095,4.422728989679087,4.474753153822047,4.8824545443074525,5.257453728864565,0.5888671875,2.40625,2.505859375,3.314453125,0.5010312893748184,0.5625551267392294,5.50434055893928,3.0981844031766794,0.5628620485963751,0.044503978259058385,0.019947423816903995,0.6970861416569756,0.273293395210222,0.9351023482149587,0.37031203404485685,0.6990021067140253,0.27565253171563253,5.510934278183985,2.997264483627447,0.5438759259918327,0.06268027281770028,0.02697409253383408,0.7072217655865236,0.2652293699027701,0.9514064508805555,0.360115522620854,0.7014768054617555,0.2649076501703475,22,9,3.388671875,10.9765625,3.3769849052368413,3.377346027978543,3.379425411995769,3.455015010228011,3.384385801373859,3.4388262583094384,3.7464319744111774,4.267052788549138,0.69140625,2.18359375,2.28125,0.5246131093092684,0.5686424684889692,3.1256208308680646,0.567846556258574,0.041326896037941374,0.045861288351375026,0.699809583974381,0.57326105833924,0.9351024250661562,0.7823565027431569,0.6982529134066473,0.5790435154999496,5.510934278183985,3.0177315096725654,0.5475898200453584,0.060964347180682665,0.06072673738966913,0.7101783782646418,0.5273686940538588,0.9514065261970002,0.7195962144264113,0.7008789048037123,0.5276921356375515
57,test,,0.4109148681163788,75.0,75.4375,1.2392578125,3.93359375,3.93359375,69,9,4.7265625,11.421875,4.713657592198743,4.714002436893297,4.7169545307164515,4.787013430883624,4.623386358444814,4.674944636547835,5.103192091323998,5.448861802933887,0.58642578125,2.4375,2.517578125,3.365234375,0.4991016407458331,0.564757219401254,5.50434055893928,3.111516274116088,0.5652841136551507,0.042446746902781385,0.018946203560150046,0.6998932948356229,0.27339511307773995,0.935102342546628,0.3689504785006654,0.6990179522807232,0.2746494806690853,5.495259024115149,3.009210856448072,0.5476012765262903,0.0484736231029812,0.020896035483797006,0.7069931908985518,0.26551001985989814,0.9475628815048625,0.3577904780578641,0.6830429571347061,0.257820624511542,19,8,3.419921875,10.9765625,3.4182880302879144,3.4186485927963153,3.420735967282983,3.4961642739857384,3.3648624513439684,3.41934801716575,3.7235417312565438,4.2484260415557396,0.6884765625,2.21875,2.29296875,0.524279745405345,0.5696509602545606,3.1400231068484277,0.5704630869448836,0.0405669252796832,0.044336778963961716,0.7045726350792032,0.5706907498610669,0.9351024203280112,0.7733983809748076,0.6982440466958613,0.57246390533697,5.495259024115149,3.030975212485011,0.5515618461630316,0.04785477984057174,0.047478201283741264,0.7093560444367943,0.5250780548363161,0.9475629592837835,0.7089601692666267,0.6824699360352691,0.510267528626983
58,test,,0.34112027287483215,76.875,77.5625,1.2353515625,3.93359375,3.93359375,60,8,4.69140625,11.421875,4.680353871844806,4.680699300649628,4.6836455644201855,4.753855557189079,4.553821115950704,4.60554267959947,5.0324521578712424,5.382529433139448,0.58935546875,2.41796875,2.51953125,3.302734375,0.5011715255273856,0.5654793349295799,5.50434055893928,3.1130112690990828,0.5655557165777874,0.05601886200587369,0.025184068423358803,0.703241014625192,0.276431121930587,0.9351023583039071,0.3712952737725022,0.6987815595944058,0.2762941512114994,5.516178311684987,3.050468382755768,0.5530039477320601,0.04969485610709068,0.021912010410293725,0.6957705143935042,0.2668195003077955,0.9569725914140932,0.36897105549072884,0.700389770997929,0.26979315783543834,14,7,3.3828125,10.9765625,3.377408432760009,3.37776955631092,3.379848611169672,3.455438274339747,3.3750667002930967,3.4295293942712215,3.735956188699821,4.258172063401849,0.69189453125,2.197265625,2.294921875,0.5237141252378368,0.5686301910943853,3.146987207937997,0.5717282886552427,0.057647028380001686,0.06581141270960937,0.7085601304890741,0.5926563343390447,0.9351024320264862,0.799196725646641,0.6982440583943346,0.5913876573543819,5.516178311684987,3.074745605467891,0.5574050423559769,0.04846561620021994,0.05161431918931426,0.7000641987021918,0.5474757365574399,0.9569726663930505,0.7566837987530464,0.699456769459486,0.5520169999223601
59,test,,0.3296743929386139,78.0,78.5,1.2314453125,3.93359375,3.93359375,62,9,4.625,11.421875,4.615341398509753,4.615687655864644,4.618611055978016,4.689077047488589,4.362488300539095,4.414655264472783,4.827070429613572,5.2000333038145135,0.59521484375,2.412109375,2.5,3.240234375,0.5045334652803055,0.5662656142829645,5.50434055893928,3.126033158320525,0.5679214657682683,0.041148515317484424,0.01925198134942583,0.7029896257338146,0.2861183319037513,0.9351023725666341,0.3845822961306375,0.6989474166184051,0.2862063563799273,5.510678987499778,3.084212934961964,0.5596792957742738,0.05298108251901201,0.02437061712696542,0.706468925706722,0.28238404502652104,0.9552937621983562,0.3843519873330089,0.7050794608060462,0.28346538497076307,17,8,3.306640625,10.9765625,3.304463735223484,3.304825722133102,3.3068668784489503,3.3827444923754837,3.2191224006474597,3.273946895413545,3.567193437210477,4.109411833456816,0.69873046875,2.189453125,2.2734375,0.5251052487971751,0.5690044791737165,3.158310602346517,0.5737854641310826,0.03867550916450835,0.04884666905912147,0.7085971550266255,0.637573037311138,0.9351024374946002,0.8611440440277757,0.6982529258350914,0.6367907871085731,5.510678987499778,3.1138288857004803,0.5650535791984572,0.05072701805422941,0.06076309116775143,0.7112231533687599,0.6117202402015807,0.9552938321960056,0.8333534650831923,0.7042034192753839,0.6133025007572178
60,test,,0.36008691787719727,78.0,78.9375,1.2265625,3.93359375,3.93359375,63,8,4.62109375,11.421875,4.609365781116164,4.609712106932783,4.612630293981632,4.683121735558099,4.4398807997159055,4.49186748606895,4.912830648617184,5.273849764254972,0.59521484375,2.396484375,2.494140625,3.232421875,0.5050537172511487,0.5635533286289306,5.50434055893928,3.0911752410899975,0.5615886604381336,0.045547961492695244,0.02113409782762256,0.698711695379429,0.2823291733441634,0.9351023726263801,0.3817837551737978,0.6989062457740607,0.2841159478183318,5.4990326626403405,3.0187485630054827,0.5489599259001385,0.03929179194212118,0.017663430684525104,0.6891993340891371,0.2698447387377088,0.9475001607159363,0.37309438349766944,0.6942659956294435,0.2741281846515875,18,8,3.3046875,10.9765625,3.303536427072627,3.3038984460249563,3.3059351568259485,3.381823819211093,3.2586786653124067,3.3134113787965567,3.608361515050273,4.147145623520542,0.69873046875,2.171875,2.267578125,0.5268962191471052,0.569368785568724,3.1228007006488387,0.5673342096497426,0.04360116355074428,0.05320165269693028,0.7044814322233366,0.618416866633859,0.9351024397030336,0.8396694396717822,0.6982440660708855,0.6210532725304649,5.4990326626403405,3.040634336363245,0.5529398574081746,0.036953239484977196,0.041204490621172755,0.6940555670150657,0.5659231027273646,0.9475002326088662,0.7818131413520426,0.6934638578821364,0.5754948463886894
61,test,,0.3871212303638458,76.1875,76.625,1.22265625,3.93359375,3.93359375,62,10,4.57421875,11.421875,4.569277083515027,4.569623868523122,4.572446310178035,4.643167806780333,4.328507234226739,4.380750864628963,4.7725102686989445,5.167585134362528,0.599609375,2.4375,2.541015625,3.173828125,0.504702151778529,0.5646552022414104,5.50434055893928,3.0242078199712923,0.5494223672370439,0.0648191890309926,0.029667610442085664,0.6780428713798194,0.27073298370983073,0.9351023704333841,0.377216034676372,0.6990764369977036,0.2807996222415041,5.4855052730496165,2.9573676447894472,0.5391240182229058,0.059709029822514914,0.026935244201951057,0.6972190837010643,0.2723600530255327,0.9340036685201296,0.36703736833130013,0.6900505101019583,0.26967301658422954,19,9,3.248046875,10.9765625,3.2460241249706963,3.246386793791156,3.2482754472647843,3.324503894252222,3.2826074814965507,3.337283408724191,3.621216004297604,4.169952966095681,0.7041015625,2.21875,2.3203125,0.5305238145488252,0.5710441506259994,3.0493477651654284,0.5539896618884091,0.0657517419316509,0.07837112880480207,0.6820314750640692,0.5886670917829789,0.9351024390056732,0.8252680924143247,0.6982440653735225,0.6105005008074296,5.4855052730496165,2.9720576063793507,0.541801977838053,0.05950376304627536,0.06705940664848647,0.7000374987368243,0.5689124135154077,0.9340037403510637,0.7685521413857582,0.6898023137242424,0.5610847140290902
62,test,,0.3807046711444855,77.0625,78.0,1.21875,3.93359375,3.93359375,73,8,4.66015625,11.421875,4.649209643381479,4.649555511858978,4.652486127113273,4.722830372312142,4.370255103131729,4.422404077506491,4.8311581129074375,5.207442538502636,0.59228515625,2.396484375,2.51171875,3.2734375,0.49799906475498024,0.5636190776013641,5.50434055893928,3.0623006685905594,0.5563428780977686,0.05661214080599475,0.025281416794313057,0.6937954451596564,0.2711300612402918,0.9351023653416402,0.36911125370559617,0.6987698515965803,0.2746711330058485,5.507198064666487,3.0046958599182796,0.5455942976149782,0.05139764864077634,0.02241448776968934,0.6846598338823293,0.26101800346678145,0.9512343585870848,0.36568196189083346,0.7051287519595126,0.2712870283531963,17,7,3.345703125,10.9765625,3.3366391188995586,3.3370007603522307,3.3390469137687995,3.414815173623433,3.3323207561238903,3.3868833139283705,3.6920929280813315,4.217405629055423,0.6953125,2.173828125,2.2890625,0.5249085442543487,0.568397133347551,3.087904318798024,0.5609944162672017,0.05683807180406664,0.06361649725939812,0.6989705054460433,0.5761984526209312,0.9351024402239148,0.7874157109918379,0.6982440665917657,0.5827473471872281,5.507198064666487,3.023082523722493,0.5489329579624569,0.05045558366244318,0.052323504805836356,0.6881159239325827,0.531658190206317,0.9512344371492834,0.7475277832584382,0.7045641178913105,0.5545810296847286
63,test,,0.34167924523353577,78.6875,79.625,1.21484375,3.93359375,3.93359375,66,9,4.62109375,11.421875,4.6192947224527465,4.619640963380311,4.622565041984633,4.693021806523802,4.471535486724873,4.5234486217594725,4.9444738497847025,5.304044323075232,0.59521484375,2.39453125,2.48828125,3.236328125,0.49978508363799284,0.5636048797097644,5.50434055893928,3.104066997919076,0.5639307678515533,0.044374093540759496,0.020568392100776475,0.7021210991598785,0.28345436853879674,0.9351023742037805,0.3814405037655032,0.6989073465482276,0.28386205681200605,5.519531948250692,3.068225756553198,0.5558851339787266,0.047110280726374576,0.021539695948266158,0.7141369346093294,0.28336730113435343,0.9560859400144199,0.38168820244466684,0.7067313592813385,0.28200808955096823,19,8,3.302734375,10.9765625,3.305348136491218,3.3057101376836093,3.307753083990173,3.3836300756008595,3.2582371683628217,3.3129716336699304,3.6109618423179137,4.146735329691726,0.69921875,2.16796875,2.26171875,0.5242767879910111,0.5688448242781955,3.13595879736636,0.5697247043105702,0.0429658606521075,0.052964585645128785,0.7070482669894886,0.6252402337454852,0.9351024433282218,0.8459948031898954,0.6982529316687129,0.6256951234172401,5.519531948250692,3.0976702416425757,0.5612197321594129,0.04600848588359696,0.0545965808889869,0.7204319938146506,0.6127464025116155,0.9560860047339537,0.8238933846849826,0.7060800880142306,0.6078361116773764
64,test,,0.3626410961151123,78.25,79.875,1.2099609375,3.93359375,3.93359375,60,9,4.71484375,11.421875,4.700154027182004,4.700499127947039,4.703449830006675,4.773572372456143,4.4576067860051864,4.509551417892975,4.926547005826151,5.29074528371247,0.58740234375,2.4140625,2.517578125,3.333984375,0.5010869493453521,0.5643055519840255,5.50434055893928,3.1201316025632027,0.566849301774393,0.04076852840549705,0.018369667233742185,0.7018590585678623,0.2764352790855906,0.9351023623061829,0.37203942585985306,0.6989348208954036,0.2769062867871055,5.504330303737816,3.0675147749472185,0.5572911881512936,0.045025218800764044,0.019621024199178366,0.724488669508756,0.27704231507326915,0.9507897443870297,0.3671686730640869,0.7167615190265808,0.2772144938509235,17,8,3.408203125,10.9765625,3.4039686651377856,3.4043294597191642,3.4064178035690467,3.4819048880967944,3.321620689706285,3.376207256572443,3.6786282675128312,4.207186393571934,0.689453125,2.19140625,2.29296875,0.5247295083171406,0.5704638639853712,3.156112463188476,0.5733861176272637,0.039419663930414295,0.04432679572841201,0.7082802337453717,0.5858783119561843,0.9351024275866227,0.7901784499662295,0.6982440539544728,0.584773770325226,5.504330303737816,3.097622023413159,0.5627609268487508,0.0444345968664015,0.04645934173891408,0.7290199215066346,0.5709928012937235,0.950789821524066,0.7599065544305792,0.7160206692495912,0.5740748873430077
65,test,,0.3673001825809479,77.0625,78.25,1.2060546875,3.93359375,3.93359375,58,10,4.703125,11.421875,4.700029955348304,4.700375091580825,4.703331839178198,4.773454187785398,4.415088371694959,4.4671309049334855,4.874607012555449,5.2501746058710435,0.58837890625,2.412109375,2.505859375,3.328125,0.5062744938369921,0.5662018095518732,5.50434055893928,3.1285859699017795,0.5683852473155617,0.04325300632198559,0.01960996117871592,0.7035152793846127,0.2785880313110281,0.9351023616285259,0.37407458255615095,0.6991044245981923,0.27848218289001947,5.502694841934233,3.062992666026882,0.5566350222957702,0.05269931322178767,0.023322534270242508,0.7004248122271477,0.26931351606316734,0.9534439084869044,0.3672257233524273,0.6976184208172667,0.2691632732858536,18,9,3.392578125,10.9765625,3.391530497945017,3.3918914504759803,3.3939821147069225,3.4695112404453994,3.3427183274160024,3.397255775504658,3.7004499381292693,4.22730953439906,0.69091796875,2.193359375,2.283203125,0.5252203382097704,0.5697310008981168,3.1610988322253917,0.574292015251788,0.04028703488190555,0.04649894284656245,0.7089655553278646,0.5977628700348153,0.9351024357672344,0.8057631831924744,0.6982440621350836,0.5962025669239611,5.502694841934233,3.0897280422535673,0.5614936192186714,0.050915666022523176,0.055297229446006034,0.7054980239983584,0.5590520105078883,0.9534439849395113,0.7581947363409651,0.6968475236521927,0.5561523406775172
66,test,,0.3465270400047302,77.0625,78.5,1.2021484375,3.93359375,3.93359375,67,11,4.640625,11.421875,4.6395772760815355,4.639923199426334,4.64285652781199,4.713221832364535,4.442019921986877,4.494001610318833,4.911352523342017,5.275889543886675,0.59375,2.416015625,2.50390625,3.248046875,0.4989728659320311,0.5646984108298869,5.50434055893928,3.1143987185181077,0.565807781181016,0.04566271834337332,0.02109336499449147,0.7027578857362586,0.28286660172578704,0.9351023693335527,0.3802928506871388,0.6988724335540262,0.2829975332422049,5.514729043071235,3.0512084599085885,0.5532834770444723,0.05157625731767723,0.023072339961989097,0.7161218466823067,0.27947199982019816,0.9557749605365471,0.37595403488211215,0.7050300567448327,0.27770556826684445,17,10,3.322265625,10.9765625,3.3266042873052943,3.3269660154347838,3.3290188044251776,3.404809486091412,3.2942181482172987,3.3488683941663795,3.6489275919946222,4.18104775569024,0.697265625,2.19140625,2.27734375,0.5263029098410564,0.5700268731389766,3.145564628176575,0.5714698417538948,0.04322540287317356,0.05278352660719836,0.7080919009367976,0.621928483138853,0.9351024386192748,0.8401423358720427,0.6982440649871267,0.6213997349608869,5.514729043071235,3.0775397033903316,0.5580581891429436,0.049576135505360774,0.055598025928890606,0.720831418760965,0.59148361479846,0.9557750334286981,0.7974499822371544,0.7046133490833091,0.5896139472270276
67,test,,0.3581583499908447,76.875,77.0625,1.1982421875,3.93359375,3.93359375,68,9,4.6484375,11.421875,4.641025866420422,4.641371788767002,4.644291860210832,4.71466762944107,4.445252889842159,4.497227132706938,4.915688185856703,5.278974522469669,0.5927734375,2.419921875,2.5078125,3.259765625,0.5011034871251026,0.565230756099141,5.50434055893928,3.084641659524581,0.5604016732785536,0.06632221783844106,0.03014330066060675,0.7018370165367918,0.2785228152671181,0.9351023677444594,0.37488956123787276,0.6988942558082067,0.2790024207907576,5.505936428284647,3.05185961491944,0.5542852981813732,0.05373460070026592,0.024053917526444146,0.6945021753411078,0.27106187698038053,0.9521034274309992,0.37366694196589495,0.6909833453197765,0.27218611377438007,21,9,3.333984375,10.9765625,3.326620089356326,3.3269818437869705,3.3290198204596413,3.4048297405857975,3.300008491997313,3.354644623169546,3.650332028631419,4.186561165119865,0.6962890625,2.19921875,2.283203125,0.526265851663766,0.5696248766106329,3.11336164107749,0.5656193703387884,0.0660331252694144,0.07714058211675845,0.7067579715621779,0.6011717210389762,0.9351024412160935,0.8130474638434474,0.6982440675839445,0.6015429929062174,5.505936428284647,3.0761584005843194,0.5586984958238402,0.0522609260376381,0.05822401690811575,0.6980369067317973,0.5694475362824204,0.952103501384749,0.7857838612373801,0.6902828626755761,0.5741336019891111
68,test,,0.3897872567176819,76.1875,77.5625,1.193359375,3.93359375,3.93359375,57,9,4.60546875,11.421875,4.591570839460283,4.591917402196208,4.594834407007634,4.665392445982845,4.419143529587203,4.471179915999551,4.894668064029208,5.254091311213588,0.5966796875,2.392578125,2.490234375,3.20703125,0.5024509439138081,0.5645479918049388,5.50434055893928,3.112788325695252,0.5655152133782771,0.05084932193881464,0.023886045397328824,0.7017777846146407,0.2866208279009436,0.9351023734863784,0.3859371068315556,0.6990146222713207,0.2872378169478481,5.503136483323881,3.0259997083679213,0.5498681919915286,0.04908831331475749,0.022030943395291908,0.7123048064833082,0.2794791723891406,0.9503852857841393,0.37620292550863355,0.7123375500618572,0.28240611679373345,13,8,3.28125,10.9765625,3.280185323149455,3.280547623887858,3.282572559570912,3.358553762443904,3.2046489374872973,3.2595075902075124,3.5525128457881294,4.095613691231357,0.701171875,2.16796875,2.26171875,0.5272465825420672,0.5697064675296969,3.145220269955382,0.5714072805410655,0.0489169076385334,0.06258130271162231,0.7077946674398641,0.642703224037863,0.935102441644319,0.8692450704984614,0.6982440680121682,0.6427144622211992,5.503136483323881,3.0473415077639423,0.5537463075826452,0.0476356635524553,0.053804869826645806,0.7167815142877059,0.5944079888264879,0.9503853547218455,0.8030666733212167,0.7116514903106452,0.6033116617078438
69,test,,0.353339284658432,78.6875,78.6875,1.189453125,3.93359375,3.93359375,63,7,4.6015625,11.421875,4.595248805559988,4.595595355697258,4.59850368143544,4.669062718841521,4.346110019435197,4.3983144630447,4.80369629684468,5.184401792803005,0.59716796875,2.400390625,2.498046875,3.203125,0.5034600057938788,0.5636549528669436,5.50434055893928,3.0905500619043673,0.5614750811312328,0.05764493364604295,0.02692090748111518,0.701379767896869,0.28501015346229663,0.9351023767440472,0.3839656629849713,0.6991008958413856,0.28581219820803855,5.507661297617188,3.05994039230424,0.5555788976399256,0.0455690845047414,0.02090438286408839,0.722833821834624,0.28897492992534957,0.9459428218944277,0.38121328008874295,0.7056056559794381,0.28362113962684915,15,6,3.279296875,10.9765625,3.2779873748761754,3.2783496886439707,3.280366082940428,3.35636163171129,3.2858469837207167,3.340515851264223,3.636672538356688,4.173050338594728,0.701171875,2.17578125,2.271484375,0.5273506524159979,0.5693374474302125,3.1202599303164087,0.5668726156939864,0.05590441213418096,0.0705636819702846,0.7067932803482879,0.6356748428854274,0.9351024480978412,0.8607627515383934,0.6982440744656921,0.6365034899952118,5.507661297617188,3.088442458464083,0.5607538829230936,0.042531479687584195,0.050978065811329645,0.7278014697030306,0.629695181782476,0.9459428941246646,0.832822239502957,0.7050937260766599,0.6172723095014665
70,test,,0.3400307595729828,79.375,79.875,1.185546875,3.93359375,3.93359375,60,10,4.62109375,11.421875,4.616253288992595,4.616599519863354,4.619521988241075,4.689983180885359,4.382647079052608,4.434765303075735,4.841481004161475,5.219234158000264,0.59521484375,2.41015625,2.50390625,3.216796875,0.5072103436807252,0.5650736837635109,5.50434055893928,3.1185407993040437,0.5665602929018269,0.042686021160863064,0.01993921553677165,0.7023220574933218,0.2854467204956534,0.9351023720705802,0.38403861378781684,0.6990217388840216,0.2858338980975852,5.505293329754542,3.0875358454780466,0.5608303973179404,0.04685267050057451,0.02153687908816958,0.7165519539462935,0.28685923994629303,0.9504234074564284,0.3821251778221466,0.7074116691192405,0.28421032789040707,17,9,3.302734375,10.9765625,3.2993668633701145,3.299728930040269,3.3017662238626255,3.3776684840448885,3.2460454014899343,3.300806965471213,3.5953833530274926,4.1350876125925105,0.69921875,2.1875,2.27734375,0.5250766604285962,0.5688763762703313,3.1513478180196075,0.5725205016433234,0.04126861926690406,0.052173517961333515,0.7089926822409671,0.6383803174947313,0.9351024422285699,0.8617677184824825,0.6982440685964191,0.6372394134102779,5.505293329754542,3.1198986817737264,0.5667088917699559,0.043793842462108046,0.053285454836102725,0.7219594716221138,0.6309004798214444,0.9504234798798032,0.8384010642694223,0.7066161411765544,0.6223210219098431
71,test,,0.357968270778656,79.1875,80.0625,1.181640625,3.93359375,3.93359375,56,9,4.62109375,11.421875,4.608569314844588,4.608915650123679,4.611833639011462,4.682327791412335,4.555800820091769,4.607518164986948,5.037914019429414,5.384423475183351,0.59521484375,2.400390625,2.498046875,3.236328125,0.5042039329655553,0.5650802581782184,5.50434055893928,3.1242563375451198,0.5675986621996338,0.042718769117452204,0.020063141349922195,0.7020548167367249,0.2866886933675355,0.9351023741816862,0.38587551922140656,0.6991206087500066,0.28723572462583347,5.518871124242744,3.0873898991916295,0.5594241702129359,0.04922675195121862,0.02262126451206597,0.707325135301831,0.2829787878864189,0.9647021927671124,0.3877960342339212,0.7176580930602059,0.2897618014285456,15,8,3.302734375,10.9765625,3.3073647858605755,3.307726761851106,3.3097663744730865,3.385639342383555,3.2747092390115693,3.3294045608026344,3.627081699458652,4.162434792731036,0.69921875,2.17578125,2.271484375,0.525764593138007,0.5690303781670568,3.1577903999554007,0.5736909564628985,0.039652289204201274,0.05056319396259202,0.7078344500841292,0.6412494182549224,0.9351024431722381,0.8671824042986104,0.6982588889415764,0.6412178429323572,5.518871124242744,3.1150899273992176,0.5644433177132118,0.047626871899748124,0.056753915731210434,0.7133052669118536,0.6135303494980785,0.9647022591166738,0.8383550987960425,0.7167079697023961,0.6288168447937464
72,test,,0.3679698407649994,78.0,79.375,1.177734375,3.93359375,3.93359375,62,9,4.65234375,11.421875,4.648192654710169,4.64853848524151,4.651465122925198,4.721808521501714,4.3616233589755895,4.413790860535195,4.818943005549052,5.199186282023081,0.5927734375,2.42578125,2.52734375,3.2578125,0.5048217363012463,0.565041404083502,5.50434055893928,3.1010090187106556,0.563375210073891,0.053752777051445655,0.024613847471761194,0.7019149430544696,0.2803771688877671,0.9351023653671442,0.3773688764249546,0.6987810115368642,0.28079420085835893,5.500746650964157,3.044375742879458,0.5534477291997892,0.045099823058190935,0.020321327455369007,0.6888289732268777,0.26925468171567785,0.9454498474473194,0.3717305827945044,0.6919015525560299,0.27158051480862805,14,8,3.337890625,10.9765625,3.3348737178641805,3.3352353410279663,3.3372836830246064,3.4130491682245268,3.2981567923836783,3.3527986391445053,3.65371166401763,4.184815837295241,0.69580078125,2.20703125,2.3046875,0.5272351714672872,0.5697069228355894,3.1315057043423224,0.5689156895019197,0.05142502687384187,0.06078875887952044,0.7079351689381479,0.6073638208991883,0.9351024366780107,0.8202128260813358,0.6982440630458608,0.6067953770633554,5.500746650964157,3.069123255594706,0.5579466662142598,0.0424014264171948,0.04748364385835811,0.6929019287290039,0.5624592072787157,0.9454499221447596,0.7768638700180072,0.6912649187341708,0.5659984588568738
73,test,,0.3666155934333801,78.25,79.1875,1.173828125,3.93359375,3.93359375,64,8,4.58984375,11.421875,4.585717881806037,4.586064584070232,4.588977751408835,4.659570856868335,4.332223827589035,4.384461445648075,4.795245967298905,5.171169564914563,0.59814453125,2.427734375,2.49609375,3.177734375,0.5038283287046913,0.5645446858077551,5.50434055893928,3.1152586384397987,0.5659640069654643,0.04752645559835589,0.022542996927704735,0.70331560618102,0.2896827819400934,0.9351023796693143,0.38924190366523403,0.6989113708768793,0.2896438156323647,5.512904942267593,3.06025050831021,0.555106706964451,0.035519804975554514,0.01643383956411377,0.7078547957330033,0.2846078932529203,0.9564233471977088,0.38646534309994107,0.7066574028070916,0.28579458162079985,14,7,3.265625,10.9765625,3.2655902165676376,3.265952689477536,3.2679725770373307,3.3440090920568104,3.269325294840169,3.32403271287974,3.620926649894808,4.157293087020667,0.70263671875,2.208984375,2.271484375,0.526391409141124,0.5691284374103466,3.147625360889748,0.5718442249685791,0.045714961255181485,0.06043466042370583,0.7083621031574845,0.6582923647581163,0.9351024483351473,0.8901106483404789,0.6982440747029965,0.6579877323989555,5.512904942267593,3.0855516719394736,0.559696150079147,0.033395918768809985,0.04094451991829285,0.7114894846879505,0.6233594490321789,0.956423416405559,0.8471019236418713,0.7058965599489637,0.6264266065887214
74,test,,0.37438133358955383,77.75,79.1875,1.169921875,3.93359375,3.93359375,57,8,4.65625,11.421875,4.6564860606023135,4.656831830347851,4.659778634479103,4.7300796177197055,4.462877267434001,4.514810444774355,4.938440113128591,5.295784472958228,0.59228515625,2.392578125,2.490234375,3.259765625,0.5092503714122594,0.5645402816017517,5.50434055893928,3.1311801515588513,0.5688565447633293,0.05276773001737034,0.02452305434321095,0.70568710562699,0.2855432851091735,0.9351023738756696,0.3823188817129634,0.6989795461577106,0.2845422933458916,5.5018664776580035,3.0574471945911865,0.555710904109883,0.05237307176230033,0.02334340593117063,0.7116234537469062,0.2767984113009847,0.9529544975306115,0.372210880934991,0.6886401649393941,0.2696845882506839,16,8,3.34375,10.9765625,3.337050748641422,3.337412392083043,3.3394770925414714,3.415226635189768,3.278067645656586,3.3327555588700695,3.631849249053607,4.165644135001951,0.6953125,2.16796875,2.263671875,0.5259649576596347,0.5683693433949744,3.168372542951865,0.5756134652326872,0.05070230403367315,0.062488299245952755,0.7101113178698153,0.6278544387718785,0.9351024430225756,0.8458646339548065,0.6982440693904248,0.6255918280013265,5.5018664776580035,3.0848819571713846,0.5606973505624833,0.05160316058629899,0.058067346485109035,0.7144245044791147,0.587522655478257,0.9529545738082383,0.7906103435090872,0.6884160966739419,0.5743558001170559
75,test,,0.362827330827713,76.875,77.0625,1.166015625,3.970703125,3.970703125,70,11,4.875,11.6171875,4.865674000713185,4.866016936699556,4.869008015525826,4.938487204419605,4.60136879108397,4.652978301394705,5.080871309269776,5.427860739918985,0.58056640625,3.416015625,2.81640625,3.521484375,0.5009692704089868,0.5506106777934631,5.50434055893928,3.1575149919450816,0.5736409217662132,0.06284198199521285,0.026800553681193863,0.7066175139388955,0.2652044531560791,0.9351023205028284,0.3543514948164217,0.6989652297451041,0.26380561621501203,5.500633217811465,3.082759361726662,0.5604371787132534,0.05639909242853669,0.02345551488294709,0.7178415841353392,0.26133107887201484,0.9557450019963563,0.35060287779576554,0.7105558822092153,0.2619831864497905,27,10,3.5546875,11.1640625,3.5557755470459416,3.5561343357046056,3.5582296433976786,3.633153414511052,3.469467860539439,3.52370914585153,3.829413549204649,4.34818868840925,0.681640625,3.29296875,2.61328125,0.521213008066368,0.5569906136275042,3.185680144935764,0.5787578204553652,0.059805655861885576,0.05961996343761249,0.7120070428551708,0.5382825451473096,0.9351023779297227,0.7208484026386632,0.698244004297571,0.533883068766699,5.500633217811465,3.106986085976658,0.5648415305925147,0.053938458729490435,0.05007920128175565,0.7218393681508903,0.5085465571445165,0.9557450568647052,0.683380651633948,0.7098538669470749,0.5126152091007163
76,test,,0.39329737424850464,78.0,78.0,1.162109375,3.990234375,3.990234375,65,9,4.73828125,11.6328125,4.7227288522367825,4.723073728621041,4.726039517083938,4.7960764632830015,4.501755847631037,4.553600608165574,4.986209557565804,5.3328984102052255,0.5927734375,2.806640625,2.771484375,3.314453125,0.5167996523163091,0.5603873654708148,5.50434055893928,3.1080514189108985,0.5646546367599462,0.049433361294132894,0.021860991520013664,0.7013459117094056,0.2717465194976194,0.935102350030272,0.36593632769561607,0.6989537222183735,0.27238999020402654,5.498683640758799,3.056426207783395,0.5558468912682561,0.04472901600924395,0.01919331154532431,0.7237364408569436,0.27309499028349027,0.9492073977703495,0.3610776464438203,0.7091648206470502,0.27000826817890433,21,8,3.400390625,11.1796875,3.4030651945732124,3.403425954047897,3.4054939471086363,3.4809961373022626,3.3375617076977533,3.3921107161153348,3.693510204351859,4.222384500999667,0.69580078125,2.62890625,2.57421875,0.5347371766915084,0.5663970560577571,3.1365915425882607,0.5698396581756382,0.04674170086052598,0.051751813004233885,0.7048409237508135,0.5764091668838812,0.9351024187479196,0.7810094304990968,0.6982440451157688,0.578047950204865,5.498683640758799,3.0798279600189686,0.5601027739057131,0.042280525765246324,0.04363377843159826,0.7263094087401729,0.5636137512566969,0.9492074659886294,0.7489667083410813,0.7083287049188849,0.5599462900119195
77,test,,0.3836369514465332,77.5625,77.75,1.158203125,3.99609375,3.99609375,60,10,4.69140625,11.6328125,4.679090757643555,4.679436166698463,4.682383337655391,4.7525911601779525,4.518363462323577,4.570166603261795,4.9942182910712205,5.348695052179016,0.5966796875,2.69921875,2.728515625,3.29296875,0.5174253743002222,0.5588573031483276,5.50434055893928,3.13474083741683,0.5695034316737324,0.0437123935048902,0.01996398609262317,0.704819458959455,0.2808956267372003,0.9351023660967517,0.37649986128999463,0.6989569050749775,0.2802208551635114,5.502838897327294,3.080707372056655,0.5598396445065731,0.04776139681075797,0.021434956238663393,0.7127605564496919,0.2778113787171311,0.9490372567794951,0.37227486744325033,0.7054032600225382,0.2763414178116953,18,9,3.345703125,11.171875,3.345215746538534,3.345577258592616,3.3476283071010475,3.423357147106718,3.327241088670074,3.3818139420945377,3.6820845947013043,4.212537835282691,0.70068359375,2.505859375,2.52734375,0.5342633595272734,0.5648658120860061,3.1668019983432076,0.575328136846509,0.041070759960047276,0.05039646968125589,0.7097774530332392,0.6255877287353627,0.9351024294303176,0.8431461543606803,0.6982529177708106,0.6236082788805912,5.502838897327294,3.106694999476225,0.5645622300491359,0.04525444366116371,0.05223516196579733,0.7160532296772377,0.5948342403557296,0.9490373257861515,0.7992227699933663,0.7045200786764045,0.5916310886303575
78,test,,0.3752279579639435,77.3125,78.0,1.154296875,3.99609375,3.99609375,69,11,4.67578125,11.6328125,4.660812367955465,4.661158088161126,4.664097496029343,4.734391412481623,4.421752442730392,4.473781731553333,4.894918778075133,5.256564574931646,0.59814453125,2.697265625,2.734375,3.328125,0.5132887539425399,0.5562293295302304,5.50434055893928,3.103070684034825,0.5637497627204967,0.07105482778249872,0.03216813488823968,0.7030805204827946,0.27806433828457805,0.9351023621260399,0.37359745752674006,0.6987604522093269,0.2779916424074281,5.502279830264545,3.0427827516953094,0.5530039993529401,0.05394330809211567,0.024041455438856926,0.6976858022295422,0.2692908970207131,0.945462087880534,0.3683009309778433,0.6887344196293617,0.2679876878596129,21,10,3.328125,11.171875,3.3229554832259125,3.323317262693487,3.3253542253014245,3.4011742205775177,3.308056437518349,3.362674347274962,3.6633003515417886,4.194245125752342,0.7021484375,2.50390625,2.533203125,0.532526960754358,0.563143358944327,3.1307998940064774,0.568787461546493,0.0704521387671253,0.08460095655486326,0.7084773644035502,0.6147938087622679,0.9351024340355485,0.8298240386120801,0.6982440604033977,0.613839297876333,5.502279830264545,3.067401325920063,0.5574782491156189,0.05248956532202964,0.05972933752265212,0.702717427689544,0.5732472546687166,0.9454621625024489,0.7864960277802191,0.6881304665005512,0.5710385385909008
79,test,,0.3471749424934387,78.25,78.9375,1.150390625,3.99609375,3.99609375,66,10,4.75390625,11.6328125,4.755243209057953,4.755587654795364,4.7585678372055655,4.828470918722284,4.402400566288005,4.454473842034163,4.865428686181599,5.2380906177584095,0.59130859375,2.6875,2.732421875,3.34765625,0.5146882178342976,0.5562703597122469,5.50434055893928,3.143433714268383,0.5710827083842613,0.05558572049015709,0.02473190782368313,0.7065248688337036,0.2752171174133481,0.9351023570424859,0.36791287423680147,0.6990996691557383,0.2739123117706411,5.508635834477342,3.0791439957209326,0.558966700330642,0.05504075958935406,0.023625540760257115,0.7181792866572829,0.27122159872420054,0.9543582719858543,0.3635290157850083,0.7139527877332332,0.27256523203726435,20,9,3.419921875,11.171875,3.417378330905189,3.417738981636805,3.419842300987755,3.4952706628370294,3.3879956427992153,3.4424277519928763,3.7498735741507443,4.270496706787913,0.69384765625,2.49609375,2.53515625,0.5332690792854081,0.5632848846996357,3.1786457591928663,0.5774798497942887,0.05476537444699048,0.06174095913573439,0.710027059471197,0.5884320408221848,0.935102427616286,0.7917024168321719,0.6982440539841352,0.5858915222125073,5.508635834477342,3.109096001538194,0.5644039822126278,0.05443801801442927,0.05637899123316516,0.7220722121369594,0.5624485720636658,0.9543583471990686,0.7567553374170446,0.7137238833056756,0.5685947825008887
80,test,,0.3759661316871643,78.6875,78.5,1.146484375,3.99609375,3.99609375,60,10,4.74609375,11.6328125,4.7456864223250665,4.746031108532503,4.749035358225867,4.818968815649643,4.640074806420628,4.691597036998736,5.1342602155782515,5.464821096393928,0.591796875,2.6875,2.724609375,3.345703125,0.5185604155977094,0.5576954271877844,5.50434055893928,3.1214552113787226,0.5670897681484022,0.05470802132686625,0.02408163445725156,0.7037715560742761,0.2715799328765192,0.9351023581281863,0.36443676313482354,0.6989175591198018,0.27126433693952406,5.507494081467693,3.0621757276819723,0.5560016374753747,0.04925177877782794,0.021400847540842493,0.7141651415226562,0.26945006469286725,0.9556307842325911,0.36307167874340707,0.6928483069725893,0.2634526782320397,18,9,3.412109375,11.171875,3.4123298648077998,3.4126905876093048,3.414823991337759,3.4902418083603592,3.4235567111046428,3.4779063199723956,3.7914739002342555,4.304419772565452,0.69482421875,2.498046875,2.52734375,0.538315715073164,0.5637943032845834,3.1567233198244105,0.5734970948877354,0.053599345562194145,0.05986445697741112,0.7065379549764437,0.5815275825091153,0.935102431855583,0.7861602727133649,0.698257601765107,0.5818377447366663,5.507494081467693,3.0897947652023428,0.5610164476797663,0.04962637949297832,0.05258711621704806,0.7167226692759758,0.55441316280903,0.9556308626003096,0.7498810592696259,0.6922898894777552,0.5441750835002006
81,test,,0.4092448651790619,76.375,77.3125,1.142578125,3.99609375,3.99609375,65,10,4.671875,11.6328125,4.676275962194186,4.676621486074836,4.679578339195334,4.7497994956499205,4.361335655954451,4.413505990619877,4.8280942963207485,5.198944040510198,0.59814453125,2.69140625,2.736328125,3.26953125,0.517587609136704,0.5591362185645724,5.50434055893928,3.129744976664252,0.5685958096436121,0.0652345581327447,0.029949507137851425,0.7036674175505073,0.2817176732546382,0.9351023672879784,0.37823765467181936,0.6989916147988273,0.2815226971880528,5.4963024240472915,3.045553660954173,0.5541095496545713,0.0666784130698792,0.029583555631869683,0.695170758003111,0.2680438191819837,0.9472781726459685,0.36748439546719175,0.693542257553414,0.2696338721750343,19,9,3.32421875,11.171875,3.317145665408529,3.317507529698692,3.3195480660800287,3.3953872495342896,3.2672452451777283,3.3219578231666125,3.6192143827331273,4.155313790265521,0.70263671875,2.5,2.537109375,0.5352037766054759,0.5650121511208309,3.1634943280392545,0.5747272164876512,0.06527525156153313,0.08122810409488788,0.7091855218078038,0.6313815337611763,0.9351024363990765,0.8518631183256252,0.698254402030245,0.6299949978522797,5.4963024240472915,3.071261022269065,0.558786759773581,0.0660014572885066,0.07528022809118803,0.698935584604035,0.5746223454860556,0.9472782482475477,0.7890175100416628,0.692844218139391,0.579783374789704
82,test,,0.38021254539489746,76.875,77.5625,1.138671875,3.99609375,3.99609375,60,11,4.66015625,11.625,4.6561677085129265,4.656513517965492,4.659465765209191,4.729768644498767,4.526043695848619,4.577830176424838,5.007300481369313,5.356038712137171,0.59912109375,2.693359375,2.728515625,3.3125,0.5138314164611174,0.5569261574980896,5.50434055893928,3.1188015933542648,0.566607672610155,0.06632904458727307,0.030511532543439412,0.70039342203102,0.28088489683174206,0.9351023724298324,0.37888907463967636,0.6988877512266045,0.2819635646041028,5.500957213885206,3.0760038776158893,0.5591761139046153,0.06633431685389723,0.029782655059497738,0.7123708608770754,0.2779803502305318,0.9439098271567916,0.3724689579030474,0.6976283094557978,0.2751393348513799,15,10,3.314453125,11.171875,3.308850993118659,3.309212983912696,3.3112598133514304,3.387125883615386,3.2660534031898742,3.320769459361817,3.6198081655519534,4.154187465260198,0.70361328125,2.501953125,2.52734375,0.535297658892517,0.5648612805970227,3.1537102206292773,0.5729496906777543,0.06578884094490611,0.08265968748722873,0.7053238963318682,0.6322804329300121,0.9351024424811758,0.8578841954950063,0.6982440688490259,0.6343954656291081,5.500957213885206,3.1023435597404307,0.563964313685202,0.06610682776584831,0.07795395818217134,0.7158332265152278,0.6048902526421104,0.9439098943153947,0.8172796350676582,0.6968696867175117,0.6026775748719209
83,test,,0.3814799189567566,78.5,79.625,1.134765625,4.046875,4.046875,71,10,4.82421875,11.84375,4.820987229349376,4.82133092859948,4.824341067143948,4.893993757741279,4.585911097633708,4.6375559709483865,5.060112585125293,5.413107744692539,0.59228515625,2.849609375,2.880859375,3.521484375,0.5062375381526204,0.5406393600945044,5.50434055893928,3.1358927975434945,0.5697127138055935,0.05817707084496604,0.025109732576728355,0.7126906022864707,0.2703131332923641,0.9351023520209116,0.35813634602944905,0.6989005452202566,0.2665872289293859,5.504644721608454,3.055890035722955,0.5551475508904462,0.05354186703051411,0.02235398850667376,0.7105837147426959,0.25980923937295747,0.9494578688999518,0.34928379049015623,0.6937159304570475,0.25515435188466357,23,9,3.466796875,11.3828125,3.4615578653015557,3.4619180239766694,3.464046496010866,3.5393033000341703,3.404956148258509,3.4593490548799144,3.766850747639676,4.2866780055772225,0.6953125,2.66015625,2.68359375,0.5268236204151112,0.5477158311355713,3.1668160511321513,0.5753306898842059,0.05576602159105448,0.059631044180731604,0.7162838836332552,0.5708313331139131,0.9351024268881538,0.7606821604347532,0.6982440532560048,0.5631321812031472,5.504644721608454,3.0834617108102313,0.5601563528171253,0.05305965218163511,0.05295263669602218,0.7142238101384777,0.5322639906153036,0.9494579532148801,0.7164971831333511,0.6941057385942884,0.523597278521903
84,test,,0.3647244870662689,78.25,78.0,1.130859375,3.94921875,3.94921875,59,9,4.7265625,11.515625,4.717940116097498,4.718285178872753,4.721258094992623,4.7913258188742915,4.500011012833738,4.551857620260284,4.972654263795416,5.331201135522904,0.58935546875,2.904296875,2.810546875,3.357421875,0.509225455655417,0.566005315160553,5.50434055893928,3.153550856313892,0.572920738196766,0.10253809180886542,0.04634401738137737,0.7159532280944365,0.28274339695343426,0.9351023718098084,0.37304830015366863,0.699058123234142,0.277702991848697,5.510142826179084,3.1122846667874393,0.5648283111647763,0.07803511772616112,0.0345199840917148,0.7297701765342754,0.28390037235373833,0.9543233188945406,0.37303194170690035,0.7192009377829685,0.2811550979116432,19,9,3.404296875,11.0625,3.398570316507199,3.398931220841576,3.400991814518191,3.4765326873447817,3.3547806937964153,3.409290247708891,3.709861242487094,4.23881746452162,0.6923828125,2.712890625,2.60546875,0.5285346826455455,0.5710462578278341,3.1880647811234324,0.5791910487707527,0.10419092555836063,0.1207478307562917,0.7224898480208122,0.6109829014908551,0.9351024367762255,0.8082196569422617,0.6982440631440774,0.5980036134826447,5.510142826179084,3.1425439343839563,0.5703198689249042,0.0769117646945352,0.08357877693591471,0.7361722238021438,0.5984323609223666,0.9543233847673873,0.7835545168826542,0.7185203530344353,0.590075718507551
85,test,,0.3924085795879364,76.875,77.5625,1.126953125,3.99609375,3.99609375,60,8,4.6796875,11.625,4.669022636143471,4.669368286031555,4.6723168066321215,4.742577829264715,4.473161589611713,4.525071699323321,4.9509041466764,5.305606676535118,0.59765625,2.73046875,2.7265625,3.25390625,0.5202333392157278,0.5594225099099575,5.50434055893928,3.1233121290188306,0.5674271232993462,0.04668134265626911,0.02134849247545135,0.7017217253322796,0.27998782012768186,0.9351023677827026,0.3769442810243652,0.6991599476617054,0.2806317129755326,5.518789876791152,3.0460116685474325,0.5519347060769974,0.05471658071884811,0.0242781573244945,0.6943271104652675,0.2667434293608026,0.9556968465543996,0.3695948352822656,0.7041444294804204,0.2715941534657536,15,7,3.3359375,11.171875,3.3324460572920236,3.332807746020393,3.3348615638104135,3.410635961322425,3.3293020619260036,3.383870873482941,3.6868922974031872,4.214514853874126,0.70166015625,2.541015625,2.525390625,0.5340545112581395,0.5638185877976126,3.154968513241048,0.5731782907431567,0.04453256203746481,0.05455393213313302,0.7070197859961542,0.6224163913662433,0.9351024364474725,0.8421208518811745,0.6982529247879636,0.6228571395119155,5.518789876791152,3.069914582861815,0.5562658936829804,0.0533812085433798,0.060192391662389814,0.6974459220297238,0.5642385072979378,0.9556969165941744,0.7840636703676076,0.7050128330086665,0.5751728106066166
86,test,,0.4170146882534027,76.875,78.25,1.123046875,3.986328125,3.986328125,69,9,4.734375,11.640625,4.719821657679162,4.720166629214633,4.723126547933509,4.793188887997136,4.444331333951216,4.49630628356853,4.908864816234903,5.278074247897805,0.59326171875,2.701171875,2.744140625,3.32421875,0.5125327600430212,0.5600323128377392,5.50434055893928,3.1430223498063805,0.5710079738256711,0.05301501382248208,0.023868936067587276,0.7070922831760482,0.2783047583407961,0.93510236689872,0.37178075852905856,0.6989540181533362,0.2767221721525676,5.504800660920953,3.060156068865556,0.5559067907017712,0.05890702814048243,0.025588869845285633,0.7032470819847605,0.2669270277610776,0.9515681430309684,0.36451445111676906,0.6958066428138681,0.26722769767599647,19,8,3.3984375,11.1796875,3.3991510266046103,3.399511877587831,3.40157790980083,3.4771032722411523,3.4009970070491073,3.455397649639537,3.7609346109973636,4.282879861316115,0.6962890625,2.513671875,2.546875,0.532591897609971,0.5670243953368348,3.179541088972878,0.5776425086578573,0.0523799501713631,0.061010083174942165,0.7127097101440434,0.6049295953364112,0.9351024328833075,0.8112589329392164,0.6982440592511567,0.6002318220099048,5.504800660920953,3.0869928816855303,0.560781955938996,0.0588055888361847,0.06145401775382591,0.707580860718318,0.5487456234140627,0.9515682095913327,0.7520162254581853,0.6950608958995055,0.5522298776390829
87,test,,0.3622841536998749,79.625,80.0625,1.119140625,3.984375,3.984375,68,9,4.7578125,11.6328125,4.7415316956627205,4.741876394666005,4.744843274418454,4.814821590633878,4.660738299343045,4.712209532514434,5.145212961648639,5.484487219329788,0.59130859375,2.693359375,2.720703125,3.384765625,0.5116771931826612,0.5583450968879725,5.50434055893928,3.1567156915482535,0.5734957090221489,0.06382945266284246,0.028606317951474742,0.7093099513663805,0.27805935272075977,0.9351023610400784,0.3702765268897423,0.6989061053578496,0.27558835333889536,5.523560354167051,3.1116255748887554,0.5633369376585704,0.05854811380365277,0.025803700030820487,0.7209078651818963,0.2759754760268086,0.9557754884499978,0.36798172606508367,0.7048252885543222,0.2705508199682532,20,8,3.419921875,11.1796875,3.4181175206233125,3.418478169224097,3.4205536315249305,3.4960079779026385,3.3755720158016698,3.43003245278966,3.733514498298396,4.258637943295878,0.6943359375,2.5,2.517578125,0.530395881122298,0.5651300908836178,3.1930248887409514,0.5800921753570181,0.0629256049380702,0.07246790629645458,0.7152983954779017,0.6021295582367387,0.9351024329176587,0.8044349194815639,0.6982440592855079,0.5952286635490195,5.523560354167051,3.141550724465492,0.5687546660181712,0.05626974521629968,0.062370289099947115,0.7243655992776956,0.5816216371440659,0.9557755596524311,0.7767047487351191,0.70399867537735,0.5684944309336379
88,test,,0.36506977677345276,78.0,78.5,1.115234375,3.99609375,3.99609375,56,8,4.64453125,11.625,4.636034514153595,4.636380541612271,4.639314423648489,4.709701065515204,4.437459502225376,4.489452149753091,4.909695945510518,5.2715451451305935,0.6005859375,2.703125,2.73828125,3.234375,0.5176482258731958,0.5583204668016025,5.50434055893928,3.1293329071045344,0.5685209469865317,0.045094866755914786,0.02098894690791866,0.7041592048715932,0.2853007716243224,0.9351023718127749,0.3828283011863008,0.6986038673355859,0.2847666526903963,5.513343342582664,3.0979478470113877,0.5619000404136247,0.04437456175262522,0.020233133164516495,0.7050583707772349,0.27914123860310514,0.9551114142115642,0.38036205864452793,0.7103596569972899,0.2829088270844034,13,8,3.294921875,11.171875,3.292775908650564,3.2931380682701143,3.295170866337548,3.3711022573779847,3.26620142542006,3.320916058884551,3.6169332024218575,4.154312634399478,0.705078125,2.51171875,2.537109375,0.5346681430287101,0.5651040873368436,3.162983391516899,0.5746343921943713,0.04319572907512992,0.05570388548398252,0.7095055699629365,0.6479049659495884,0.935102438200941,0.8742846875419361,0.6982440645687893,0.6464040377005693,5.513343342582664,3.123954481386064,0.5666170755697363,0.042460500305880444,0.05246620903853867,0.7096872471140028,0.6214742698187053,0.9551114802248621,0.8473401465745013,0.7096557861300443,0.6296617099671683
89,test,,0.3915495276451111,76.625,78.0,1.111328125,3.93359375,3.93359375,63,8,4.6328125,11.421875,4.627114884658935,4.627461031765582,4.630397160241175,4.7008147347761495,4.43141022017243,4.483416416218062,4.893793173517802,5.265766967609175,0.59423828125,3.638671875,2.65234375,3.244140625,0.5072706444136165,0.5658602440651065,5.50434055893928,3.1123027756382946,0.5654270011661586,0.050029187406376074,0.02313896253920948,0.705396722253087,0.28423442374976954,0.9351023724199745,0.3807065116635533,0.6988203095144279,0.2832829042296621,5.515187131885295,3.0408872879565463,0.5513661123801358,0.05581863887753613,0.02506514182992681,0.7059835914761603,0.27597060408237484,0.9572156881513711,0.37658666309211963,0.70632997108138,0.27806824667950714,16,7,3.31640625,10.9765625,3.31806037354541,3.31842225075649,3.3204713173788654,3.3963024913396933,3.252187585509159,3.3069353162624364,3.603456192394809,4.1409530331956645,0.69775390625,3.474609375,2.431640625,0.5267352354666803,0.5701765954156942,3.1442168023601456,0.5712249757609575,0.04756320710342621,0.05836060704448251,0.7087625248548592,0.6246738589491608,0.9351024402605068,0.8431194759482453,0.698244066628356,0.6235808225375508,5.515187131885295,3.068904414767846,0.5564461080613925,0.054245440761942376,0.061011553682094176,0.7111594711595544,0.5827541039397114,0.9572157595239794,0.7950437347996799,0.7066758742195711,0.5877748965260323
90,test,,0.3847030997276306,77.5625,78.25,1.107421875,3.93359375,3.93359375,59,8,4.60546875,11.421875,4.602402580235754,4.602749091504425,4.605677364685609,4.676199353801853,4.383122180096668,4.435241437906716,4.851268449627135,5.21971895662271,0.5966796875,2.6640625,2.537109375,3.205078125,0.504857157355433,0.5641406310133784,5.50434055893928,3.1281594990141635,0.5683077683000376,0.041984322408786134,0.0199415756042108,0.7030479191444705,0.2899178332917633,0.9351023820444517,0.3897109994692741,0.6989394037092191,0.2900029709148495,5.5245085186616265,3.064049927784213,0.5546285099269813,0.045852202061611,0.020882392232068177,0.717320740045956,0.28467546423061213,0.9644161064899919,0.38407068666444333,0.7192851767206099,0.28662114954223,13,7,3.28515625,10.9765625,3.2865101978006432,3.2868724621430996,3.2889136490835877,3.364863471913087,3.2682852260062454,3.3229957584033776,3.62083517112101,4.1563113036460875,0.70068359375,2.4609375,2.314453125,0.5259724395000075,0.5690304008036001,3.1595173277820674,0.5740046957397792,0.03971959381136614,0.05202909045300973,0.7090814787919131,0.6547169531005934,0.9351024489041118,0.8842397190512632,0.698244075271961,0.6536910319359803,5.5245085186616265,3.091626918093123,0.5596202644361392,0.04409422313172495,0.05235645104198654,0.7220055135885532,0.6190873056916726,0.9644161763472532,0.8331920206602672,0.7187109107918852,0.6217273768307902
91,test,,0.3819689154624939,76.875,77.5625,1.103515625,3.93359375,3.93359375,49,7,4.58984375,11.421875,4.582851613267472,4.583198406762016,4.586118617823949,4.6567240589952545,4.382140315546102,4.43426185601092,4.848444337149164,5.218782463031518,0.59814453125,2.4609375,2.50390625,3.171875,0.507590324667175,0.568291090992586,5.50434055893928,3.12923746888257,0.5685036082661268,0.05010277796201379,0.023920966576230614,0.704209838798751,0.29170251723482643,0.9351023836819161,0.39148174078333764,0.6987492874691306,0.29123558514986625,5.519791277852965,3.068538859987579,0.5559157412888898,0.05461023874782889,0.02521709673542284,0.7062530810223091,0.28336124648430355,0.9571606145332971,0.38604539770855756,0.7125210891022196,0.28715573396229815,12,6,3.265625,10.9765625,3.265028426376875,3.265390954913564,3.267420497395434,3.3434573436499773,3.2309609300348217,3.2857580786335006,3.5813737551452944,4.120706819001485,0.70263671875,2.244140625,2.27734375,0.52729449194525,0.569435721730862,3.1631969700641758,0.5746731940353893,0.04878476417627642,0.06565619569451261,0.7092941054380262,0.6674719396163079,0.9351024499319864,0.9016130843514994,0.6982440762998374,0.6664042636994444,5.519791277852965,3.096088704046247,0.5609068437911177,0.05320826179780802,0.065502916609111,0.7104741551983347,0.6237085810891974,0.9571606849754506,0.8499790799642822,0.7132360821407211,0.6322984324167844
92,test,,0.37134817242622375,77.5625,78.25,1.1005859375,3.93359375,3.93359375,56,6,4.55859375,11.421875,4.549669637662647,4.550016844687697,4.552924971875848,4.623660222694752,4.388636223155727,4.440741617556833,4.845370787106981,5.224962870081317,0.6005859375,2.435546875,2.498046875,3.162109375,0.5026135105302854,0.5629794943148592,5.50434055893928,3.1300299106938185,0.5686475749779906,0.044050905799625895,0.021304383173569426,0.7039645315315965,0.294876974729297,0.9351023933804372,0.3959274656031185,0.6990235870467911,0.2946436906440621,5.511772260471936,3.0522754793538853,0.5537738743749436,0.0519831947989573,0.024273727301687836,0.7257449523321551,0.29342344391190317,0.9558307853002956,0.38812893901171736,0.7065488811159808,0.2867450563543621,12,5,3.234375,10.9765625,3.2377971893193203,3.2381600416410588,3.2401773924374933,3.3163199574534383,3.197642282769563,3.2525171362308347,3.545881721563029,4.088929049182296,0.70556640625,2.216796875,2.2734375,0.5262899680904405,0.5684878346574452,3.164696561141644,0.574945631952595,0.04174298404935861,0.05889134901627291,0.7100305385464116,0.6903974264733169,0.9351024550572271,0.9323764875336493,0.6982440814250781,0.6889036713514989,5.511772260471936,3.0792867313799266,0.5586745217075184,0.05094259680692392,0.06451998530210692,0.7308267465754597,0.6517137477292017,0.9558308493498684,0.8605781176186162,0.7063711349887987,0.6351954700927112
93,test,,0.38685646653175354,78.5,79.375,1.0966796875,3.93359375,3.93359375,55,7,4.5546875,11.421875,4.543901832990185,4.544249136998279,4.547154620161147,4.617916826511343,4.41924638701439,4.47128139719787,4.883367541203068,5.254172239484213,0.6015625,2.44140625,2.505859375,3.14453125,0.5039764784001548,0.5655635274561318,5.50434055893928,3.124566491471124,0.5676550093537902,0.04187131844852132,0.020233195048066657,0.7029161424427457,0.2942228065924582,0.9351023941086485,0.3956352116999294,0.6987282882746442,0.2943027941698118,5.502091247926115,3.0581465724255796,0.5558153136006744,0.04598941115103372,0.021722620274642678,0.7042052983682865,0.2866326495070321,0.9411095118575794,0.38615995197437236,0.6912587362945981,0.2817829291431512,11,6,3.224609375,10.9765625,3.224147600064317,3.224510619074014,3.226522030306209,3.3027184478212708,3.214859141467388,3.2696938396037916,3.56310053419009,4.1053495723258635,0.7060546875,2.224609375,2.28125,0.5269852329772269,0.569475317488837,3.158518837255854,0.5738232951677176,0.04070862076510107,0.05776994595525487,0.708440364781735,0.6916392759535621,0.9351024579344607,0.9362465844964019,0.6982440843023108,0.6917330388011785,5.502091247926115,3.0838268703959084,0.5604826840264209,0.04439483805571154,0.05843951338186981,0.708446027222494,0.6444094837390895,0.9411095776113694,0.8716814814423044,0.6919098022451227,0.6314709212902944
94,test,,0.3872263729572296,78.9375,79.625,1.0927734375,3.93359375,3.93359375,65,9,4.796875,11.421875,4.798798389627527,4.799142428012482,4.802171957268865,4.871894009369307,4.531981062934306,4.583752756406391,5.013760944534837,5.361687589810777,0.580078125,2.462890625,2.66015625,3.392578125,0.5083686891315923,0.561318617077509,5.50434055893928,3.146423126021844,0.5716258091828859,0.044273330481670925,0.0194264660690939,0.7078896351933937,0.2724071873952765,0.9351023579765201,0.36341025533087934,0.7304405810239842,0.2827038285602555,5.518911829115909,3.0661457693958596,0.5555707110992267,0.05100895009824047,0.021555038348967392,0.6821330294310393,0.25350968055810363,0.9588620176470766,0.3587778794183422,0.7364539483848134,0.2756900247088899,18,8,3.494140625,10.9765625,3.49461666256377,3.494976484845217,3.497194430227169,3.5722582982269224,3.490909580780202,3.545103555066612,3.8682399186565872,4.3686791843863375,0.681640625,2.25390625,2.46875,0.5304370462334232,0.5662122942036516,3.1803210307281535,0.5777842044244844,0.0434825568492796,0.04580743741282487,0.7088742338029332,0.5586655266638478,0.9351024385265694,0.7520789110095865,0.7331514401354022,0.5846542314877707,5.518911829115909,3.0919373538880612,0.5602440208549894,0.050616203377132685,0.04800523419144914,0.6843675629565613,0.49638785845000943,0.9588621070109218,0.7047780891632169,0.7366806072386503,0.5419760095831506
95,test,,0.38904836773872375,78.6875,79.375,1.0888671875,3.93359375,3.93359375,58,9,4.640625,11.421875,4.636287528173353,4.636633584970365,4.6395740552427585,4.709958671389645,4.410257513039951,4.462314083981318,4.882460956892196,5.2456082991709305,0.59375,2.423828125,2.5078125,3.2421875,0.5060210143080178,0.5653883852767888,5.50434055893928,3.13616873454444,0.5697628446065479,0.043863444572988186,0.020506679728754293,0.7042443299500301,0.28644036544981083,0.9351023814431549,0.3843265471873613,0.698888386408365,0.2859926976486051,5.514300980894005,3.06754287042295,0.5562886177325825,0.046495180529159796,0.02103140239334965,0.7052657237735778,0.2777349914408456,0.9583739979033679,0.3795382596150673,0.7125226230837338,0.28276673042898925,16,8,3.32421875,10.9765625,3.3248174485499553,3.32517926578811,3.3272433562459183,3.4030402455647164,3.368268025075958,3.422746797232662,3.730394037774294,4.251691156346217,0.697265625,2.205078125,2.283203125,0.5258188427691846,0.5693461500100311,3.170663288120906,0.576029635915535,0.04169604199180377,0.052685021634310096,0.7097459170043443,0.6388092930020096,0.9351024464438416,0.8614237217143049,0.6982440728116925,0.636987511727335,5.514300980894005,3.0959789530787756,0.5614454060098911,0.044566196238145395,0.051367451084264396,0.7089801827230726,0.5926969523703246,0.9583740722017193,0.8108409228599688,0.711851547514442,0.6049710172495123
96,test,,0.39204856753349304,78.9375,79.1875,1.0849609375,3.93359375,3.93359375,54,7,4.6484375,11.421875,4.642103667014806,4.642449691865847,4.645391909217338,4.715760948841252,4.4716377564361975,4.523549620989805,4.942061444181828,5.304126765324912,0.5927734375,2.3984375,2.5,3.251953125,0.5060515583887695,0.56591741400022,5.50434055893928,3.1346925676889947,0.5694946622803203,0.04395322738480267,0.0204793394520606,0.7034411293536502,0.28527365550751677,0.9351023833402596,0.38318638016973033,0.6990460676616497,0.2852122690249072,5.508543927561311,3.0711514474219994,0.5575250897166993,0.056011908479320915,0.025525849238220218,0.6956199219722725,0.27539469861181215,0.9453750267823278,0.37632821377287484,0.6992492042996101,0.27633527743565617,13,6,3.333984375,10.9765625,3.331484098217347,3.331845828631996,3.3339176360457485,3.4096827115848973,3.2810322402051653,3.3357129599981845,3.6344609913488317,4.168467558500029,0.6962890625,2.173828125,2.275390625,0.5264585141076132,0.5698456629136736,3.170970805850388,0.5760855041392012,0.041680548066186596,0.051716908259817236,0.7093603904896586,0.6302285922155596,0.9351024486606034,0.850057016835507,0.6982440750284526,0.6286627794640157,5.508543927561311,3.1015410207429204,0.5630418966479958,0.05465404953639208,0.06396878506398082,0.6993401890709139,0.5896793865208656,0.9453750977912838,0.8065186698215373,0.6999692792187204,0.5879609985133885
97,test,,0.37870708107948303,77.5625,77.75,1.0810546875,3.93359375,3.93359375,58,8,4.625,11.421875,4.619940876001965,4.620287157493708,4.623218327766137,4.69367358945606,4.449402498950947,4.5013663830088175,4.910543611009507,5.282921852523002,0.59521484375,2.40234375,2.498046875,3.244140625,0.5055207912177629,0.5647364644523586,5.50434055893928,3.1237390442923436,0.5675046830485916,0.050195888353180784,0.023474734322278694,0.7037594416933679,0.28632338997730133,0.9351023816897888,0.3844354192773067,0.6988800632840055,0.2860699540928079,5.5100903785191715,3.0630001391744868,0.5558892738158069,0.04369534885375437,0.01989243806307263,0.6986766410232867,0.27669061869004685,0.9556459268511501,0.38062510888194495,0.7026981552041942,0.2800898469401647,13,8,3.3046875,10.9765625,3.3036810910216414,3.3040431685200082,3.3060951927762847,3.381978128989506,3.281464039410986,3.3361441275849635,3.636125157818004,4.168884994959654,0.69921875,2.177734375,2.271484375,0.5269151994501228,0.5695659712002251,3.155697535400749,0.5733107357021658,0.04845631872931122,0.06140159562775428,0.7099185019409964,0.6402617138725545,0.93510245072647,0.8632135822343928,0.6982440770943175,0.6382981742743407,5.5100903785191715,3.0883199623762247,0.5604844476627634,0.04069756917702083,0.047317039296658654,0.7035861084367427,0.5919244887027999,0.9556459964123043,0.8138348375897675,0.7023055075979441,0.5990556988497465
98,test,,0.3875263035297394,76.1875,77.75,1.078125,3.93359375,3.93359375,58,10,4.62109375,11.421875,4.611392214564182,4.611738611162039,4.614674437195372,4.685156896514667,4.413022770589213,4.465071466398893,4.876482703574051,5.248224261058543,0.59521484375,2.404296875,2.49609375,3.23046875,0.5062541890972387,0.5644631114913935,5.50434055893928,3.1253843381604325,0.5678035914919322,0.045812727206284265,0.02142251441046179,0.7036139066557352,0.28623651609004547,0.935102381010906,0.3843978794179377,0.6990411958394818,0.2861080907222852,5.519416889099251,3.032077811278575,0.5493474894543433,0.05086699757558488,0.022793656857903074,0.7009774729612284,0.27417851051684844,0.9633016789215088,0.37816508393139303,0.711275221015784,0.27990921380135636,17,9,3.30078125,10.9765625,3.3032057169052815,3.3035677881958745,3.3056257129742455,3.3815026871934943,3.2615355559182455,3.316262037725206,3.6142352804631708,4.149876842286031,0.69921875,2.1796875,2.267578125,0.5260426501740363,0.5697589844872764,3.15821657530649,0.5737683817868816,0.043684383848193065,0.05598996142622061,0.7096030564665803,0.645186338113115,0.9351024526061522,0.8704066035077774,0.698244078974005,0.643564877057818,5.519416889099251,3.0572025563348,0.5538995545657587,0.04909939533394603,0.05503447424988663,0.7039487554456345,0.5783469302941194,0.9633017539006072,0.7975459899029953,0.7107546695809859,0.59149696878576
99,test,,0.4017249047756195,74.75,76.375,1.07421875,3.93359375,3.93359375,62,8,4.60546875,11.421875,4.59474761146091,4.59509423472963,4.5980125078243725,4.668574193080397,4.335325030250167,4.387554740018524,4.792555461135254,5.174117195948176,0.5966796875,2.40234375,2.501953125,3.1953125,0.5032880483660515,0.5649816561705316,5.50434055893928,3.128107566937728,0.5682983335501561,0.0516280231205295,0.024304125945700472,0.7044316671816322,0.288243949166641,0.9351023860967,0.38666807046621837,0.6991697905586438,0.28784334041009363,5.510450559844796,3.026228252519793,0.5491798210789188,0.05427318115002944,0.02464299184488087,0.695513379223641,0.27333086073219093,0.9543702751982508,0.3774137105321635,0.704628325312151,0.2779683296625255,17,7,3.28125,10.9765625,3.2777621329799826,3.2781245175824885,3.2801586697949596,3.356148385177697,3.2624195995776732,3.3171436798699037,3.6143402554276465,4.150714960849897,0.701171875,2.177734375,2.275390625,0.5268141017255179,0.5695171504787727,3.1609118258362403,0.5742580409024269,0.05040936982607036,0.06643582524553292,0.7098248171351562,0.6582253685451598,0.9351024509891088,0.8881393860492341,0.698244077356958,0.6565451076029369,5.510450559844796,3.049023338735826,0.5533165220561752,0.05330626022839269,0.06229298622007186,0.6981703410295887,0.5828087240624084,0.9543703464341178,0.8073735770955418,0.7039759853402678,0.5924328975165899
100,test,,0.38032445311546326,77.0625,78.25,1.0703125,3.93359375,3.93359375,59,9,4.62890625,11.421875,4.61366491401806,4.614011299336157,4.616938442344132,4.687424040459939,4.53522957754193,4.58699336997363,5.0101125042639705,5.3647808685054255,0.5947265625,2.408203125,2.498046875,3.26171875,0.5037566445275071,0.5656006809422601,5.50434055893928,3.125458512742922,0.567817067144773,0.05300706985871262,0.024869483136763765,0.7043378501511608,0.28736354764179184,0.935102385061465,0.38552650913177605,0.6988744484422202,0.28687601674128005,5.504646411925334,3.0417095531390217,0.552571287149239,0.06325463341295645,0.02839018135037305,0.6952048256878856,0.27281897158048485,0.9525797396096589,0.3760870263426201,0.6961900502703777,0.27546847137094044,15,8,3.30859375,10.9765625,3.3049935627841283,3.3053556153101806,3.3074110693828422,3.3832847858882453,3.2620838706573965,3.3168087345954853,3.6145068172452697,4.150394807984313,0.69873046875,2.185546875,2.271484375,0.526545673261612,0.5701731717205113,3.160023692607206,0.5740966894708568,0.05079338487028551,0.06431161748057894,0.7096896014439702,0.6396913897099975,0.9351024518557072,0.8627112784390125,0.6982440782235564,0.6379303577738936,5.504646411925334,3.0664442493375743,0.5570647085877108,0.06250933754386079,0.07041919611349857,0.699157450492585,0.5788416604221266,0.9525798090464823,0.7988096650473245,0.6954475825866986,0.5859245482253737
101,test,,0.4065743088722229,76.875,77.0625,1.06640625,3.93359375,3.93359375,60,7,4.67578125,11.421875,4.661960218133215,4.662305916146367,4.665240361014314,4.7355337621487354,4.392413229267868,4.444508495104319,4.846378664127625,5.228545790182828,0.59033203125,2.412109375,2.513671875,3.275390625,0.509250049995312,0.5658932084591161,5.50434055893928,3.1232237769978033,0.5674110719631177,0.050816143715975315,0.023208423808703305,0.7037636087907959,0.2804755488529566,0.9351023730178962,0.37650083464065426,0.6988987729830054,0.2801982684871195,5.51434732040803,3.064691625857101,0.5557668836917461,0.050243243989152475,0.022325322465749062,0.695097981837792,0.2691252883431647,0.9596114285609714,0.3736524096769452,0.7184684007428244,0.2797327210946876,18,6,3.36328125,10.9765625,3.3650918618906416,3.3654531812515653,3.367520480297653,3.443172560579171,3.3341637352590308,3.388720936548089,3.6898345699243076,4.219147565119124,0.693359375,2.19140625,2.291015625,0.5258360432400135,0.5693976928886341,3.159486115291936,0.5739990252167079,0.04984094259116656,0.05935563471999265,0.709533638816537,0.6120235056706756,0.9351024469795144,0.8247432033678639,0.6982440733473636,0.6101158187691069,5.51434732040803,3.0919195812110942,0.5607045406386028,0.049211715935453704,0.05406339601159591,0.6997493562193933,0.5631517693373013,0.9596115031529395,0.7814759893756713,0.7179666254903401,0.5845848213507033
102,test,,0.3930083215236664,78.0,78.6875,1.0634765625,3.93359375,3.93359375,69,9,4.6875,11.421875,4.679988836992368,4.680334376711108,4.68329016104821,4.75350925547607,4.3164329820499905,4.368706671499701,4.76543375729222,5.156097497875569,0.58984375,2.412109375,2.505859375,3.298828125,0.5020852681711051,0.5643611330479021,5.50434055893928,3.1248461524316706,0.5677058167043806,0.04597123804277636,0.020946967289100452,0.7044246530306761,0.2801703396310267,0.9351023766572872,0.3757303848079236,0.6991141424118226,0.2797134940055561,5.5085240777283975,3.0603301783455032,0.5555626398582468,0.0394486683582711,0.017388999271445604,0.707485405657625,0.27211239454876135,0.9516803256258779,0.3689518760049449,0.7105078879806408,0.2752984827187756,16,8,3.37109375,10.9765625,3.3698577263821865,3.3702190418990017,3.372311055732904,3.4479307947653384,3.273279157163234,3.327978875178207,3.6287569102861936,4.161086666804483,0.69287109375,2.189453125,2.279296875,0.5256176049610728,0.5695489384653645,3.157635535412359,0.5736628214771752,0.04384960630700174,0.05150791332144417,0.7095711422466442,0.6059832982757094,0.9351024487950239,0.816378188724091,0.698244075162874,0.6039846026345191,5.5085240777283975,3.0859582060204462,0.5602150707659305,0.037745048180170215,0.04064683372617515,0.7102102696905632,0.5636653761370779,0.9516804029683685,0.7678392658306197,0.7099083728418467,0.5721032739952625
103,test,,0.38667234778404236,78.25,78.0,1.0595703125,3.93359375,3.93359375,59,8,4.62890625,11.421875,4.626314351533999,4.626660536777761,4.629593672239168,4.700021621539613,4.4049982314944165,4.457067307010214,4.8770369518919585,5.240595755359902,0.5947265625,2.40234375,2.5,3.236328125,0.5023909714201745,0.5648161899743233,5.50434055893928,3.126496330878658,0.5680056125526421,0.04700408349496765,0.021964420151449927,0.7034234658937164,0.2859870351507889,0.9351023822711548,0.3841643994812901,0.6987482345826992,0.2858152341477999,5.516609819641172,3.040890267061319,0.5512244596735163,0.05695959660036731,0.02555297765416837,0.6863513883101469,0.268393879665807,0.9553195639190699,0.3764427079982194,0.704955268235377,0.27820175114298384,14,8,3.310546875,10.9765625,3.307681679038162,3.3080437162651743,3.310098234158167,3.3859661691857683,3.249588746660916,3.3043428395035366,3.600870436952179,4.138478841477999,0.6982421875,2.177734375,2.2734375,0.5263624143810405,0.5697283390982202,3.1562460218013095,0.5734103818622621,0.04471187726535941,0.0563329322440869,0.7095670421857001,0.6373367124171484,0.9351024512151724,0.8596131375635713,0.6982440775830216,0.6356616222713929,5.516609819641172,3.064554309787231,0.5555140584487749,0.054783901724255735,0.061732507513636604,0.6892284237673127,0.5669788792775675,0.9553196377884001,0.7986841021338525,0.7045960449742807,0.5909390617812396
104,test,,0.41115736961364746,76.375,76.875,1.0556640625,3.93359375,3.93359375,68,9,4.7578125,11.421875,4.753034075078623,4.7533786288411415,4.756349018163749,4.826282423884866,4.519286559514389,4.571086482129307,4.987101428055576,5.349559605862676,0.58349609375,2.453125,2.56640625,3.37109375,0.5031918026042131,0.5645702712960052,5.50434055893928,3.1214568033302124,0.5670900573658794,0.04595686817175437,0.020250543440356327,0.7027596895088575,0.2714366109337649,0.9351023572401038,0.3647721990934948,0.6980008053016489,0.27115684638369353,5.51478243370145,3.0178996869201145,0.5472382135109072,0.06830013958622061,0.028749169947723533,0.6599289896808438,0.2434486282637787,0.9587726080956394,0.3551929555845593,0.6968855476324816,0.2584196631818104,21,8,3.451171875,10.9765625,3.443599550588102,3.4439599598547104,3.4460814180744466,3.5214133913491663,3.363295463561365,3.417785380821762,3.724113009276381,4.246941927949178,0.685546875,2.236328125,2.34765625,0.52283076715615,0.5694681195335346,3.1526543791464348,0.5727578708818065,0.04236108849497988,0.045205234008351344,0.7079918968160861,0.5633704247624871,0.9351024355275932,0.7595086852379752,0.6982440618954424,0.5622709000995639,5.51478243370145,3.0354476476956123,0.5504201995613922,0.06671864946090089,0.06354207949006166,0.6609684008045233,0.4772271189977239,0.9587726970199872,0.6980168206173123,0.6959882267784003,0.5076551304383793
105,test,,0.4121745228767395,76.375,77.75,1.052734375,3.93359375,3.93359375,59,9,4.7421875,11.421875,4.733677568661358,4.734022386199715,4.736996270847538,4.806998686014237,4.488314461288951,4.5401877835071085,4.961546051676257,5.320037386646515,0.58447265625,2.44140625,2.54296875,3.3515625,0.5019642880538177,0.5659079474998772,5.50434055893928,3.127630686191546,0.568211696333386,0.06672178877973955,0.029632372350532628,0.7043451935118545,0.27392829034344274,0.9351023638584195,0.3673172661386011,0.6986853270201765,0.27330864181562603,5.500957218743785,3.0538716793936933,0.5551527775907853,0.06953172179331446,0.02998807041207834,0.6885850645225693,0.25996568142151755,0.9452183891654151,0.3593863275581094,0.6960169787810511,0.265128676294315,18,8,3.435546875,10.9765625,3.431555267109966,3.431915820994009,3.434039508489536,3.5094109725340243,3.4105029046025734,3.4648830224913727,3.7746556659004815,4.291970567693202,0.68701171875,2.22265625,2.3203125,0.5246085338084463,0.5701571310674332,3.156895475958586,0.5735283713199132,0.06474600700862254,0.07036536768103802,0.7096233464342596,0.5723857646453743,0.9351024402604855,0.7701067546235927,0.6982440666283365,0.5700486251045974,5.500957218743785,3.0770487984929424,0.5593660659654478,0.06703132284903024,0.0679428705782851,0.6925385246527629,0.5259688044755451,0.9452184678792195,0.7281959831378968,0.6952500934043879,0.5376440384611719
106,test,,0.43404147028923035,76.375,77.0625,1.048828125,3.93359375,3.93359375,62,9,4.69140625,11.421875,4.685218715479718,4.685564164878218,4.688517059084024,4.758716427461912,4.594414338760794,4.646040362957613,5.082460701138591,5.421232715909277,0.58935546875,2.423828125,2.5234375,3.2734375,0.5025260016132377,0.5657048691547822,5.50434055893928,3.1250233115324937,0.5677380020495507,0.05366335644174747,0.0243508105548008,0.7031613106103167,0.2786580157799546,0.9351023709859501,0.37435979633633754,0.6988219273572414,0.2785809933918307,5.511241358088029,3.046235913453655,0.5527313567900901,0.06189244388916215,0.02692333307199262,0.7148783502477478,0.27346426817982683,0.9510287921654426,0.36737845073255077,0.7146469036091609,0.27612620766971224,19,9,3.37890625,10.9765625,3.375625023452879,3.375986220527475,3.3780788844640295,3.4536701488466717,3.313612012654596,3.3682178075524067,3.671170728367332,4.199556284075288,0.6923828125,2.203125,2.298828125,0.5260023964934452,0.5702279992870646,3.155172111657032,0.573215279445764,0.05108153061670517,0.05942354092854852,0.7093818582027493,0.6015576725061909,0.9351024468084477,0.81050517905657,0.6982440731762969,0.5996792335734483,5.511241358088029,3.0692131295447798,0.5569005111780402,0.0601652180959702,0.06190227083599941,0.7195066975879811,0.5589466041468786,0.9510288664476096,0.753715176407231,0.7138797481897203,0.5660252464389326
107,test,,0.4315897524356842,76.875,77.5625,1.044921875,3.93359375,3.93359375,66,9,4.67578125,11.421875,4.665180359969749,4.665526053710937,4.66846000005474,4.738748399836101,4.401878375703185,4.453952868692492,4.865954449104477,5.237592621584024,0.59033203125,2.4140625,2.525390625,3.26171875,0.4999114728356441,0.5649215395375731,5.50434055893928,3.089094935394942,0.5612107213057743,0.06464796328851019,0.02912655182324719,0.700544247440174,0.27589408657797276,0.9351023716091023,0.372007639967897,0.6988314202799195,0.2768417635924334,5.495844944012212,3.0473393798853836,0.5544805959646834,0.06049995071955916,0.02694601243898204,0.702086890596469,0.27113912675584895,0.9378330969962754,0.3663140826444978,0.6901476947267957,0.26848014607124565,19,8,3.361328125,10.9765625,3.357836765107781,3.3581981833343892,3.360263519154365,3.435944674885944,3.25456321646752,3.3093061652123263,3.6044503872988227,4.143229998147674,0.69384765625,2.19140625,2.30078125,0.5262787336796088,0.5698513748531036,3.117593420608041,0.5663881780615734,0.06268071144026433,0.07089076247728165,0.7061837818411405,0.5866233758625521,0.935102446334052,0.7936047419259628,0.698244072701903,0.5872867307451183,5.495844944012212,3.07066279220865,0.558724422448303,0.059288472078633525,0.06496795537762272,0.705919032186662,0.5617024459439638,0.937833174033333,0.763993724401504,0.689809187945424,0.5572304269677545
108,test,,0.3779453635215759,77.0625,78.0,1.0419921875,3.93359375,3.93359375,55,8,4.63671875,11.421875,4.623233758161037,4.623579971625176,4.626508821922649,4.696950295645805,4.456336020279716,4.508282866650691,4.922489178969263,5.289522150806793,0.59423828125,2.56640625,2.51953125,3.240234375,0.5072927863489268,0.566197930772647,5.50434055893928,3.1310707661073724,0.5688366721827163,0.045969326178098235,0.021514688245528327,0.7038635148902088,0.28655759828922156,0.9351023786185815,0.38469569516615143,0.6991446902339851,0.28637118225145913,5.50718552776753,3.058663457006201,0.555395027384542,0.047716995750198166,0.021639618328453798,0.7109137453263603,0.28079569743380944,0.9497339776655487,0.3780828363812509,0.7053223744636608,0.280644612056702,14,7,3.318359375,10.9765625,3.314416123779595,3.3147780485032343,3.3168305771053475,3.392672159240729,3.3002857181102994,3.3549208788395006,3.6538472245988984,4.186820910667482,0.69775390625,2.34375,2.294921875,0.5257480145933919,0.569093701043958,3.16322097773982,0.5746775556251905,0.04344482586737186,0.054683625894001615,0.7086797060171852,0.6361007124422162,0.9351024482028167,0.8590064082711074,0.6982538910918565,0.6352262320976905,5.50718552776753,3.083989217919183,0.5599937032027595,0.045529494810006454,0.05190875491649009,0.7163166954116642,0.5950395860547201,0.949734048408069,0.8021375955595732,0.7049939415442719,0.5948044956330965
109,test,,0.3856777548789978,76.1875,75.6875,1.0380859375,3.93359375,3.93359375,55,8,4.578125,11.421875,4.577985218730429,4.578332071896617,4.581250141516363,4.651874894697742,4.283180540606723,4.33553215069528,4.73459218944592,5.124388414328489,0.59912109375,2.412109375,2.494140625,3.169921875,0.5033426621312784,0.5638982399282431,5.50434055893928,3.1342293311090508,0.5694105038647965,0.04372985786274608,0.02105287252085453,0.7044377971394553,0.293911504546524,0.935102391275227,0.3943492132325386,0.6988209251074968,0.293389337378818,5.51725605585225,3.065717454630753,0.5556598105282594,0.05507412614349061,0.025565993359918097,0.7031555006284247,0.2830408584194506,0.9565221666647483,0.3884622713509691,0.7120553860867549,0.2886395843256002,13,7,3.25390625,10.9765625,3.2525950327810644,3.2529577288725604,3.2549818661707732,3.331070282450074,3.2470173644914646,3.3017774015422643,3.5986061720029823,4.136025608868783,0.70361328125,2.189453125,2.265625,0.5263876415127267,0.5690596684723738,3.169092165452031,0.5757442025103793,0.04164763764366963,0.05705378541556208,0.7094876557147609,0.6759630017852525,0.9351024539358201,0.9131131659132757,0.6982440803036694,0.674816894120415,5.51725605585225,3.0947870110220146,0.5609286536084038,0.054100739134657516,0.06716578670631541,0.7058811227147253,0.6216063980191667,0.9565222354486673,0.8589339133296824,0.7115535546430527,0.6363258377451685
110,test,,0.38533562421798706,78.0,78.9375,1.0341796875,3.93359375,3.93359375,65,9,4.625,11.421875,4.628914400036972,4.6292606297719425,4.6321996201164595,4.7026249476261475,4.422956230600855,4.474982012204016,4.889824145278268,5.257702268662884,0.59521484375,2.40234375,2.498046875,3.234375,0.5032040564805101,0.5634199887392806,5.50434055893928,3.1246145709644244,0.5676637441863802,0.045425751584790675,0.021288282292326915,0.7030821213274523,0.2865673375723492,0.9351023884574037,0.3851409624925327,0.6989766740149523,0.28663229591377,5.504814763311234,3.0796282480729635,0.5594426661907362,0.04503684010432352,0.020707571189495295,0.7042348872309194,0.2798821210164283,0.9426683229472994,0.3789028957169186,0.6921341342055456,0.2771515168808209,15,8,3.306640625,10.9765625,3.303629425463483,3.303991521365037,3.306042017555116,3.3819298528176813,3.302758249109561,3.357388397922842,3.6572523938940864,4.189190205944516,0.69873046875,2.177734375,2.271484375,0.5263432838843056,0.5694621489796354,3.1601531740401847,0.5741202129849985,0.04328584496327004,0.055191452083296996,0.7096944525667546,0.6428920538957708,0.9351024565435742,0.8671238724589998,0.6982440829114225,0.6411613808781652,5.504814763311234,3.1078509445554174,0.5645695773940984,0.042906444948380695,0.0519098128609393,0.7083213017597059,0.6065204135991746,0.9426683941424052,0.8272292259215752,0.6913386912493502,0.6017012022587271
111,test,,0.3879935145378113,76.1875,76.625,1.03125,3.93359375,3.93359375,66,10,4.640625,11.421875,4.6327877655759195,4.633133904633358,4.636074829649204,4.706477753083408,4.473251146086747,4.525160730844419,4.952028985800707,5.305687607132155,0.59375,2.40234375,2.501953125,3.2421875,0.5023829456592599,0.563391600379178,5.50434055893928,3.129101647375191,0.5684789329202022,0.04281010568151089,0.019923700778461718,0.7040990622127747,0.2852536294781968,0.9351023803747838,0.3827974226901683,0.6990718700648708,0.28493453381948036,5.5057968671176925,3.047768540945172,0.5535562997515183,0.03629627967413818,0.01631043526367678,0.7156093613358863,0.27877149180966165,0.9445543649659776,0.3723459038777731,0.7035128758136615,0.27633533600161914,17,9,3.3203125,10.9765625,3.319024345218904,3.3193862405194676,3.321452886123247,3.397268759349579,3.2699419138854195,3.3246493555046803,3.625847764884315,4.15790294108535,0.69775390625,2.1796875,2.27734375,0.5257973832718326,0.5700437549749064,3.163382258879704,0.5747068563448965,0.04068186286960085,0.05116136230343544,0.7088318311271413,0.6358424616755103,0.9351024517831874,0.8584608974361987,0.6982440781510384,0.634817808920627,5.5057968671176925,3.0731004719231523,0.5581572560870618,0.03446675493385598,0.0393854559510913,0.7182390477466214,0.5902768466873186,0.9445544394138103,0.7960587078955453,0.7026535112382746,0.5876801512670811
112,test,,0.4360513985157013,78.6875,78.9375,1.02734375,3.93359375,3.93359375,60,9,4.6015625,11.421875,4.598162121656074,4.598508737949409,4.601443917642538,4.67198265713669,4.424715835033636,4.4767368557373795,4.890429036989982,5.259370860236438,0.59716796875,2.40625,2.494140625,3.203125,0.5031784100535267,0.5670591797177653,5.50434055893928,3.126629393926205,0.5680297867559135,0.04516613537539538,0.021327121433161435,0.7039550956890652,0.28881356621505405,0.9351023899398738,0.387705336892089,0.6988974248704034,0.28849968055320446,5.514019786953591,3.043750028994677,0.5520020142467245,0.05113559885874075,0.023164010072117245,0.7128865943923213,0.2820948682236784,0.9571064758548271,0.3819937774163852,0.7248672016684488,0.28901340252899727,14,8,3.27734375,10.9765625,3.2761131646175485,3.2764755903508367,3.278519764982592,3.354508963830118,3.237612706933124,3.292394475183294,3.588077483331834,4.127052889695793,0.701171875,2.181640625,2.267578125,0.5268681816109217,0.5701524603026085,3.158376265843558,0.5737973935341305,0.04377891737095663,0.057763366608970516,0.7092693639640597,0.6582393808044459,0.935102456822837,0.888871170777117,0.6982440831906862,0.6570806572505647,5.514019786953591,3.0710225301866303,0.5569480431413761,0.049834811352186925,0.05731887509141068,0.7161304034601699,0.6022951763908655,0.9571065443968454,0.8198328537742983,0.7242612286966859,0.6190475285055906
113,test,,0.4177040457725525,76.875,77.3125,1.0244140625,3.93359375,3.93359375,60,8,4.66015625,11.421875,4.654623829861879,4.654969657752586,4.657918237483739,4.728229917309285,4.4729942578507496,4.524903671561686,4.943508828194107,5.3054309360041065,0.591796875,2.431640625,2.521484375,3.2890625,0.5028250183951551,0.564518519589899,5.50434055893928,3.1221422172826605,0.5672145798123212,0.046932042673017094,0.021603225410118075,0.7033038101952078,0.2822156685959245,0.9351023775514076,0.379111109476516,0.6990569628650913,0.2821963963171506,5.514465944769944,3.040983005887778,0.5514555781728822,0.05584589495653525,0.024635423131137944,0.697764755106431,0.2688693932726035,0.9596494239218671,0.3721729072731753,0.7136730900486592,0.277269537814097,15,7,3.345703125,10.9765625,3.3426530147957023,3.3430146341360687,3.3450931622635096,3.42081658798919,3.3213059176748527,3.3758932307620144,3.6791709958167473,4.2068864537088935,0.6953125,2.212890625,2.296875,0.5260367876269928,0.5702915000566576,3.1544638643290397,0.5730866087502632,0.04499118542715852,0.054079657173400957,0.7086586429136261,0.6153865009303405,0.9351024493800599,0.8304248738871903,0.6983021239269549,0.6143306622157407,5.514465944769944,3.0665413472854364,0.5560903590661975,0.05395646527923592,0.058419684654776954,0.7032602381449777,0.5617598293803084,0.9596494977735279,0.7769114179717168,0.7144121465163078,0.5805211715664832
114,test,,0.44545677304267883,74.3125,76.1875,1.0205078125,3.93359375,3.93359375,61,10,4.67578125,11.421875,4.6682917698993425,4.668637451498207,4.671588566342785,4.741853250870756,4.405061320558999,4.457129550266443,4.875077074085128,5.240645649570775,0.5908203125,2.416015625,2.51953125,3.310546875,0.49882526035279373,0.5644856110392901,5.50434055893928,3.124407138597179,0.5676260589514235,0.04616804124845775,0.021097227877890395,0.7037879338593687,0.2806205301073471,0.9351023750533543,0.37668429989490143,0.699079913237302,0.28040688028139266,5.496016752483926,3.0255087713722313,0.5504911843663599,0.05267514068024326,0.02314969493262969,0.6851795485968193,0.26239969591438844,0.9390703120968187,0.36375774993492804,0.6968558507513345,0.26901422061072505,17,9,3.361328125,10.9765625,3.356905969324081,3.3572673933967043,3.359355398923939,3.43501634200752,3.3440900748642637,3.3986247409341717,3.7044477860635503,4.2286241768252015,0.69384765625,2.193359375,2.294921875,0.5255256826057967,0.5701131888824921,3.1575248250908885,0.5736427082010643,0.04365786401228977,0.052151219112435684,0.7093589278178616,0.6132271429988684,0.9351024508565002,0.8266098894745963,0.6982440772243494,0.6114838671519873,5.496016752483926,3.047426654776776,0.5544791422623468,0.05135041060743184,0.054341363703687515,0.6884768027056332,0.5375569139463049,0.9390703878657654,0.7505792813162622,0.6971315887925531,0.5533004807484098
115,test,,0.3868849575519562,76.875,77.0625,1.017578125,3.93359375,3.93359375,63,9,4.7578125,11.421875,4.7518603220996045,4.752204889561656,4.755188127465807,4.825112933844859,4.624793216230971,4.676350779292637,5.119841007676055,5.450241789349907,0.58349609375,2.41796875,2.533203125,3.357421875,0.5071589360065848,0.5652145466633822,5.50434055893928,3.124254525550235,0.5675983330058156,0.05086328109821103,0.022472479757646758,0.7050241243790811,0.2729496297882784,0.9351023587087104,0.3656358871104745,0.6988847078038107,0.2721404028080923,5.51478312113322,3.065476348169045,0.5558652590383513,0.053431802660727,0.022886780460767506,0.7162185669926497,0.26971891909648454,0.956356539389903,0.3629787515588777,0.7202096355952614,0.2735293532123008,21,8,3.451171875,10.9765625,3.4529788312596335,3.453339146206064,3.4554844981578627,3.530763290157475,3.3504239812873173,3.4049440088749003,3.7110175964211933,4.234667122668872,0.685546875,2.1953125,2.310546875,0.5241949966035965,0.5699318591355597,3.1556078152600544,0.573294435813063,0.048018224672967236,0.05149594328666109,0.7091525487796888,0.5663750347798423,0.9351024432059853,0.7623679233642614,0.6982440695738346,0.5643694259431836,5.51478312113322,3.0897290548854124,0.5602630215946753,0.05004007856690684,0.04919752130657623,0.7206633858621112,0.538637526447713,0.9563566242551191,0.726021240191695,0.7195405888541435,0.5469558468276542
116,test,,0.3865542411804199,76.875,77.3125,1.013671875,3.93359375,3.93359375,69,10,4.73046875,11.421875,4.7237240627049015,4.72406903444739,4.727047112907048,4.797085600060462,4.386774615870196,4.438884702340224,4.844621296427338,5.223192715831094,0.5859375,2.41796875,2.53125,3.3125,0.5026738965710817,0.5669878497023915,5.50434055893928,3.121930431890557,0.5671761037424203,0.05329815860822329,0.02370118472875889,0.7041128358838744,0.2741467885224149,0.9351023649728702,0.36773572463384274,0.6988736914788376,0.27369247306003963,5.513652226706606,3.074474693437886,0.5576112832336398,0.055814611248732326,0.024164034962853406,0.7090201022097133,0.2695207513056208,0.9551430975236537,0.366022515659578,0.7198792346060587,0.2759933925553245,21,9,3.419921875,10.9765625,3.4158466876078055,3.4162074387713024,3.4183364140551,3.4937584338017977,3.3498217739481015,3.404343200364483,3.711398878814427,4.234092719026801,0.6884765625,2.1953125,2.30859375,0.5232963641489066,0.5699009154566326,3.150506946270448,0.5723677364319133,0.05052069420333272,0.05559537705576576,0.7095066160299845,0.5776118270702087,0.9351024478733247,0.7774177899301414,0.6982440742411749,0.575412974961477,5.513652226706606,3.097876742221289,0.5618556656903443,0.05295360963468987,0.05434251861742397,0.712182788126575,0.5498250877046456,0.9551431822625744,0.7496375353089391,0.7193320004720558,0.5650947573203767
117,test,,0.37551790475845337,78.9375,79.1875,1.0107421875,3.93359375,3.93359375,70,10,4.75,11.421875,4.7467247422566405,4.747069403124709,4.750046946571214,4.820000464114124,4.463856983388132,4.5157878594066,4.932708074633666,5.296718446934358,0.58447265625,2.44140625,2.568359375,3.3671875,0.5004204956170027,0.5673112806049404,5.50434055893928,3.1317481248747345,0.568959731204975,0.04490432449693671,0.01993337925267206,0.7044007699406087,0.2738361458285961,0.9351023636630078,0.36716320800411384,0.6989100896322169,0.2732823738921713,5.518968013270504,3.0817906605953898,0.5583998046709354,0.05087869990700078,0.022087671933583655,0.7119997934339874,0.27061398374092327,0.9574574826197768,0.366814951389054,0.7099773633751054,0.27229887153003607,19,9,3.439453125,10.9765625,3.438067708891861,3.4384281958241814,3.4405557814887473,3.5159025505524033,3.3979365420227965,3.452345678476054,3.7598146723563346,4.279980990239355,0.6865234375,2.21875,2.34765625,0.5259255242064074,0.5719785635312755,3.161006886408376,0.5742753110133726,0.04175098467632754,0.045592953895461745,0.7096399718810433,0.5744411371202574,0.9351024447117062,0.7729119520031581,0.6982440710795572,0.5721069966327685,5.518968013270504,3.1073047228580912,0.5630227816842741,0.04803158366015836,0.048924796218311334,0.7171147270608351,0.5477052281511332,0.9574575658260986,0.7431099545936694,0.7093274582157036,0.5517479319441088
118,test,,0.40310579538345337,76.375,77.3125,1.0068359375,3.93359375,3.93359375,65,9,4.78125,11.421875,4.771991997522754,4.772336337116601,4.775319801577386,4.845176855906455,4.422853487449785,4.474878371093985,4.881284360057674,5.2575871026535035,0.58154296875,2.4375,2.533203125,3.408203125,0.5030286010424054,0.565736972102095,5.50434055893928,3.1337605147583156,0.5693253317454998,0.044083913091959026,0.019308131645286393,0.7047576288201514,0.27076876919222675,0.935102360227237,0.3628240595419718,0.698729232290134,0.2699961003094829,5.51304032919832,3.0462214103211993,0.552548363230306,0.054662949746587586,0.022991636776057162,0.6962511263105515,0.25729065689748004,0.9574271531303866,0.35655426485679104,0.7117841442511432,0.26554934088648596,17,8,3.474609375,10.9765625,3.4744824112190225,3.474842478139512,3.4770038309936306,3.552193962078393,3.407481780066795,3.4618695987192276,3.7743270721403377,4.289098889928762,0.68359375,2.216796875,2.310546875,0.5250899210662091,0.5711611528912989,3.163541512369801,0.574735788691722,0.04048372712746673,0.042587073852476336,0.7098350876624338,0.5588220511927986,0.9351024434725312,0.7512547525561053,0.6982440698403805,0.5562122079244404,5.51304032919832,3.0666155571074576,0.5562476190979343,0.05245810492073666,0.049515440114441166,0.6995892111429933,0.5040258607096794,0.9574272375985302,0.7003159125620535,0.7109666367597383,0.5218731140168966
119,test,,0.3885821998119354,77.0625,78.25,1.0029296875,3.93359375,3.93359375,64,9,4.71484375,11.421875,4.710913530214163,4.711258599864443,4.7142234319750855,4.784310253335009,4.3765345065595715,4.4286686417232985,4.8394516934612275,5.213428799940811,0.5869140625,2.443359375,2.55078125,3.30078125,0.5063856168197979,0.5672530585580019,5.50434055893928,3.137221585317641,0.5699541210659035,0.0448699993280357,0.020317452490291057,0.7032466566453417,0.27817530782178873,0.9351023701730483,0.3736588804044546,0.6989587868114437,0.27811606846423603,5.511646973768918,3.0763187201782074,0.5581487230258129,0.050360579846278064,0.022222916130456384,0.6890902060683821,0.2647836055640726,0.9538103668910303,0.36918660024003763,0.7054544163375382,0.27312895274325993,18,8,3.40625,10.9765625,3.406537432877398,3.406898256431476,3.409004677994196,3.484474638544875,3.4104812851173527,3.464861442914095,3.774492950161552,4.291949741456467,0.68994140625,2.224609375,2.330078125,0.5261555865937837,0.5717374804976386,3.1708643628093554,0.5760661661204336,0.04189614171731115,0.04788278386059456,0.7085576252421362,0.5931353466292847,0.9351024440523803,0.7998596673017273,0.6982440704202313,0.5918737997422121,5.511646973768918,3.1008364164307314,0.562597066029131,0.048933849549884556,0.05183080270139651,0.6924936407071423,0.5408341681820118,0.9538104440794966,0.7560937056515624,0.7049632956278833,0.5591333349388379
120,test,,0.37642213702201843,77.5625,78.0,1.0,3.93359375,3.93359375,56,8,4.6484375,11.421875,4.639611839163789,4.6399578812897495,4.64290433543222,4.713275682560737,4.350646999782727,4.402841674948983,4.8143677935032745,5.188740994693348,0.5927734375,2.423828125,2.517578125,3.234375,0.5052037204226135,0.5665476810942605,5.50434055893928,3.133780085897179,0.5693288873283446,0.04172921218257297,0.019485099706789268,0.7043547394369583,0.28618114660404514,0.9351023854508593,0.38391428269350814,0.6990894444503049,0.2857694348878556,5.516053946459525,3.0840861229717786,0.5591109428781597,0.04894192437293121,0.022400347512994478,0.704275643966632,0.27840968159150137,0.9527077455746005,0.37995500307861874,0.6969823270974445,0.27758539643141666,13,8,3.330078125,10.9765625,3.3281055051465973,3.3284673002623832,3.3305447043459875,3.4063198203525427,3.3010605625152176,3.355695366819094,3.657883111423488,4.187581436978656,0.6962890625,2.201171875,2.29296875,0.5264603818525414,0.5706857635442445,3.1670181703168168,0.5753674098477513,0.03908989565344445,0.04840378200280812,0.7098349393412615,0.6297310918201784,0.9351024520270759,0.8487894523951274,0.6982440783949242,0.6277343109134012,5.516053946459525,3.1121255536298427,0.5641941837112303,0.04766018608421341,0.056069772903822215,0.7077004972642049,0.59232703732669,0.9527078171936667,0.8124990608989259,0.6964298593483731,0.5921933952354611
