epoch,phase,condition,loss,accuracy,accuracy_nn,temperature,length,length_nn,lexicon_size,actual_vocab_size,entropy_msg_as_a_whole,entropy_msg,entropy_max,max_rep,redundancy,KLD_train_test,KLD_test_train,topsim,entropy_attr,entropy_shape,mutual_info_msg_shape,variation_of_info_msg_shape,proficiency_msg_shape,redundancy_msg_shape,entropy_color,mutual_info_msg_color,variation_of_info_msg_color,proficiency_msg_color,redundancy_msg_color,entropy_xpos,mutual_info_msg_xpos,variation_of_info_msg_xpos,proficiency_msg_xpos,redundancy_msg_xpos,entropy_ypos,mutual_info_msg_ypos,variation_of_info_msg_ypos,proficiency_msg_ypos,redundancy_msg_ypos,entropy_rotation,mutual_info_msg_rotation,variation_of_info_msg_rotation,proficiency_msg_rotation,redundancy_msg_rotation,lexicon_size_nn,actual_vocab_size_nn,max_rep_nn,entropy_whole_msg_nn,entropy_msg_nn,entropy_max_nn,redundancy_nn,KLD_train_test_nn,KLD_test_train_nn,entropy_shape_nn,mutual_info_msg_shape_nn,variation_of_info_msg_shape_nn,proficiency_msg_shape_nn,redundancy_msg_shape_nn,entropy_color_nn,mutual_info_msg_color_nn,variation_of_info_msg_color_nn,proficiency_msg_color_nn,redundancy_msg_color_nn,entropy_xpos_nn,mutual_info_msg_xpos_nn,variation_of_info_msg_xpos_nn,proficiency_msg_xpos_nn,redundancy_msg_xpos_nn,entropy_ypos_nn,mutual_info_msg_ypos_nn,variation_of_info_msg_ypos_nn,proficiency_msg_ypos_nn,redundancy_msg_ypos_nn,entropy_rotation_nn,mutual_info_msg_rotation_nn,variation_of_info_msg_rotation_nn,proficiency_msg_rotation_nn,redundancy_msg_rotation_nn,topsim_nn
1,train,noise,1.1383075714111328,43.34375,42.6875,0.736328125,2.69921875,2.69921875,697,10,5.454592045355842,7.37109375,9.34375,2.109375,0.2113037109375,,,0.1460026930525985,10.086825667978504,2.563472392503777,0.01275634765625,9.90625,0.004978179931640625,0.0012845993041992188,2.9309428088276523,0.080322265625,10.140625,0.02740478515625,0.0077972412109375,2.3208749086533187,0.430419921875,8.828125,0.1854248046875,0.044403076171875,2.320484016375942,0.0173797607421875,9.65625,0.0074920654296875,0.0017938613891601562,1.2708642824277918,0.0029201507568359375,8.640625,0.0022983551025390625,0.00033783912658691406,691,10,2.109375,5.438344006086348,5.109375,9.34375,0.453369140625,,,2.563472392503777,0.020904541015625,7.6328125,0.00815582275390625,0.0027256011962890625,2.9309428088276523,0.136474609375,7.76953125,0.04656982421875,0.0169677734375,2.3208749086533187,0.55029296875,6.33203125,0.237060546875,0.07403564453125,2.320484016375942,0.0224609375,7.38671875,0.00968170166015625,0.0030231475830078125,1.2708642824277918,0.0038127899169921875,6.375,0.0030002593994140625,0.0005974769592285156,0.14505324667943947
2,train,noise,0.739416241645813,62.5625,62.375,1.0771484375,2.845703125,2.845703125,655,10,5.167681570162966,7.73828125,9.546875,2.271484375,0.1893310546875,,,0.14758268305924477,10.086825667978495,2.563472392503777,0.026519775390625,10.25,0.010345458984375,0.002574920654296875,2.9309428088276515,0.1295166015625,10.40625,0.044219970703125,0.01214599609375,2.3208749086533187,0.6396484375,8.78125,0.275634765625,0.0635986328125,2.320484016375942,0.0282135009765625,10.0,0.0121612548828125,0.0028057098388671875,1.2708642824277918,0.00395965576171875,9.0,0.0031147003173828125,0.0004394054412841797,656,10,2.2734375,5.166300653427712,5.61328125,9.546875,0.412109375,,,2.563472392503777,0.04547119140625,8.0859375,0.017730712890625,0.00556182861328125,2.9309428088276515,0.2054443359375,8.1328125,0.070068359375,0.0240478515625,2.3208749086533187,0.85546875,6.22265625,0.36865234375,0.10784912109375,2.320484016375942,0.0367431640625,7.859375,0.0158233642578125,0.00463104248046875,1.2708642824277918,0.00600433349609375,6.87109375,0.004726409912109375,0.0008726119995117188,0.1473692512507039
3,train,noise,0.6233813166618347,68.875,68.6875,1.3916015625,2.912109375,2.912109375,556,10,5.230867395797797,7.96484375,9.5625,2.26171875,0.1673583984375,,,0.15010398136001596,10.086825667978507,2.563472392503777,0.033050537109375,10.4609375,0.0128936767578125,0.0031414031982421875,2.9309428088276515,0.1407470703125,10.609375,0.04803466796875,0.0129241943359375,2.3208749086533187,0.64990234375,8.984375,0.280029296875,0.06317138671875,2.320484016375942,0.032623291015625,10.21875,0.0140533447265625,0.0031719207763671875,1.2708642824277918,0.00405120849609375,9.2265625,0.0031890869140625,0.00043892860412597656,557,10,2.263671875,5.219139832882849,5.99609375,9.5625,0.373046875,,,2.563472392503777,0.055908203125,8.4453125,0.0218048095703125,0.00653076171875,2.9309428088276515,0.2301025390625,8.46875,0.0784912109375,0.0257720947265625,2.3208749086533187,0.8720703125,6.57421875,0.375732421875,0.1048583984375,2.320484016375942,0.044891357421875,8.2265625,0.01934814453125,0.005397796630859375,1.2708642824277918,0.00621795654296875,7.25390625,0.004894256591796875,0.0008559226989746094,0.15046194262789664
4,train,noise,0.5513039231300354,72.1875,72.375,1.56640625,2.955078125,2.955078125,488,10,5.309088551123727,8.0859375,9.5546875,2.216796875,0.154296875,,,0.1524552810979769,10.086825667978502,2.563472392503777,0.037078857421875,10.5703125,0.01446533203125,0.003482818603515625,2.9309428088276523,0.137451171875,10.7421875,0.046905517578125,0.012481689453125,2.3208749086533187,0.6533203125,9.09375,0.281494140625,0.06280517578125,2.320484016375942,0.040924072265625,10.3203125,0.01763916015625,0.003932952880859375,1.2708642824277918,0.004390716552734375,9.34375,0.0034542083740234375,0.000469207763671875,482,10,2.21875,5.298926835545315,6.1953125,9.5546875,0.351806640625,,,2.563472392503777,0.06475830078125,8.625,0.0252685546875,0.007396697998046875,2.9309428088276523,0.228759765625,8.671875,0.0780029296875,0.0250701904296875,2.3208749086533187,0.87646484375,6.76171875,0.377685546875,0.10296630859375,2.320484016375942,0.057647705078125,8.3984375,0.02484130859375,0.006771087646484375,1.2708642824277918,0.007232666015625,7.44921875,0.0056915283203125,0.00096893310546875,0.15296681390797331
5,train,noise,0.49058014154434204,75.3125,75.375,1.7314453125,2.974609375,2.974609375,402,10,5.432477607830941,8.234375,9.546875,2.125,0.13720703125,,,0.16455798576306274,10.086825667978516,2.563472392503777,0.041656494140625,10.71875,0.0162506103515625,0.003856658935546875,2.9309428088276523,0.13525390625,10.8984375,0.046173095703125,0.012115478515625,2.3208749086533187,0.64208984375,9.2734375,0.27685546875,0.060821533203125,2.320484016375942,0.0487060546875,10.4609375,0.0209808349609375,0.004611968994140625,1.2708642824277918,0.00440216064453125,9.5,0.0034637451171875,0.0004630088806152344,396,10,2.125,5.427504397410725,6.4921875,9.546875,0.31982421875,,,2.563472392503777,0.0716552734375,8.9140625,0.0279693603515625,0.00791168212890625,2.9309428088276523,0.2296142578125,8.96875,0.07830810546875,0.0243682861328125,2.3208749086533187,0.86767578125,7.078125,0.373779296875,0.098388671875,2.320484016375942,0.06805419921875,8.6796875,0.029327392578125,0.007720947265625,1.2708642824277918,0.0073699951171875,7.75,0.00579833984375,0.0009493827819824219,0.16397400716930172
6,train,noise,0.4540693163871765,77.3125,77.9375,1.7607421875,2.984375,2.984375,337,10,5.325517794103702,8.2890625,9.5390625,2.1171875,0.1312255859375,,,0.1654288144876157,10.086825667978518,2.563472392503777,0.04473876953125,10.7578125,0.0174560546875,0.004123687744140625,2.9309428088276515,0.1488037109375,10.921875,0.05078125,0.01326751708984375,2.3208749086533187,0.66162109375,9.28125,0.284912109375,0.0623779296875,2.320484016375942,0.0479736328125,10.5078125,0.0206756591796875,0.00452423095703125,1.2708642824277918,0.004673004150390625,9.546875,0.0036773681640625,0.0004887580871582031,339,10,2.1171875,5.322575960359483,6.55859375,9.5390625,0.3125,,,2.563472392503777,0.07452392578125,8.96875,0.0290679931640625,0.00817108154296875,2.9309428088276515,0.250244140625,8.9921875,0.08538818359375,0.0263671875,2.3208749086533187,0.8935546875,7.08984375,0.385009765625,0.10064697265625,2.320484016375942,0.0665283203125,8.7421875,0.0286865234375,0.007495880126953125,1.2708642824277918,0.007537841796875,7.8125,0.005931854248046875,0.0009627342224121094,0.16559741475135187
7,train,noise,0.43902087211608887,77.75,78.0,1.837890625,2.9921875,2.9921875,294,10,5.002598529592264,8.296875,9.53125,2.19140625,0.12939453125,,,0.1878591207068865,10.0868256679785,2.563472392503777,0.04461669921875,10.765625,0.01739501953125,0.004108428955078125,2.9309428088276523,0.1551513671875,10.9140625,0.05291748046875,0.01381683349609375,2.3208749086533187,0.67431640625,9.265625,0.29052734375,0.06353759765625,2.320484016375942,0.05499267578125,10.5078125,0.0236968994140625,0.00518035888671875,1.2708642824277918,0.00464630126953125,9.5546875,0.00365447998046875,0.0004856586456298828,294,10,2.1953125,4.982150976612252,6.5390625,9.53125,0.3134765625,,,2.563472392503777,0.073486328125,8.9609375,0.028656005859375,0.0080718994140625,2.9309428088276523,0.259765625,8.953125,0.088623046875,0.0274200439453125,2.3208749086533187,0.90380859375,7.0546875,0.389404296875,0.10198974609375,2.320484016375942,0.08001708984375,8.703125,0.03448486328125,0.009033203125,1.2708642824277918,0.007488250732421875,7.796875,0.005893707275390625,0.0009584426879882812,0.1885156653442302
8,train,noise,0.4180067777633667,78.9375,79.0625,1.896484375,2.99609375,2.99609375,281,10,4.977366463740466,8.34375,9.5234375,2.16796875,0.12371826171875,,,0.1735424699350034,10.086825667978507,2.563472392503777,0.047332763671875,10.8125,0.018463134765625,0.00434112548828125,2.9309428088276523,0.154052734375,10.96875,0.05255126953125,0.0136566162109375,2.3208749086533187,0.671875,9.3203125,0.28955078125,0.06298828125,2.320484016375942,0.05718994140625,10.546875,0.0246429443359375,0.00536346435546875,1.2708642824277918,0.004985809326171875,9.6015625,0.0039215087890625,0.0005183219909667969,284,10,2.171875,4.970600817405233,6.63671875,9.5234375,0.30322265625,,,2.563472392503777,0.07708740234375,9.046875,0.0300750732421875,0.00838470458984375,2.9309428088276523,0.257080078125,9.0546875,0.08770751953125,0.0268707275390625,2.3208749086533187,0.9052734375,7.14453125,0.39013671875,0.10107421875,2.320484016375942,0.0849609375,8.7890625,0.03662109375,0.009490966796875,1.2708642824277918,0.00786590576171875,7.890625,0.00618743896484375,0.0009946823120117188,0.17371747776427046
9,train,noise,0.40114766359329224,80.375,80.5625,1.8720703125,2.998046875,2.998046875,256,10,4.859908593853457,8.34375,9.515625,2.185546875,0.12322998046875,,,0.16508091728783408,10.086825667978486,2.563472392503777,0.05078125,10.8046875,0.0198211669921875,0.004657745361328125,2.9309428088276515,0.15966796875,10.953125,0.054473876953125,0.01416015625,2.3208749086533187,0.66796875,9.328125,0.287841796875,0.0626220703125,2.320484016375942,0.063720703125,10.5390625,0.0274658203125,0.005977630615234375,1.2708642824277918,0.005126953125,9.609375,0.00403594970703125,0.0005331039428710938,256,10,2.189453125,4.8350241756134835,6.6171875,9.515625,0.3046875,,,2.563472392503777,0.082275390625,9.015625,0.0321044921875,0.00896453857421875,2.9309428088276515,0.264404296875,9.0234375,0.0902099609375,0.0276947021484375,2.3208749086533187,0.89892578125,7.140625,0.38720703125,0.10052490234375,2.320484016375942,0.09619140625,8.75,0.041473388671875,0.01076507568359375,1.2708642824277918,0.00812530517578125,7.87109375,0.0063934326171875,0.00102996826171875,0.16598022517276026
10,train,noise,0.383025586605072,81.1875,81.3125,1.94140625,2.998046875,2.998046875,244,10,4.851568570315405,8.40625,9.515625,2.17578125,0.11627197265625,,,0.17539822438951927,10.086825667978504,2.563472392503777,0.050933837890625,10.8671875,0.019866943359375,0.004642486572265625,2.9309428088276515,0.1566162109375,11.0234375,0.053436279296875,0.01381683349609375,2.3208749086533187,0.673828125,9.3828125,0.290283203125,0.06280517578125,2.320484016375942,0.06268310546875,10.6015625,0.027008056640625,0.005840301513671875,1.2708642824277918,0.00492095947265625,9.671875,0.003871917724609375,0.0005083084106445312,244,10,2.181640625,4.826540815859697,6.75,9.515625,0.290771484375,,,2.563472392503777,0.08319091796875,9.1484375,0.032470703125,0.00893402099609375,2.9309428088276515,0.260986328125,9.15625,0.08905029296875,0.0269622802734375,2.3208749086533187,0.91015625,7.25,0.39208984375,0.100341796875,2.320484016375942,0.0927734375,8.8828125,0.03997802734375,0.01023101806640625,1.2708642824277918,0.00788116455078125,8.0,0.00620269775390625,0.0009832382202148438,0.1757624359857736
11,train,noise,0.3909527361392975,80.4375,80.875,1.9130859375,3.0,3.0,228,10,4.6544791434117165,8.359375,9.515625,2.212890625,0.12091064453125,,,0.18088709384444435,10.086825667978502,2.563472392503777,0.049591064453125,10.828125,0.01934814453125,0.00453948974609375,2.9309428088276515,0.166259765625,10.9609375,0.056732177734375,0.01471710205078125,2.3208749086533187,0.68017578125,9.3203125,0.29296875,0.06365966796875,2.320484016375942,0.066162109375,10.5546875,0.0285186767578125,0.006195068359375,1.2708642824277918,0.004741668701171875,9.625,0.0037326812744140625,0.000492095947265625,225,10,2.21875,4.626457013606133,6.6328125,9.515625,0.302734375,,,2.563472392503777,0.08026123046875,9.0390625,0.03131103515625,0.00872802734375,2.9309428088276515,0.27734375,9.0078125,0.0946044921875,0.0290069580078125,2.3208749086533187,0.9140625,7.125,0.393798828125,0.10211181640625,2.320484016375942,0.09832763671875,8.7578125,0.042388916015625,0.010986328125,1.2708642824277918,0.00762939453125,7.88671875,0.00600433349609375,0.000965118408203125,0.1803101338258247
12,train,noise,0.36360031366348267,82.0,82.1875,1.9365234375,3.0,3.0,218,10,4.460401030374149,8.296875,9.5078125,2.234375,0.12744140625,,,0.17160427592585253,10.086825667978507,2.563472392503777,0.051422119140625,10.7578125,0.0200653076171875,0.004734039306640625,2.930942808827651,0.17333984375,10.8828125,0.05914306640625,0.01543426513671875,2.3208749086533187,0.68505859375,9.25,0.295166015625,0.06451416015625,2.320484016375942,0.0665283203125,10.484375,0.028656005859375,0.00626373291015625,1.2708642824277918,0.005435943603515625,9.5625,0.004276275634765625,0.0005679130554199219,217,10,2.240234375,4.433297115394707,6.49609375,9.5078125,0.317138671875,,,2.563472392503777,0.0838623046875,8.890625,0.03271484375,0.0092620849609375,2.930942808827651,0.288818359375,8.8515625,0.09857177734375,0.0306396484375,2.3208749086533187,0.91943359375,6.9765625,0.396240234375,0.10430908203125,2.320484016375942,0.0986328125,8.6171875,0.042510986328125,0.0111846923828125,1.2708642824277918,0.0087432861328125,7.75,0.0068817138671875,0.0011262893676757812,0.1714884384308544
13,train,noise,0.3590296506881714,82.375,82.5625,1.9462890625,3.0,3.0,216,10,4.449213964218305,8.296875,9.5078125,2.234375,0.127685546875,,,0.17107879519258706,10.086825667978504,2.563472392503777,0.050628662109375,10.7578125,0.0197601318359375,0.00466156005859375,2.9309428088276515,0.1749267578125,10.875,0.0596923828125,0.01558685302734375,2.3208749086533187,0.69580078125,9.2265625,0.2998046875,0.0655517578125,2.320484016375942,0.06646728515625,10.484375,0.0286407470703125,0.006259918212890625,1.2708642824277918,0.00511932373046875,9.5546875,0.0040283203125,0.0005350112915039062,212,10,2.236328125,4.431153419705797,6.48046875,9.5078125,0.318603515625,,,2.563472392503777,0.0826416015625,8.8828125,0.032257080078125,0.0091400146484375,2.9309428088276515,0.292236328125,8.828125,0.0997314453125,0.0310516357421875,2.3208749086533187,0.93408203125,6.93359375,0.402587890625,0.10614013671875,2.320484016375942,0.09869384765625,8.6015625,0.042510986328125,0.01120758056640625,1.2708642824277918,0.00839996337890625,7.734375,0.006610870361328125,0.0010843276977539062,0.16961412550955843
14,train,noise,0.3548995554447174,83.0,83.0,1.9462890625,3.0,3.0,206,10,4.400448907397713,8.25,9.5078125,2.212890625,0.132568359375,,,0.17405738304179172,10.0868256679785,2.563472392503777,0.050445556640625,10.7109375,0.0196685791015625,0.004665374755859375,2.9309428088276515,0.1824951171875,10.8125,0.062286376953125,0.016326904296875,2.3208749086533187,0.69140625,9.1875,0.298095703125,0.0654296875,2.320484016375942,0.0648193359375,10.4375,0.027923583984375,0.006130218505859375,1.2708642824277918,0.0049591064453125,9.5078125,0.0039043426513671875,0.0005211830139160156,210,10,2.21484375,4.38555604574867,6.390625,9.5078125,0.327880859375,,,2.563472392503777,0.08404541015625,8.7890625,0.03277587890625,0.0093841552734375,2.9309428088276515,0.308349609375,8.7109375,0.10516357421875,0.033050537109375,2.3208749086533187,0.92919921875,6.85546875,0.400390625,0.10662841796875,2.320484016375942,0.0950927734375,8.5234375,0.040985107421875,0.0109100341796875,1.2708642824277918,0.00804901123046875,7.6484375,0.0063323974609375,0.0010499954223632812,0.17409166812692217
15,train,noise,0.3440665900707245,83.0625,83.25,1.916015625,3.0,3.0,197,10,4.534934963879507,8.2578125,9.5078125,2.1953125,0.131591796875,,,0.15220952837311508,10.086825667978507,2.563472392503777,0.05145263671875,10.71875,0.0200653076171875,0.00475311279296875,2.9309428088276523,0.187744140625,10.8125,0.06402587890625,0.01678466796875,2.3208749086533187,0.6943359375,9.1953125,0.299072265625,0.06561279296875,2.320484016375942,0.06353759765625,10.453125,0.027374267578125,0.00600433349609375,1.2708642824277918,0.005428314208984375,9.515625,0.0042724609375,0.0005698204040527344,199,10,2.197265625,4.514476355592554,6.40625,9.5078125,0.326416015625,,,2.563472392503777,0.0855712890625,8.796875,0.03338623046875,0.0095367431640625,2.9309428088276523,0.31787109375,8.703125,0.1083984375,0.034027099609375,2.3208749086533187,0.93408203125,6.859375,0.40234375,0.10699462890625,2.320484016375942,0.09332275390625,8.5390625,0.040191650390625,0.01068878173828125,1.2708642824277918,0.0088653564453125,7.66015625,0.006977081298828125,0.0011548995971679688,0.1520929522429348
16,train,noise,0.33125773072242737,83.625,83.6875,1.9013671875,3.0,3.0,193,10,4.519100250475635,8.25,9.5078125,2.205078125,0.132568359375,,,0.16780151941650848,10.086825667978495,2.563472392503777,0.051483154296875,10.7109375,0.02008056640625,0.0047607421875,2.930942808827651,0.194580078125,10.7890625,0.06634521484375,0.01739501953125,2.3208749086533187,0.69921875,9.171875,0.30126953125,0.066162109375,2.320484016375942,0.06475830078125,10.4375,0.0279083251953125,0.00612640380859375,1.2708642824277918,0.005466461181640625,9.5078125,0.004302978515625,0.0005741119384765625,189,10,2.2109375,4.490600704038714,6.375,9.5078125,0.32958984375,,,2.563472392503777,0.08721923828125,8.765625,0.034027099609375,0.00975799560546875,2.930942808827651,0.330322265625,8.6484375,0.1126708984375,0.035491943359375,2.3208749086533187,0.939453125,6.81640625,0.40478515625,0.1080322265625,2.320484016375942,0.09539794921875,8.5078125,0.0411376953125,0.0109710693359375,1.2708642824277918,0.0089263916015625,7.62890625,0.00701904296875,0.00116729736328125,0.1678253892362314
17,train,noise,0.32319357991218567,84.25,84.3125,1.927734375,3.0,3.0,186,10,4.382457135824868,8.2109375,9.5078125,2.236328125,0.13623046875,,,0.17133324268652506,10.086825667978493,2.563472392503777,0.052978515625,10.671875,0.0206756591796875,0.004917144775390625,2.9309428088276515,0.2015380859375,10.7421875,0.06878662109375,0.0180816650390625,2.3208749086533187,0.701171875,9.1328125,0.302001953125,0.0665283203125,2.320484016375942,0.06536865234375,10.40625,0.0281829833984375,0.006206512451171875,1.2708642824277918,0.0054931640625,9.4765625,0.004322052001953125,0.0005788803100585938,177,10,2.2421875,4.355085875002747,6.3046875,9.5078125,0.337158203125,,,2.563472392503777,0.08941650390625,8.6875,0.034881591796875,0.0100860595703125,2.9309428088276515,0.33837890625,8.5546875,0.115478515625,0.036651611328125,2.3208749086533187,0.94287109375,6.73828125,0.40625,0.10931396484375,2.320484016375942,0.095947265625,8.4296875,0.041351318359375,0.0111236572265625,1.2708642824277918,0.00896453857421875,7.55859375,0.00705718994140625,0.0011835098266601562,0.17210290293038247
18,train,noise,0.3113303482532501,84.6875,84.8125,1.927734375,3.0,3.0,181,10,4.4500105995673875,8.2265625,9.5078125,2.22265625,0.13525390625,,,0.17704046310510996,10.08682566797849,2.563472392503777,0.056793212890625,10.671875,0.02215576171875,0.0052642822265625,2.9309428088276515,0.2147216796875,10.7265625,0.07330322265625,0.019256591796875,2.3208749086533187,0.70263671875,9.140625,0.302734375,0.066650390625,2.320484016375942,0.06756591796875,10.40625,0.02911376953125,0.00640869140625,1.2708642824277918,0.0057830810546875,9.484375,0.004547119140625,0.0006089210510253906,176,10,2.2265625,4.425742048910165,6.3125,9.5078125,0.336181640625,,,2.563472392503777,0.09576416015625,8.6875,0.037353515625,0.0107879638671875,2.9309428088276515,0.3564453125,8.53125,0.12158203125,0.038543701171875,2.3208749086533187,0.947265625,6.73828125,0.408203125,0.10968017578125,2.320484016375942,0.098876953125,8.4375,0.0426025390625,0.01145172119140625,1.2708642824277918,0.00926971435546875,7.56640625,0.007293701171875,0.0012226104736328125,0.1767694592320097
19,train,noise,0.3013532757759094,84.8125,85.0,1.8896484375,3.0,3.0,171,10,4.4551329552131795,8.1796875,9.5078125,2.220703125,0.1397705078125,,,0.16957771294208182,10.086825667978509,2.563472392503777,0.05908203125,10.625,0.0230560302734375,0.00550079345703125,2.9309428088276523,0.2303466796875,10.6484375,0.07855224609375,0.020721435546875,2.3208749086533187,0.7109375,9.078125,0.306396484375,0.06768798828125,2.320484016375942,0.07098388671875,10.359375,0.0305938720703125,0.0067596435546875,1.2708642824277918,0.00614166259765625,9.4375,0.004833221435546875,0.0006494522094726562,170,10,2.2265625,4.4294790948412635,6.23046875,9.5078125,0.3447265625,,,2.563472392503777,0.101806640625,8.59375,0.03973388671875,0.0115814208984375,2.9309428088276523,0.3837890625,8.390625,0.1309814453125,0.041900634765625,2.3208749086533187,0.96337890625,6.625,0.4150390625,0.11260986328125,2.320484016375942,0.10650634765625,8.3359375,0.0458984375,0.012451171875,1.2708642824277918,0.0099639892578125,7.48046875,0.00783538818359375,0.0013275146484375,0.16950715663092786
20,train,noise,0.28865790367126465,86.1875,86.25,1.9287109375,3.0,3.0,169,10,4.5428175333544045,8.234375,9.5078125,2.203125,0.1337890625,,,0.1747040598602014,10.086825667978504,2.563472392503777,0.06390380859375,10.671875,0.0249176025390625,0.005916595458984375,2.9309428088276523,0.2430419921875,10.6796875,0.08294677734375,0.021759033203125,2.3208749086533187,0.7080078125,9.140625,0.30517578125,0.06707763671875,2.320484016375942,0.07305908203125,10.4140625,0.031494140625,0.00691986083984375,1.2708642824277918,0.00612640380859375,9.4921875,0.00482177734375,0.0006442070007324219,170,10,2.20703125,4.538451587103683,6.33203125,9.5078125,0.334228515625,,,2.563472392503777,0.10858154296875,8.6796875,0.0423583984375,0.01220703125,2.9309428088276523,0.395263671875,8.46875,0.134765625,0.04266357421875,2.3208749086533187,0.9619140625,6.7265625,0.41455078125,0.1112060546875,2.320484016375942,0.10888671875,8.4375,0.046905517578125,0.01258087158203125,1.2708642824277918,0.0098724365234375,7.58203125,0.0077667236328125,0.0012979507446289062,0.1743885664125666
21,train,noise,0.2745928168296814,86.4375,86.5,1.935546875,3.0,3.0,182,10,4.670957427211215,8.25,9.5078125,2.158203125,0.1322021484375,,,0.18409530743102767,10.086825667978513,2.563472392503777,0.06451416015625,10.6875,0.0251617431640625,0.0059661865234375,2.9309428088276515,0.25146484375,10.6796875,0.0858154296875,0.022491455078125,2.3208749086533187,0.7099609375,9.15625,0.305908203125,0.067138671875,2.320484016375942,0.07244873046875,10.4296875,0.031219482421875,0.0068511962890625,1.2708642824277918,0.0066070556640625,9.5078125,0.00519561767578125,0.0006933212280273438,183,10,2.162109375,4.6425292167027505,6.359375,9.5078125,0.33154296875,,,2.563472392503777,0.10943603515625,8.703125,0.042694091796875,0.01226806640625,2.9309428088276515,0.406005859375,8.4765625,0.1385498046875,0.043701171875,2.3208749086533187,0.96923828125,6.73828125,0.417724609375,0.1116943359375,2.320484016375942,0.10943603515625,8.4609375,0.04718017578125,0.01261138916015625,1.2708642824277918,0.010467529296875,7.609375,0.00823211669921875,0.0013713836669921875,0.18296845816907498
22,train,noise,0.2672087252140045,87.25,87.375,1.951171875,3.0,3.0,173,10,4.710776060101571,8.28125,9.5078125,2.154296875,0.1295166015625,,,0.16808138320925656,10.086825667978491,2.563472392503777,0.06561279296875,10.7109375,0.0255889892578125,0.00605010986328125,2.9309428088276515,0.255859375,10.6953125,0.0872802734375,0.0228271484375,2.3208749086533187,0.7177734375,9.1640625,0.309326171875,0.0677490234375,2.320484016375942,0.07177734375,10.453125,0.03094482421875,0.00677490234375,1.2708642824277918,0.006114959716796875,9.5390625,0.004810333251953125,0.0006403923034667969,175,10,2.15625,4.7003670902847094,6.39453125,9.5078125,0.32763671875,,,2.563472392503777,0.110595703125,8.734375,0.043121337890625,0.0123443603515625,2.9309428088276515,0.4111328125,8.5,0.1402587890625,0.044097900390625,2.3208749086533187,0.98095703125,6.75390625,0.4228515625,0.11260986328125,2.320484016375942,0.10894775390625,8.5,0.046966552734375,0.01250457763671875,1.2708642824277918,0.009735107421875,7.64453125,0.007656097412109375,0.0012693405151367188,0.1679994784071563
23,train,noise,0.2573946714401245,88.1875,88.125,1.9296875,3.0,3.0,163,10,4.692893482434336,8.265625,9.5078125,2.16015625,0.1309814453125,,,0.17800688015421606,10.0868256679785,2.563472392503777,0.06622314453125,10.6953125,0.0258331298828125,0.006114959716796875,2.9309428088276515,0.25927734375,10.6796875,0.08843994140625,0.0231475830078125,2.3208749086533187,0.7216796875,9.140625,0.31103515625,0.06817626953125,2.320484016375942,0.07305908203125,10.4375,0.031494140625,0.00690460205078125,1.2708642824277918,0.006511688232421875,9.5234375,0.005123138427734375,0.000682830810546875,164,10,2.162109375,4.678044878285234,6.3515625,9.5078125,0.33203125,,,2.563472392503777,0.11199951171875,8.6953125,0.043701171875,0.01256561279296875,2.9309428088276515,0.416748046875,8.453125,0.1422119140625,0.044891357421875,2.3208749086533187,0.984375,6.703125,0.42431640625,0.113525390625,2.320484016375942,0.11090087890625,8.453125,0.04779052734375,0.012786865234375,1.2708642824277918,0.01025390625,7.6015625,0.00806427001953125,0.0013446807861328125,0.17858534385891428
24,train,noise,0.27042174339294434,86.875,86.875,1.9482421875,3.0,3.0,160,10,4.611922966525994,8.2265625,9.5078125,2.171875,0.135009765625,,,0.17369832254417206,10.086825667978504,2.563472392503777,0.0684814453125,10.6484375,0.026702880859375,0.006343841552734375,2.9309428088276515,0.262451171875,10.6328125,0.0894775390625,0.0235137939453125,2.3208749086533187,0.71923828125,9.109375,0.31005859375,0.0682373046875,2.320484016375942,0.07635498046875,10.390625,0.03289794921875,0.007236480712890625,1.2708642824277918,0.006671905517578125,9.484375,0.0052490234375,0.0007023811340332031,158,10,2.17578125,4.596892257333657,6.265625,9.5078125,0.341064453125,,,2.563472392503777,0.1148681640625,8.6015625,0.0447998046875,0.01300811767578125,2.9309428088276515,0.420166015625,8.359375,0.143310546875,0.045684814453125,2.3208749086533187,0.98291015625,6.62109375,0.423583984375,0.114501953125,2.320484016375942,0.1173095703125,8.3515625,0.050567626953125,0.01366424560546875,1.2708642824277918,0.010498046875,7.515625,0.00826263427734375,0.0013933181762695312,0.17346149727484955
25,train,noise,0.24976304173469543,88.25,88.25,2.00390625,3.0,3.0,172,10,4.801572330357032,8.296875,9.5078125,2.14453125,0.1279296875,,,0.17195453336070057,10.086825667978518,2.563472392503777,0.06915283203125,10.71875,0.0269775390625,0.00637054443359375,2.9309428088276515,0.257568359375,10.7109375,0.087890625,0.02294921875,2.3208749086533187,0.71923828125,9.171875,0.31005859375,0.06781005859375,2.320484016375942,0.0751953125,10.4609375,0.03240966796875,0.007083892822265625,1.2708642824277918,0.0064544677734375,9.5546875,0.0050811767578125,0.000675201416015625,167,10,2.146484375,4.792395915288534,6.40234375,9.5078125,0.32666015625,,,2.563472392503777,0.11810302734375,8.7265625,0.04608154296875,0.01317596435546875,2.9309428088276515,0.418701171875,8.5,0.142822265625,0.04486083984375,2.3208749086533187,0.9873046875,6.75,0.42529296875,0.1131591796875,2.320484016375942,0.114501953125,8.4921875,0.049346923828125,0.01312255859375,1.2708642824277918,0.0103912353515625,7.65234375,0.0081787109375,0.001354217529296875,0.17218689100408882
26,train,noise,0.24443040788173676,88.4375,88.625,2.001953125,3.0,3.0,159,10,4.6567159637803845,8.25,9.5078125,2.162109375,0.1322021484375,,,0.17147156387563975,10.086825667978495,2.563472392503777,0.06634521484375,10.6796875,0.02587890625,0.006134033203125,2.9309428088276515,0.251220703125,10.6796875,0.085693359375,0.0224609375,2.3208749086533187,0.7158203125,9.140625,0.308349609375,0.06768798828125,2.320484016375942,0.07489013671875,10.421875,0.032257080078125,0.007083892822265625,1.2708642824277918,0.006122589111328125,9.5078125,0.004817962646484375,0.0006427764892578125,160,10,2.166015625,4.6388035328203046,6.31640625,9.5078125,0.335693359375,,,2.563472392503777,0.11273193359375,8.65625,0.043975830078125,0.0126953125,2.9309428088276515,0.408203125,8.4296875,0.1392822265625,0.04412841796875,2.3208749086533187,0.98095703125,6.67578125,0.422607421875,0.113525390625,2.320484016375942,0.11248779296875,8.4140625,0.0484619140625,0.01302337646484375,1.2708642824277918,0.00977325439453125,7.5703125,0.007686614990234375,0.0012874603271484375,0.1710789270134654
27,train,noise,0.22981292009353638,89.5,89.5625,1.9931640625,3.0,3.0,143,10,4.657548378249084,8.265625,9.5078125,2.185546875,0.131103515625,,,0.17412167598535847,10.086825667978504,2.563472392503777,0.06500244140625,10.6953125,0.025360107421875,0.006008148193359375,2.9309428088276523,0.2474365234375,10.6953125,0.08441162109375,0.0221099853515625,2.3208749086533187,0.71142578125,9.1640625,0.306640625,0.06719970703125,2.320484016375942,0.0771484375,10.4296875,0.03326416015625,0.007293701171875,1.2708642824277918,0.00618743896484375,9.5234375,0.0048675537109375,0.0006489753723144531,142,10,2.185546875,4.648758901347148,6.32421875,9.5078125,0.3349609375,,,2.563472392503777,0.110107421875,8.671875,0.042938232421875,0.01238250732421875,2.9309428088276523,0.4013671875,8.453125,0.136962890625,0.043365478515625,2.3208749086533187,0.974609375,6.6953125,0.419921875,0.11273193359375,2.320484016375942,0.11627197265625,8.4140625,0.05010986328125,0.01345062255859375,1.2708642824277918,0.0098114013671875,7.57421875,0.007717132568359375,0.0012912750244140625,0.17350719435036044
28,train,noise,0.2282431423664093,89.4375,89.3125,2.001953125,3.0,3.0,151,10,4.728237007566963,8.2890625,9.5078125,2.173828125,0.1282958984375,,,0.16515869880418524,10.086825667978498,2.563472392503777,0.06512451171875,10.7265625,0.0254058837890625,0.006000518798828125,2.9309428088276515,0.252685546875,10.71875,0.08624267578125,0.02252197265625,2.3208749086533187,0.7236328125,9.1640625,0.311767578125,0.06817626953125,2.320484016375942,0.07763671875,10.453125,0.033447265625,0.00731658935546875,1.2708642824277918,0.00630950927734375,9.546875,0.004962921142578125,0.000659942626953125,148,10,2.17578125,4.713981927382193,6.3671875,9.5078125,0.33056640625,,,2.563472392503777,0.10955810546875,8.7109375,0.042755126953125,0.01226806640625,2.9309428088276515,0.40869140625,8.484375,0.139404296875,0.043975830078125,2.3208749086533187,0.9921875,6.703125,0.427490234375,0.11419677734375,2.320484016375942,0.11767578125,8.453125,0.05072021484375,0.0135498046875,1.2708642824277918,0.01003265380859375,7.6171875,0.00789642333984375,0.0013132095336914062,0.16515171410565813
29,train,noise,0.2176569253206253,89.75,89.6875,2.0,3.0,3.0,143,10,4.647814542961157,8.25,9.5078125,2.189453125,0.1322021484375,,,0.17522997825929823,10.086825667978509,2.563472392503777,0.06622314453125,10.6875,0.0258331298828125,0.006122589111328125,2.9309428088276515,0.250732421875,10.6796875,0.0855712890625,0.022430419921875,2.3208749086533187,0.724609375,9.125,0.312255859375,0.06854248046875,2.320484016375942,0.07574462890625,10.421875,0.032623291015625,0.007160186767578125,1.2708642824277918,0.00640869140625,9.5078125,0.00504302978515625,0.0006728172302246094,146,10,2.189453125,4.651538117031001,6.2890625,9.5078125,0.338623046875,,,2.563472392503777,0.112548828125,8.6328125,0.04388427734375,0.0127105712890625,2.9309428088276515,0.40771484375,8.40625,0.1390380859375,0.044219970703125,2.3208749086533187,0.99169921875,6.62890625,0.42724609375,0.11517333984375,2.320484016375942,0.11627197265625,8.375,0.05010986328125,0.0135040283203125,1.2708642824277918,0.01015472412109375,7.54296875,0.00798797607421875,0.0013427734375,0.17571931583173056
30,train,noise,0.22136832773685455,89.6875,89.875,2.05078125,3.0,3.0,127,10,4.622123404705986,8.2734375,9.5078125,2.1875,0.1297607421875,,,0.17852911303289234,10.086825667978498,2.563472392503777,0.0687255859375,10.703125,0.0268096923828125,0.00634002685546875,2.9309428088276515,0.260009765625,10.6875,0.0887451171875,0.0232086181640625,2.3208749086533187,0.724609375,9.1484375,0.312255859375,0.068359375,2.320484016375942,0.07666015625,10.4453125,0.033050537109375,0.007236480712890625,1.2708642824277918,0.00617218017578125,9.53125,0.004856109619140625,0.0006465911865234375,126,10,2.19140625,4.612884562092531,6.328125,9.5078125,0.334716796875,,,2.563472392503777,0.116943359375,8.65625,0.04559326171875,0.013153076171875,2.9309428088276515,0.421142578125,8.4140625,0.1436767578125,0.045501708984375,2.3208749086533187,0.9931640625,6.66015625,0.427978515625,0.1148681640625,2.320484016375942,0.11676025390625,8.4140625,0.050323486328125,0.01349639892578125,1.2708642824277918,0.00972747802734375,7.578125,0.007656097412109375,0.0012807846069335938,0.17945856361748963
31,train,noise,0.22044657170772552,90.0625,89.9375,2.0390625,3.0,3.0,127,10,4.50044307716018,8.203125,9.5078125,2.22265625,0.13720703125,,,0.16791894406557223,10.086825667978477,2.563472392503777,0.065673828125,10.640625,0.025634765625,0.006099700927734375,2.9309428088276515,0.2471923828125,10.640625,0.0843505859375,0.0222015380859375,2.3208749086533187,0.73046875,9.0625,0.314697265625,0.06939697265625,2.320484016375942,0.08099365234375,10.3671875,0.034881591796875,0.007694244384765625,1.2708642824277918,0.00647735595703125,9.4609375,0.005096435546875,0.0006837844848632812,129,10,2.22265625,4.497413751738726,6.16796875,9.5078125,0.3515625,,,2.563472392503777,0.1116943359375,8.5078125,0.043548583984375,0.012786865234375,2.9309428088276515,0.40576171875,8.2890625,0.138427734375,0.04461669921875,2.3208749086533187,0.99560546875,6.49609375,0.428955078125,0.11724853515625,2.320484016375942,0.1248779296875,8.2421875,0.053802490234375,0.01470947265625,1.2708642824277918,0.01016998291015625,7.41796875,0.00800323486328125,0.0013675689697265625,0.167967753283269
32,train,noise,0.20567156374454498,90.75,90.6875,2.078125,3.0,3.0,115,10,4.614130048005855,8.265625,9.5078125,2.19921875,0.1307373046875,,,0.16760384319360144,10.086825667978509,2.563472392503777,0.06719970703125,10.6953125,0.0262298583984375,0.006206512451171875,2.9309428088276523,0.249755859375,10.6953125,0.085205078125,0.022308349609375,2.3208749086533187,0.724609375,9.140625,0.312255859375,0.0684814453125,2.320484016375942,0.0828857421875,10.421875,0.03570556640625,0.0078277587890625,1.2708642824277918,0.00652313232421875,9.5234375,0.00513458251953125,0.0006837844848632812,118,10,2.201171875,4.618743413479823,6.2890625,9.5078125,0.338623046875,,,2.563472392503777,0.11383056640625,8.625,0.044403076171875,0.01285552978515625,2.9309428088276523,0.406005859375,8.40625,0.1385498046875,0.04400634765625,2.3208749086533187,0.9912109375,6.62890625,0.427001953125,0.1151123046875,2.320484016375942,0.127197265625,8.359375,0.0548095703125,0.0147705078125,1.2708642824277918,0.01025390625,7.5390625,0.00806427001953125,0.0013561248779296875,0.16766908036096662
33,train,noise,0.19853121042251587,91.0625,91.1875,2.078125,3.0,3.0,117,10,4.542664295068333,8.25,9.5078125,2.193359375,0.1326904296875,,,0.1839103774516161,10.08682566797851,2.563472392503777,0.0682373046875,10.671875,0.0266265869140625,0.006313323974609375,2.9309428088276523,0.254150390625,10.671875,0.08673095703125,0.022735595703125,2.3208749086533187,0.73095703125,9.109375,0.31494140625,0.06915283203125,2.320484016375942,0.084228515625,10.3984375,0.03631591796875,0.00797271728515625,1.2708642824277918,0.006694793701171875,9.5078125,0.005268096923828125,0.0007033348083496094,120,10,2.1953125,4.5354865894743455,6.2421875,9.5078125,0.34375,,,2.563472392503777,0.11761474609375,8.5703125,0.045867919921875,0.01335906982421875,2.9309428088276523,0.4169921875,8.3359375,0.1422119140625,0.04547119140625,2.3208749086533187,0.9990234375,6.5625,0.430419921875,0.11669921875,2.320484016375942,0.130126953125,8.3046875,0.05609130859375,0.01520538330078125,1.2708642824277918,0.01049041748046875,7.4921875,0.0082550048828125,0.00139617919921875,0.18397988236839827
34,train,noise,0.19946886599063873,90.8125,91.0,2.072265625,3.0,3.0,119,10,4.563519137532425,8.2421875,9.5078125,2.228515625,0.13330078125,,,0.1835772374753125,10.086825667978522,2.563472392503777,0.0673828125,10.671875,0.026275634765625,0.00623321533203125,2.9309428088276515,0.258544921875,10.65625,0.08819580078125,0.02313232421875,2.3208749086533187,0.73388671875,9.09375,0.31640625,0.06951904296875,2.320484016375942,0.084716796875,10.390625,0.0364990234375,0.00801849365234375,1.2708642824277918,0.00691986083984375,9.5,0.005443572998046875,0.0007271766662597656,121,10,2.232421875,4.557078951553422,6.22265625,9.5078125,0.345703125,,,2.563472392503777,0.11572265625,8.5546875,0.045135498046875,0.01317596435546875,2.9309428088276515,0.421875,8.3125,0.1439208984375,0.04608154296875,2.3208749086533187,1.0068359375,6.52734375,0.433837890625,0.11785888671875,2.320484016375942,0.13037109375,8.28125,0.056182861328125,0.0152587890625,1.2708642824277918,0.0108642578125,7.47265625,0.008544921875,0.0014495849609375,0.18396413816578944
35,train,noise,0.1914859563112259,91.6875,91.5625,2.06640625,3.0,3.0,117,10,4.6235992594634245,8.2421875,9.5078125,2.18359375,0.1329345703125,,,0.17313878854669,10.086825667978506,2.563472392503777,0.0697021484375,10.671875,0.027191162109375,0.00644683837890625,2.9309428088276523,0.267578125,10.640625,0.09130859375,0.0239410400390625,2.3208749086533187,0.732421875,9.1015625,0.315673828125,0.0693359375,2.320484016375942,0.0828857421875,10.3984375,0.03570556640625,0.007843017578125,1.2708642824277918,0.007068634033203125,9.5,0.00556182861328125,0.0007429122924804688,117,10,2.189453125,4.613428664629513,6.22265625,9.5078125,0.345703125,,,2.563472392503777,0.12030029296875,8.546875,0.04693603515625,0.01369476318359375,2.9309428088276523,0.433349609375,8.2890625,0.1478271484375,0.047332763671875,2.3208749086533187,1.0048828125,6.53515625,0.432861328125,0.11761474609375,2.320484016375942,0.1280517578125,8.2890625,0.05517578125,0.014984130859375,1.2708642824277918,0.01119232177734375,7.47265625,0.0088043212890625,0.0014934539794921875,0.17334247980722922
36,train,noise,0.18454432487487793,91.625,91.5625,2.0390625,3.0,3.0,111,10,4.517648316839629,8.2109375,9.5078125,2.208984375,0.1368408203125,,,0.17425893907747103,10.086825667978507,2.563472392503777,0.07000732421875,10.6328125,0.027313232421875,0.006500244140625,2.9309428088276523,0.2646484375,10.609375,0.09027099609375,0.0237579345703125,2.3208749086533187,0.73193359375,9.0625,0.3154296875,0.06951904296875,2.320484016375942,0.08502197265625,10.359375,0.03662109375,0.0080718994140625,1.2708642824277918,0.007289886474609375,9.46875,0.0057373046875,0.0007691383361816406,111,10,2.2109375,4.512758682780452,6.1484375,9.5078125,0.353271484375,,,2.563472392503777,0.1204833984375,8.46875,0.0469970703125,0.01383209228515625,2.9309428088276523,0.42626953125,8.2265625,0.1453857421875,0.04693603515625,2.3208749086533187,1.005859375,6.45703125,0.433349609375,0.1187744140625,2.320484016375942,0.1318359375,8.203125,0.05682373046875,0.01557159423828125,1.2708642824277918,0.0116424560546875,7.3984375,0.00916290283203125,0.0015687942504882812,0.17476998405855163
37,train,noise,0.17979125678539276,91.9375,92.0,1.99609375,3.0,3.0,106,10,4.509204668267398,8.203125,9.5078125,2.18359375,0.1373291015625,,,0.17577202640294926,10.086825667978506,2.563472392503777,0.07073974609375,10.625,0.027587890625,0.00656890869140625,2.9309428088276523,0.25390625,10.625,0.08660888671875,0.022796630859375,2.3208749086533187,0.7333984375,9.0546875,0.316162109375,0.0697021484375,2.320484016375942,0.08587646484375,10.3515625,0.037017822265625,0.0081634521484375,1.2708642824277918,0.00664520263671875,9.4609375,0.005229949951171875,0.0007014274597167969,106,10,2.185546875,4.5078589555841555,6.1484375,9.5078125,0.353271484375,,,2.563472392503777,0.1220703125,8.46875,0.047637939453125,0.014007568359375,2.9309428088276523,0.4150390625,8.25,0.1416015625,0.04571533203125,2.3208749086533187,1.0078125,6.45703125,0.434326171875,0.11895751953125,2.320484016375942,0.135986328125,8.1953125,0.05859375,0.01605224609375,1.2708642824277918,0.0106201171875,7.3984375,0.00836181640625,0.0014314651489257812,0.17612330003967025
38,train,noise,0.18174919486045837,92.0,91.875,1.9990234375,3.0,3.0,91,10,4.476460572099303,8.2109375,9.5078125,2.177734375,0.13623046875,,,0.18418078838701998,10.086825667978507,2.563472392503777,0.07073974609375,10.6328125,0.0276031494140625,0.006565093994140625,2.9309428088276515,0.252197265625,10.640625,0.08599853515625,0.022613525390625,2.3208749086533187,0.7275390625,9.078125,0.3134765625,0.069091796875,2.320484016375942,0.087646484375,10.359375,0.037750244140625,0.0083160400390625,1.2708642824277918,0.006866455078125,9.46875,0.005401611328125,0.0007238388061523438,92,10,2.1796875,4.480138999433337,6.17578125,9.5078125,0.3505859375,,,2.563472392503777,0.12274169921875,8.4921875,0.047882080078125,0.01404571533203125,2.9309428088276515,0.416259765625,8.2734375,0.14208984375,0.04571533203125,2.3208749086533187,1.0029296875,6.4921875,0.43212890625,0.1180419921875,2.320484016375942,0.13818359375,8.21875,0.059539794921875,0.016265869140625,1.2708642824277918,0.01091766357421875,7.42578125,0.0085906982421875,0.0014657974243164062,0.18404754288740158
39,train,noise,0.18043464422225952,92.125,92.0625,2.017578125,3.0,3.0,107,10,4.5314732233171675,8.2109375,9.5078125,2.17578125,0.1368408203125,,,0.17972522840711133,10.086825667978486,2.563472392503777,0.07208251953125,10.625,0.0281219482421875,0.006694793701171875,2.9309428088276515,0.260498046875,10.6171875,0.0888671875,0.02337646484375,2.3208749086533187,0.72802734375,9.0703125,0.313720703125,0.06915283203125,2.320484016375942,0.08782958984375,10.3515625,0.037841796875,0.00833892822265625,1.2708642824277918,0.00726318359375,9.4609375,0.005718231201171875,0.0007662773132324219,107,10,2.1796875,4.523492243717992,6.16015625,9.5078125,0.352294921875,,,2.563472392503777,0.1253662109375,8.46875,0.04888916015625,0.01436614990234375,2.9309428088276515,0.427001953125,8.234375,0.1456298828125,0.046966552734375,2.3208749086533187,1.0029296875,6.47265625,0.43212890625,0.1182861328125,2.320484016375942,0.1378173828125,8.203125,0.059417724609375,0.016265869140625,1.2708642824277918,0.011688232421875,7.40625,0.00919342041015625,0.0015726089477539062,0.1790855104714725
40,train,noise,0.16966377198696136,92.5,92.5,2.0390625,3.0,3.0,96,10,4.4968210611400625,8.2578125,9.5078125,2.177734375,0.1318359375,,,0.17164950095688386,10.086825667978498,2.563472392503777,0.07244873046875,10.671875,0.02825927734375,0.006694793701171875,2.9309428088276515,0.263427734375,10.6640625,0.08990478515625,0.0235443115234375,2.3208749086533187,0.7294921875,9.1171875,0.314208984375,0.0689697265625,2.320484016375942,0.0931396484375,10.390625,0.040130615234375,0.0088043212890625,1.2708642824277918,0.007350921630859375,9.515625,0.0057830810546875,0.0007715225219726562,95,10,2.1796875,4.487755106311744,6.24609375,9.5078125,0.343017578125,,,2.563472392503777,0.1260986328125,8.5625,0.0491943359375,0.014312744140625,2.9309428088276515,0.431884765625,8.3125,0.1473388671875,0.04705810546875,2.3208749086533187,1.0087890625,6.55078125,0.4345703125,0.11767578125,2.320484016375942,0.1475830078125,8.2734375,0.0635986328125,0.0172271728515625,1.2708642824277918,0.01171112060546875,7.49609375,0.00921630859375,0.0015573501586914062,0.17133633236822987
1,test,,1.3437273502349854,44.4375,56.9375,0.8466796875,2.791015625,2.791015625,111,10,5.878934892795522,7.54296875,9.5234375,1.810546875,0.2081298828125,2.92578125,2.861328125,0.15427889719823945,7.2014204881744135,2.4182958340544896,0.09326171875,9.7734375,0.038543701171875,0.00936126708984375,2.355388542207534,0.1953125,9.5078125,0.0828857421875,0.0197296142578125,2.312026227210945,0.62890625,8.59375,0.27197265625,0.0638427734375,2.296713566893418,0.03961181640625,9.7578125,0.017242431640625,0.004024505615234375,1.11356214278757,0.0352783203125,8.5859375,0.03167724609375,0.004077911376953125,73,10,2.259765625,3.9127870636040516,5.19921875,9.5234375,0.454345703125,2.580078125,2.953125,2.4182958340544896,0.1429443359375,7.328125,0.059112548828125,0.018768310546875,2.355388542207534,0.302734375,6.94921875,0.1285400390625,0.040069580078125,2.312026227210945,0.84765625,5.8125,0.36669921875,0.11285400390625,2.296713566893418,0.06536865234375,7.36328125,0.028472900390625,0.00872802734375,1.11356214278757,0.049560546875,6.2109375,0.044525146484375,0.0078582763671875,0.17874297387205915
2,test,,1.660000205039978,47.21875,62.03125,1.287109375,2.861328125,2.861328125,133,10,6.425289727896973,8.1328125,9.5625,1.611328125,0.149658203125,2.85546875,2.931640625,0.1336922387332407,7.2014204881744135,2.4182958340544896,0.097900390625,10.3515625,0.040496826171875,0.00928497314453125,2.355388542207534,0.1905517578125,10.1015625,0.0809326171875,0.0181732177734375,2.312026227210945,0.62548828125,9.1875,0.2705078125,0.059906005859375,2.296713566893418,0.03759765625,10.3515625,0.0163726806640625,0.0036067962646484375,1.11356214278757,0.036529541015625,9.171875,0.032806396484375,0.0039520263671875,94,10,2.017578125,5.0889721978508105,6.3515625,9.5625,0.33544921875,2.50390625,2.94140625,2.4182958340544896,0.17138671875,8.4296875,0.07086181640625,0.01953125,2.355388542207534,0.298828125,8.109375,0.126953125,0.034332275390625,2.312026227210945,0.8486328125,6.96875,0.366943359375,0.097900390625,2.296713566893418,0.06781005859375,8.515625,0.0295257568359375,0.007843017578125,1.11356214278757,0.05316162109375,7.359375,0.047760009765625,0.007122039794921875,0.17242392139564483
3,test,,1.8629258871078491,46.28125,61.125,1.5859375,2.857421875,2.857421875,142,10,6.6213235205358485,8.21875,9.5703125,1.611328125,0.1412353515625,2.87890625,2.869140625,0.11804196538868728,7.2014204881744135,2.4182958340544896,0.10955810546875,10.4140625,0.045318603515625,0.0102996826171875,2.355388542207534,0.189697265625,10.1953125,0.08050537109375,0.0179443359375,2.312026227210945,0.611328125,9.3046875,0.264404296875,0.05804443359375,2.296713566893418,0.03912353515625,10.4375,0.01702880859375,0.0037212371826171875,1.11356214278757,0.037017822265625,9.2578125,0.033233642578125,0.00396728515625,101,10,1.9541015625,5.3917374884421605,6.49609375,9.5703125,0.321044921875,2.568359375,2.888671875,2.4182958340544896,0.2054443359375,8.5,0.0849609375,0.023040771484375,2.355388542207534,0.3291015625,8.1953125,0.1397705078125,0.03717041015625,2.312026227210945,0.82373046875,7.16015625,0.3564453125,0.09356689453125,2.296713566893418,0.07220458984375,8.6484375,0.03143310546875,0.008209228515625,1.11356214278757,0.057098388671875,7.49609375,0.05126953125,0.007503509521484375,0.16487622454966494
4,test,,2.571127414703369,46.75,58.34375,1.794921875,2.986328125,2.986328125,151,10,6.9401930421085405,8.46875,9.5546875,1.560546875,0.11407470703125,2.9296875,2.974609375,0.11023190632446979,7.2014204881744135,2.4182958340544896,0.11798095703125,10.6484375,0.04876708984375,0.010833740234375,2.355388542207534,0.1768798828125,10.46875,0.07513427734375,0.0163421630859375,2.312026227210945,0.5908203125,9.59375,0.25537109375,0.054779052734375,2.296713566893418,0.03851318359375,10.6875,0.0167694091796875,0.0035800933837890625,1.11356214278757,0.03900146484375,9.5,0.035003662109375,0.004070281982421875,103,10,1.92578125,5.697629038960369,6.9921875,9.5546875,0.268310546875,2.6796875,3.033203125,2.4182958340544896,0.205322265625,9.0,0.08489990234375,0.021820068359375,2.355388542207534,0.303955078125,8.7421875,0.1290283203125,0.03253173828125,2.312026227210945,0.81103515625,7.68359375,0.350830078125,0.087158203125,2.296713566893418,0.0687255859375,9.1484375,0.0299224853515625,0.007396697998046875,1.11356214278757,0.061920166015625,7.984375,0.05560302734375,0.00763702392578125,0.19485338901564406
5,test,,1.6452410221099854,55.5625,60.65625,1.8466796875,2.9765625,2.9765625,139,10,6.682678810525419,8.484375,9.546875,1.5791015625,0.1112060546875,2.90234375,2.955078125,0.11737535710391661,7.2014204881744135,2.4182958340544896,0.130615234375,10.640625,0.05401611328125,0.0119781494140625,2.355388542207534,0.1951904296875,10.4453125,0.0828857421875,0.01800537109375,2.312026227210945,0.6240234375,9.546875,0.269775390625,0.057769775390625,2.296713566893418,0.046173095703125,10.6875,0.020111083984375,0.004283905029296875,1.11356214278757,0.03900146484375,9.5234375,0.035003662109375,0.004062652587890625,101,10,1.8515625,5.679205538063121,6.9921875,9.546875,0.267578125,2.6484375,3.064453125,2.4182958340544896,0.2293701171875,8.953125,0.0948486328125,0.0243682861328125,2.355388542207534,0.33154296875,8.6796875,0.1407470703125,0.03546142578125,2.312026227210945,0.8525390625,7.59765625,0.36865234375,0.09161376953125,2.296713566893418,0.0826416015625,9.125,0.035980224609375,0.0088958740234375,1.11356214278757,0.06121826171875,7.98046875,0.05499267578125,0.0075531005859375,0.16433459094493102
6,test,,2.336413860321045,49.0625,62.96875,1.7880859375,2.986328125,2.986328125,152,10,6.842397918629812,8.4296875,9.53125,1.52734375,0.11572265625,2.91015625,2.94921875,0.15266428551766256,7.2014204881744135,2.4182958340544896,0.13720703125,10.578125,0.056732177734375,0.0126495361328125,2.355388542207534,0.2232666015625,10.34375,0.09478759765625,0.02069091796875,2.312026227210945,0.63427734375,9.4765625,0.2744140625,0.059051513671875,2.296713566893418,0.057647705078125,10.609375,0.0251007080078125,0.005374908447265625,1.11356214278757,0.0439453125,9.453125,0.039459228515625,0.004604339599609375,109,10,1.9306640625,5.613674864592109,6.83203125,9.53125,0.283447265625,2.669921875,3.123046875,2.4182958340544896,0.240478515625,8.7734375,0.09942626953125,0.0259857177734375,2.355388542207534,0.371826171875,8.4453125,0.1578369140625,0.04046630859375,2.312026227210945,0.8525390625,7.4375,0.368896484375,0.09326171875,2.296713566893418,0.09979248046875,8.9296875,0.043426513671875,0.01092529296875,1.11356214278757,0.06719970703125,7.8125,0.06036376953125,0.00846099853515625,0.194601749024808
7,test,,2.606729745864868,52.78125,69.9375,1.953125,3.0,3.0,152,10,6.953153576575153,8.453125,9.5234375,1.486328125,0.11273193359375,2.93359375,2.966796875,0.12636781193783403,7.2014204881744135,2.4182958340544896,0.14501953125,10.578125,0.059967041015625,0.013336181640625,2.355388542207534,0.2210693359375,10.3671875,0.0938720703125,0.0204620361328125,2.312026227210945,0.6689453125,9.4296875,0.289306640625,0.062164306640625,2.296713566893418,0.052734375,10.640625,0.0229644775390625,0.00490570068359375,1.11356214278757,0.044525146484375,9.4765625,0.03997802734375,0.0046539306640625,102,10,1.84765625,5.695676182630195,6.875,9.5234375,0.2783203125,2.716796875,3.14453125,2.4182958340544896,0.2529296875,8.7890625,0.1046142578125,0.0272369384765625,2.355388542207534,0.373046875,8.484375,0.158447265625,0.040435791015625,2.312026227210945,0.9091796875,7.3671875,0.393310546875,0.0989990234375,2.296713566893418,0.09503173828125,8.984375,0.0413818359375,0.01036834716796875,1.11356214278757,0.06964111328125,7.84765625,0.0625,0.00872039794921875,0.17609733924177223
8,test,,2.7116925716400146,44.90625,61.125,1.9970703125,3.0,3.0,151,10,6.892671456430344,8.5625,9.5234375,1.55078125,0.100341796875,2.951171875,3.001953125,0.12240244265268703,7.2014204881744135,2.4182958340544896,0.1494140625,10.6875,0.061798095703125,0.01360321044921875,2.355388542207534,0.2186279296875,10.484375,0.0927734375,0.02001953125,2.312026227210945,0.6171875,9.640625,0.26708984375,0.0567626953125,2.296713566893418,0.065185546875,10.734375,0.02838134765625,0.006000518798828125,1.11356214278757,0.042266845703125,9.59375,0.0379638671875,0.004367828369140625,100,10,1.84765625,5.860081083475756,7.1015625,9.5234375,0.25390625,2.744140625,3.1875,2.4182958340544896,0.251220703125,9.015625,0.1038818359375,0.0263824462890625,2.355388542207534,0.36474609375,8.7265625,0.1549072265625,0.03857421875,2.312026227210945,0.8427734375,7.73046875,0.364501953125,0.0894775390625,2.296713566893418,0.11505126953125,9.171875,0.050079345703125,0.012237548828125,1.11356214278757,0.0679931640625,8.078125,0.061065673828125,0.008270263671875,0.17407488826253834
9,test,,2.8565382957458496,43.96875,64.375,1.9990234375,3.0,3.0,150,10,6.968177245546618,8.53125,9.515625,1.4677734375,0.103759765625,2.96875,2.998046875,0.08847247761241675,7.2014204881744135,2.4182958340544896,0.1627197265625,10.625,0.0672607421875,0.014862060546875,2.355388542207534,0.23291015625,10.421875,0.09893798828125,0.0214080810546875,2.312026227210945,0.63037109375,9.578125,0.272705078125,0.05816650390625,2.296713566893418,0.05963134765625,10.703125,0.025970458984375,0.0055084228515625,1.11356214278757,0.04193115234375,9.5625,0.03765869140625,0.0043487548828125,104,10,1.814453125,5.946790283035421,7.0390625,9.515625,0.26025390625,2.77734375,3.1875,2.4182958340544896,0.278564453125,8.8984375,0.11517333984375,0.029449462890625,2.355388542207534,0.396240234375,8.6015625,0.168212890625,0.04217529296875,2.312026227210945,0.865234375,7.62109375,0.374267578125,0.092529296875,2.296713566893418,0.10675048828125,9.125,0.046478271484375,0.01143646240234375,1.11356214278757,0.0672607421875,8.015625,0.060394287109375,0.00824737548828125,0.15604084481429997
10,test,,2.4188849925994873,51.84375,64.375,2.05859375,3.0,3.0,148,10,6.871828267445541,8.609375,9.515625,1.5,0.094970703125,2.98828125,3.02734375,0.11922305336095858,7.2014204881744135,2.4182958340544896,0.1568603515625,10.71875,0.06488037109375,0.01422119140625,2.355388542207534,0.22998046875,10.5078125,0.09765625,0.020965576171875,2.312026227210945,0.623046875,9.6796875,0.26953125,0.057037353515625,2.296713566893418,0.05950927734375,10.7890625,0.0259246826171875,0.005458831787109375,1.11356214278757,0.041656494140625,9.640625,0.03741455078125,0.004283905029296875,115,10,1.7685546875,6.122324236746078,7.2265625,9.515625,0.240478515625,2.814453125,3.212890625,2.4182958340544896,0.271240234375,9.1015625,0.1121826171875,0.0281219482421875,2.355388542207534,0.40380859375,8.7734375,0.17138671875,0.042144775390625,2.312026227210945,0.86572265625,7.8046875,0.37451171875,0.09075927734375,2.296713566893418,0.10504150390625,9.3125,0.045745849609375,0.0110321044921875,1.11356214278757,0.070068359375,8.203125,0.06292724609375,0.00839996337890625,0.1868551302748449
11,test,,2.0065441131591797,60.65625,66.6875,1.9697265625,3.0,3.0,151,10,6.948045229131821,8.4765625,9.515625,1.5419921875,0.10882568359375,2.951171875,2.994140625,0.1353531253458258,7.2014204881744135,2.4182958340544896,0.168212890625,10.5625,0.069580078125,0.01544189453125,2.355388542207534,0.2462158203125,10.34375,0.1044921875,0.0227203369140625,2.312026227210945,0.6494140625,9.4921875,0.28076171875,0.0601806640625,2.296713566893418,0.06884765625,10.6328125,0.02996826171875,0.006389617919921875,1.11356214278757,0.04803466796875,9.4921875,0.04315185546875,0.005008697509765625,104,10,1.8564453125,5.86805448053319,6.8828125,9.515625,0.276611328125,2.75390625,3.234375,2.4182958340544896,0.2880859375,8.7265625,0.119140625,0.0309906005859375,2.355388542207534,0.412841796875,8.4140625,0.1751708984375,0.044677734375,2.312026227210945,0.88134765625,7.4296875,0.38134765625,0.09588623046875,2.296713566893418,0.1204833984375,8.9375,0.052459716796875,0.01312255859375,1.11356214278757,0.07623291015625,7.84375,0.0684814453125,0.0095367431640625,0.186933163713401
12,test,,2.8156797885894775,52.78125,66.1875,1.984375,3.0,3.0,163,10,7.11535525453653,8.40625,9.5078125,1.47265625,0.1162109375,2.93359375,2.951171875,0.11563362831459603,7.2014204881744135,2.4182958340544896,0.1748046875,10.4765625,0.072265625,0.016143798828125,2.355388542207534,0.268798828125,10.2265625,0.11407470703125,0.02496337890625,2.312026227210945,0.6513671875,9.4140625,0.28173828125,0.060760498046875,2.296713566893418,0.0732421875,10.5546875,0.031890869140625,0.00684356689453125,1.11356214278757,0.048309326171875,9.421875,0.04339599609375,0.00507354736328125,100,10,1.8193359375,5.855294898665493,6.7421875,9.5078125,0.291015625,2.720703125,3.16796875,2.4182958340544896,0.304931640625,8.5546875,0.1260986328125,0.033294677734375,2.355388542207534,0.454833984375,8.1875,0.1929931640625,0.04998779296875,2.312026227210945,0.8818359375,7.29296875,0.381591796875,0.097412109375,2.296713566893418,0.1279296875,8.78125,0.055694580078125,0.01415252685546875,1.11356214278757,0.07611083984375,7.703125,0.068359375,0.0096893310546875,0.1693202007627891
13,test,,3.090750217437744,48.625,68.0625,2.033203125,3.0,3.0,141,10,6.768644239238164,8.390625,9.5078125,1.513671875,0.11749267578125,2.927734375,2.955078125,0.11428856340274349,7.2014204881744135,2.4182958340544896,0.1754150390625,10.4609375,0.07257080078125,0.0162200927734375,2.355388542207534,0.271728515625,10.203125,0.11529541015625,0.0252685546875,2.312026227210945,0.6435546875,9.421875,0.2783203125,0.06011962890625,2.296713566893418,0.07464599609375,10.5390625,0.032501220703125,0.00698089599609375,1.11356214278757,0.04913330078125,9.40625,0.04412841796875,0.005168914794921875,96,10,1.8564453125,5.7247229890691065,6.7265625,9.5078125,0.292724609375,2.708984375,3.17578125,2.4182958340544896,0.308349609375,8.53125,0.12744140625,0.033721923828125,2.355388542207534,0.46484375,8.1484375,0.1973876953125,0.05120849609375,2.312026227210945,0.875,7.2890625,0.37841796875,0.0968017578125,2.296713566893418,0.1292724609375,8.765625,0.0562744140625,0.0143280029296875,1.11356214278757,0.0784912109375,7.68359375,0.07049560546875,0.010009765625,0.16262034247731183
14,test,,2.4956507682800293,52.78125,68.5,2.03125,3.0,3.0,147,10,6.904406701515061,8.390625,9.5078125,1.5087890625,0.117919921875,2.912109375,2.92578125,0.10934249207886093,7.2014204881744135,2.4182958340544896,0.180419921875,10.4453125,0.07464599609375,0.016693115234375,2.355388542207534,0.281982421875,10.1796875,0.11968994140625,0.0262451171875,2.312026227210945,0.65576171875,9.390625,0.28369140625,0.061279296875,2.296713566893418,0.07391357421875,10.5390625,0.032196044921875,0.006916046142578125,1.11356214278757,0.044830322265625,9.4140625,0.040252685546875,0.004718780517578125,105,10,1.814453125,5.8938170879706195,6.7109375,9.5078125,0.29443359375,2.68359375,3.12109375,2.4182958340544896,0.326171875,8.4765625,0.1348876953125,0.035736083984375,2.355388542207534,0.482177734375,8.1015625,0.2047119140625,0.053192138671875,2.312026227210945,0.892578125,7.23828125,0.385986328125,0.098876953125,2.296713566893418,0.1270751953125,8.75,0.05535888671875,0.0141143798828125,1.11356214278757,0.0733642578125,7.6796875,0.06585693359375,0.00937652587890625,0.17616321719798347
15,test,,2.3992488384246826,52.3125,64.375,1.962890625,3.0,3.0,142,10,6.7723328109146905,8.3984375,9.5078125,1.6201171875,0.11663818359375,2.93359375,2.95703125,0.134778620674743,7.2014204881744135,2.4182958340544896,0.1793212890625,10.4609375,0.07415771484375,0.016571044921875,2.355388542207534,0.284423828125,10.1875,0.12078857421875,0.026458740234375,2.312026227210945,0.65478515625,9.40625,0.283203125,0.06109619140625,2.296713566893418,0.0723876953125,10.5546875,0.031524658203125,0.00676727294921875,1.11356214278757,0.047637939453125,9.421875,0.04278564453125,0.005008697509765625,91,10,1.8701171875,5.685976672259086,6.72265625,9.5078125,0.29296875,2.72265625,3.1875,2.4182958340544896,0.320068359375,8.5,0.1324462890625,0.0350341796875,2.355388542207534,0.492431640625,8.09375,0.208984375,0.054229736328125,2.312026227210945,0.890625,7.25390625,0.38525390625,0.09857177734375,2.296713566893418,0.1246337890625,8.7734375,0.05426025390625,0.01381683349609375,1.11356214278757,0.07373046875,7.69140625,0.06622314453125,0.00940704345703125,0.18433283582752924
16,test,,2.874094009399414,46.75,65.25,1.9931640625,3.0,3.0,146,10,6.860573687513388,8.4296875,9.5078125,1.462890625,0.1134033203125,2.931640625,2.9765625,0.13027610781858942,7.2014204881744135,2.4182958340544896,0.181884765625,10.484375,0.0751953125,0.016754150390625,2.355388542207534,0.2890625,10.2109375,0.12274169921875,0.02679443359375,2.312026227210945,0.6689453125,9.40625,0.289306640625,0.062286376953125,2.296713566893418,0.07696533203125,10.578125,0.03350830078125,0.007171630859375,1.11356214278757,0.049163818359375,9.4453125,0.044158935546875,0.00514984130859375,98,10,1.77734375,5.84628582354973,6.76953125,9.5078125,0.2880859375,2.712890625,3.21484375,2.4182958340544896,0.317138671875,8.5546875,0.131103515625,0.034515380859375,2.355388542207534,0.49169921875,8.140625,0.208740234375,0.05389404296875,2.312026227210945,0.9130859375,7.2578125,0.39501953125,0.10052490234375,2.296713566893418,0.1346435546875,8.796875,0.05859375,0.01483917236328125,1.11356214278757,0.07733154296875,7.73046875,0.0694580078125,0.0098114013671875,0.19840610328401928
17,test,,2.6337454319000244,53.25,69.0,2.029296875,3.0,3.0,147,10,6.920717087962611,8.375,9.5078125,1.486328125,0.11920166015625,2.921875,2.9609375,0.13193128763457293,7.2014204881744135,2.4182958340544896,0.1881103515625,10.421875,0.0777587890625,0.017425537109375,2.355388542207534,0.29541015625,10.140625,0.1253662109375,0.0275115966796875,2.312026227210945,0.66650390625,9.359375,0.288330078125,0.062347412109375,2.296713566893418,0.072265625,10.53125,0.031463623046875,0.00676727294921875,1.11356214278757,0.046417236328125,9.3984375,0.041656494140625,0.00489044189453125,88,10,1.8701171875,5.572360745191746,6.66796875,9.5078125,0.298828125,2.6953125,3.193359375,2.4182958340544896,0.3310546875,8.421875,0.1368408203125,0.03643798828125,2.355388542207534,0.5009765625,8.0234375,0.212646484375,0.055511474609375,2.312026227210945,0.908203125,7.1640625,0.392822265625,0.10113525390625,2.296713566893418,0.12481689453125,8.71875,0.054351806640625,0.01392364501953125,1.11356214278757,0.072998046875,7.63671875,0.0655517578125,0.00937652587890625,0.18563933010316386
18,test,,2.5650317668914795,52.78125,66.1875,1.9521484375,3.0,3.0,145,10,6.731518188748655,8.34375,9.5078125,1.57421875,0.12286376953125,2.9296875,2.95703125,0.13034535412540404,7.2014204881744135,2.4182958340544896,0.206298828125,10.34375,0.08526611328125,0.0191650390625,2.355388542207534,0.329345703125,10.0390625,0.1397705078125,0.030792236328125,2.312026227210945,0.67919921875,9.296875,0.2939453125,0.06378173828125,2.296713566893418,0.08294677734375,10.46875,0.036102294921875,0.0077972412109375,1.11356214278757,0.051666259765625,9.3515625,0.04638671875,0.005462646484375,97,10,1.8564453125,5.769998912336899,6.5859375,9.5078125,0.307373046875,2.712890625,3.208984375,2.4182958340544896,0.36865234375,8.265625,0.1524658203125,0.04095458984375,2.355388542207534,0.56005859375,7.8203125,0.23779296875,0.0626220703125,2.312026227210945,0.9326171875,7.03125,0.4033203125,0.10479736328125,2.296713566893418,0.14501953125,8.59375,0.0631103515625,0.016326904296875,1.11356214278757,0.0811767578125,7.53515625,0.0728759765625,0.0105438232421875,0.1754903243599394
19,test,,2.8772809505462646,53.25,71.75,1.93359375,3.0,3.0,141,10,6.786098701394108,8.328125,9.5078125,1.564453125,0.1240234375,2.93359375,2.96484375,0.1408876540118379,7.2014204881744135,2.4182958340544896,0.2257080078125,10.296875,0.09332275390625,0.02099609375,2.355388542207534,0.349365234375,9.984375,0.1483154296875,0.03271484375,2.312026227210945,0.677734375,9.2890625,0.293212890625,0.063720703125,2.296713566893418,0.08453369140625,10.4609375,0.03680419921875,0.00795745849609375,1.11356214278757,0.053070068359375,9.3359375,0.04766845703125,0.005619049072265625,89,10,1.92578125,5.565318614204465,6.546875,9.5078125,0.3115234375,2.71875,3.23046875,2.4182958340544896,0.39306640625,8.1796875,0.16259765625,0.0438232421875,2.355388542207534,0.5791015625,7.74609375,0.2457275390625,0.06500244140625,2.312026227210945,0.93359375,6.9921875,0.40380859375,0.1053466796875,2.296713566893418,0.1494140625,8.546875,0.0650634765625,0.0168914794921875,1.11356214278757,0.08197021484375,7.49609375,0.0736083984375,0.01070404052734375,0.19338416557311996
20,test,,2.759894847869873,52.78125,74.0625,1.9248046875,3.0,3.0,140,10,6.695527600791499,8.296875,9.5078125,1.5791015625,0.1278076171875,2.943359375,2.978515625,0.11569382171672138,7.2014204881744135,2.4182958340544896,0.2281494140625,10.2578125,0.0943603515625,0.02130126953125,2.355388542207534,0.349609375,9.953125,0.1484375,0.032806396484375,2.312026227210945,0.6689453125,9.265625,0.289306640625,0.06304931640625,2.296713566893418,0.0855712890625,10.421875,0.0372314453125,0.00807952880859375,1.11356214278757,0.05242919921875,9.3046875,0.047088623046875,0.005573272705078125,89,10,1.8662109375,5.638073228093167,6.4921875,9.5078125,0.3173828125,2.728515625,3.267578125,2.4182958340544896,0.3916015625,8.125,0.1619873046875,0.0439453125,2.355388542207534,0.57470703125,7.6953125,0.2440185546875,0.06494140625,2.312026227210945,0.92529296875,6.953125,0.400146484375,0.1051025390625,2.296713566893418,0.152587890625,8.484375,0.06640625,0.017364501953125,1.11356214278757,0.08319091796875,7.4375,0.07470703125,0.01093292236328125,0.1706506588500946
21,test,,2.94685959815979,55.09375,72.25,1.93359375,3.0,3.0,154,10,6.959774852734202,8.359375,9.5078125,1.55078125,0.1209716796875,2.931640625,2.943359375,0.12720343613860902,7.2014204881744135,2.4182958340544896,0.2427978515625,10.2890625,0.10040283203125,0.0225372314453125,2.355388542207534,0.376953125,9.9609375,0.1600341796875,0.035186767578125,2.312026227210945,0.6806640625,9.3125,0.29443359375,0.06378173828125,2.296713566893418,0.0906982421875,10.4765625,0.03948974609375,0.008514404296875,1.11356214278757,0.0535888671875,9.3671875,0.048126220703125,0.005657196044921875,95,10,1.875,5.776550260677846,6.59375,9.5078125,0.306640625,2.712890625,3.193359375,2.4182958340544896,0.413330078125,8.1875,0.1708984375,0.045867919921875,2.355388542207534,0.61328125,7.72265625,0.260498046875,0.06854248046875,2.312026227210945,0.94482421875,7.015625,0.40869140625,0.1060791015625,2.296713566893418,0.1627197265625,8.5625,0.07086181640625,0.018310546875,1.11356214278757,0.08642578125,7.53515625,0.07757568359375,0.01120758056640625,0.18914495784836205
22,test,,2.959480047225952,50.9375,69.9375,1.998046875,3.0,3.0,148,10,6.951239469575767,8.3984375,9.5078125,1.5087890625,0.11651611328125,2.939453125,2.984375,0.11231054298206442,7.2014204881744135,2.4182958340544896,0.234375,10.3515625,0.096923828125,0.02166748046875,2.355388542207534,0.362548828125,10.03125,0.1539306640625,0.03369140625,2.312026227210945,0.68408203125,9.34375,0.2958984375,0.0638427734375,2.296713566893418,0.08917236328125,10.5234375,0.038818359375,0.00833892822265625,1.11356214278757,0.05181884765625,9.4140625,0.0465087890625,0.005443572998046875,93,10,1.8837890625,5.754020536084747,6.67578125,9.5078125,0.298095703125,2.7265625,3.2578125,2.4182958340544896,0.398193359375,8.296875,0.1646728515625,0.043792724609375,2.355388542207534,0.59912109375,7.83203125,0.25439453125,0.06634521484375,2.312026227210945,0.951171875,7.0859375,0.411376953125,0.1058349609375,2.296713566893418,0.1593017578125,8.65625,0.06939697265625,0.01776123046875,1.11356214278757,0.08203125,7.625,0.07366943359375,0.010528564453125,0.18152937731898136
23,test,,2.7909560203552246,55.09375,69.4375,1.953125,3.0,3.0,144,10,6.79259738760324,8.3828125,9.5078125,1.5556640625,0.11871337890625,2.966796875,3.013671875,0.11228153424720377,7.2014204881744135,2.4182958340544896,0.23974609375,10.3203125,0.09912109375,0.0222015380859375,2.355388542207534,0.369384765625,10.0,0.1568603515625,0.034423828125,2.312026227210945,0.681640625,9.328125,0.294677734375,0.063720703125,2.296713566893418,0.09515380859375,10.484375,0.04144287109375,0.0089111328125,1.11356214278757,0.053985595703125,9.3828125,0.0484619140625,0.00568389892578125,96,10,1.8935546875,5.829056310361006,6.640625,9.5078125,0.301513671875,2.76953125,3.30859375,2.4182958340544896,0.403564453125,8.25,0.1668701171875,0.0445556640625,2.355388542207534,0.61181640625,7.7734375,0.259765625,0.0679931640625,2.312026227210945,0.95068359375,7.05078125,0.411376953125,0.106201171875,2.296713566893418,0.17138671875,8.59375,0.0745849609375,0.0191650390625,1.11356214278757,0.083984375,7.5859375,0.075439453125,0.01082611083984375,0.1891859877642207
24,test,,2.5784928798675537,58.78125,74.0625,2.001953125,3.0,3.0,142,10,6.8233302248160514,8.3671875,9.5078125,1.5419921875,0.1201171875,2.953125,2.98046875,0.12408300040080592,7.2014204881744135,2.4182958340544896,0.2578125,10.2734375,0.10662841796875,0.0239105224609375,2.355388542207534,0.390625,9.9453125,0.165771484375,0.03643798828125,2.312026227210945,0.68359375,9.3125,0.295654296875,0.06402587890625,2.296713566893418,0.09881591796875,10.46875,0.04302978515625,0.00926971435546875,1.11356214278757,0.05633544921875,9.3671875,0.05059814453125,0.00594329833984375,102,10,1.8662109375,5.927520169074517,6.59375,9.5078125,0.306640625,2.755859375,3.25,2.4182958340544896,0.440185546875,8.1328125,0.1820068359375,0.048828125,2.355388542207534,0.642578125,7.6640625,0.27294921875,0.07183837890625,2.312026227210945,0.95751953125,6.98828125,0.414306640625,0.1075439453125,2.296713566893418,0.178955078125,8.53125,0.07794189453125,0.0201263427734375,1.11356214278757,0.08966064453125,7.52734375,0.08050537109375,0.01163482666015625,0.18015328278462228
25,test,,3.274859666824341,59.71875,76.375,1.9765625,3.0,3.0,142,10,6.821213010503972,8.2890625,9.5078125,1.5693359375,0.12841796875,2.9765625,3.01171875,0.11980259435011079,7.2014204881744135,2.4182958340544896,0.2313232421875,10.2421875,0.09564208984375,0.0216064453125,2.355388542207534,0.352294921875,9.9375,0.149658203125,0.033111572265625,2.312026227210945,0.6796875,9.2421875,0.294189453125,0.06414794921875,2.296713566893418,0.0906982421875,10.40625,0.03948974609375,0.00856781005859375,1.11356214278757,0.05438232421875,9.296875,0.048858642578125,0.005786895751953125,94,10,1.9169921875,5.737442744092906,6.4453125,9.5078125,0.322021484375,2.7890625,3.34765625,2.4182958340544896,0.398681640625,8.0703125,0.1649169921875,0.04498291015625,2.355388542207534,0.58935546875,7.625,0.250244140625,0.06695556640625,2.312026227210945,0.9443359375,6.87109375,0.408447265625,0.1077880859375,2.296713566893418,0.1612548828125,8.421875,0.0701904296875,0.0184478759765625,1.11356214278757,0.0880126953125,7.3828125,0.07904052734375,0.0116424560546875,0.18378630151660838
26,test,,3.0656661987304688,52.78125,66.6875,2.01171875,3.0,3.0,144,10,6.763355139434651,8.3359375,9.5078125,1.5830078125,0.12371826171875,2.958984375,2.97265625,0.15131307976870292,7.2014204881744135,2.4182958340544896,0.254150390625,10.2421875,0.1051025390625,0.0236358642578125,2.355388542207534,0.38134765625,9.9296875,0.1619873046875,0.035675048828125,2.312026227210945,0.67822265625,9.2890625,0.293212890625,0.063720703125,2.296713566893418,0.09783935546875,10.4375,0.0426025390625,0.0092010498046875,1.11356214278757,0.0538330078125,9.3359375,0.04833984375,0.00569915771484375,89,10,1.8935546875,5.5972556558457995,6.51171875,9.5078125,0.3154296875,2.7734375,3.26171875,2.4182958340544896,0.421142578125,8.0859375,0.1741943359375,0.047149658203125,2.355388542207534,0.6123046875,7.640625,0.259765625,0.06903076171875,2.312026227210945,0.94384765625,6.93359375,0.408203125,0.10693359375,2.296713566893418,0.17333984375,8.4609375,0.07550048828125,0.019683837890625,1.11356214278757,0.08526611328125,7.453125,0.07659912109375,0.0111846923828125,0.19136529629096852
27,test,,3.3468801975250244,53.71875,75.0,1.99609375,3.0,3.0,138,10,6.7468245933020645,8.3203125,9.5078125,1.6162109375,0.12469482421875,2.96875,2.9921875,0.1053744786441846,7.2014204881744135,2.4182958340544896,0.2386474609375,10.265625,0.0986328125,0.022216796875,2.355388542207534,0.365966796875,9.9453125,0.1553955078125,0.034271240234375,2.312026227210945,0.6865234375,9.265625,0.296875,0.06451416015625,2.296713566893418,0.09405517578125,10.4296875,0.04095458984375,0.00885009765625,1.11356214278757,0.05474853515625,9.328125,0.049163818359375,0.005802154541015625,88,10,1.90234375,5.658874260272582,6.4921875,9.5078125,0.3173828125,2.775390625,3.306640625,2.4182958340544896,0.41455078125,8.078125,0.17138671875,0.0465087890625,2.355388542207534,0.6142578125,7.62109375,0.2607421875,0.06939697265625,2.312026227210945,0.95703125,6.890625,0.4140625,0.10870361328125,2.296713566893418,0.1658935546875,8.4609375,0.07220458984375,0.0188751220703125,1.11356214278757,0.08782958984375,7.4296875,0.078857421875,0.0115509033203125,0.1438665031417769
28,test,,2.745915174484253,56.46875,75.0,1.966796875,3.0,3.0,143,10,6.842162055968504,8.25,9.5078125,1.5693359375,0.13232421875,2.9765625,3.01171875,0.11636569384726972,7.2014204881744135,2.4182958340544896,0.2325439453125,10.203125,0.09613037109375,0.02178955078125,2.355388542207534,0.361572265625,9.8828125,0.1534423828125,0.034088134765625,2.312026227210945,0.701171875,9.1640625,0.30322265625,0.06634521484375,2.296713566893418,0.09356689453125,10.359375,0.040740966796875,0.00887298583984375,1.11356214278757,0.056640625,9.25,0.05084228515625,0.006046295166015625,88,10,1.92578125,5.5325145152627355,6.3515625,9.5078125,0.33203125,2.7890625,3.359375,2.4182958340544896,0.40185546875,7.96875,0.1661376953125,0.045806884765625,2.355388542207534,0.60693359375,7.4921875,0.257568359375,0.0697021484375,2.312026227210945,0.97509765625,6.71484375,0.421875,0.112548828125,2.296713566893418,0.1705322265625,8.3046875,0.07421875,0.01971435546875,1.11356214278757,0.09259033203125,7.28125,0.0831298828125,0.01239776611328125,0.16864626611998093
29,test,,2.1939358711242676,59.71875,72.6875,2.099609375,3.0,3.0,140,10,6.8165342478514175,8.359375,9.5078125,1.5322265625,0.12139892578125,2.9765625,2.958984375,0.12104536266077363,7.2014204881744135,2.4182958340544896,0.26025390625,10.25,0.10760498046875,0.0241546630859375,2.355388542207534,0.396728515625,9.9140625,0.1683349609375,0.037017822265625,2.312026227210945,0.6884765625,9.2890625,0.2978515625,0.0645751953125,2.296713566893418,0.09161376953125,10.46875,0.039886474609375,0.00859832763671875,1.11356214278757,0.054718017578125,9.359375,0.04913330078125,0.005779266357421875,97,10,1.8662109375,5.79346470611735,6.5546875,9.5078125,0.310791015625,2.796875,3.23046875,2.4182958340544896,0.445556640625,8.078125,0.1842041015625,0.049652099609375,2.355388542207534,0.65234375,7.60546875,0.27685546875,0.07318115234375,2.312026227210945,0.966796875,6.93359375,0.418212890625,0.1090087890625,2.296713566893418,0.1632080078125,8.5234375,0.071044921875,0.0184326171875,1.11356214278757,0.09344482421875,7.48046875,0.08392333984375,0.01218414306640625,0.19607888486848396
30,test,,2.763144016265869,56.46875,71.3125,1.9560546875,3.0,3.0,140,10,6.841473238351014,8.203125,9.5078125,1.587890625,0.1373291015625,2.98046875,3.029296875,0.08377080847894865,7.2014204881744135,2.4182958340544896,0.2296142578125,10.1640625,0.09490966796875,0.0216064453125,2.355388542207534,0.36328125,9.8359375,0.1541748046875,0.034393310546875,2.312026227210945,0.69873046875,9.1171875,0.30224609375,0.06646728515625,2.296713566893418,0.10089111328125,10.296875,0.0439453125,0.009613037109375,1.11356214278757,0.057861328125,9.203125,0.051971435546875,0.0062103271484375,83,10,1.9912109375,5.439924767464862,6.20703125,9.5078125,0.34716796875,2.79296875,3.4296875,2.4182958340544896,0.39306640625,7.83984375,0.1624755859375,0.045562744140625,2.355388542207534,0.6015625,7.359375,0.25537109375,0.07025146484375,2.312026227210945,0.962890625,6.59375,0.41650390625,0.113037109375,2.296713566893418,0.1820068359375,8.140625,0.07928466796875,0.0214080810546875,1.11356214278757,0.096435546875,7.12890625,0.08660888671875,0.0131683349609375,0.14879504753269576
31,test,,2.8331031799316406,57.875,72.6875,2.013671875,3.0,3.0,123,10,6.545377746232687,8.15625,9.5078125,1.6669921875,0.142578125,2.970703125,3.00390625,0.10155292393886112,7.2014204881744135,2.4182958340544896,0.2420654296875,10.0859375,0.10009765625,0.02288818359375,2.355388542207534,0.36962890625,9.7734375,0.1568603515625,0.03515625,2.312026227210945,0.68896484375,9.0859375,0.2978515625,0.0657958984375,2.296713566893418,0.104248046875,10.2421875,0.04541015625,0.009979248046875,1.11356214278757,0.056304931640625,9.15625,0.050567626953125,0.006076812744140625,70,10,2.05078125,5.214177842161402,6.10546875,9.5078125,0.35791015625,2.771484375,3.388671875,2.4182958340544896,0.4140625,7.6953125,0.171142578125,0.048553466796875,2.355388542207534,0.6083984375,7.24609375,0.25830078125,0.0718994140625,2.312026227210945,0.94970703125,6.51953125,0.410888671875,0.11285400390625,2.296713566893418,0.185791015625,8.03125,0.0809326171875,0.022125244140625,1.11356214278757,0.08966064453125,7.0390625,0.08050537109375,0.012420654296875,0.15363054767998915
32,test,,2.869093656539917,57.875,75.9375,2.125,3.0,3.0,143,10,6.825806210641505,8.328125,9.5078125,1.6015625,0.12396240234375,2.97265625,2.9921875,0.09610830645353255,7.2014204881744135,2.4182958340544896,0.254638671875,10.2421875,0.10528564453125,0.0236968994140625,2.355388542207534,0.381591796875,9.921875,0.1619873046875,0.03570556640625,2.312026227210945,0.68115234375,9.28125,0.29443359375,0.06396484375,2.296713566893418,0.1072998046875,10.4140625,0.046722412109375,0.01009368896484375,1.11356214278757,0.055084228515625,9.3359375,0.049468994140625,0.005832672119140625,90,10,1.912109375,5.74673543351572,6.46875,9.5078125,0.319580078125,2.779296875,3.314453125,2.4182958340544896,0.430419921875,8.03125,0.177978515625,0.048431396484375,2.355388542207534,0.625,7.57421875,0.265380859375,0.07086181640625,2.312026227210945,0.95263671875,6.875,0.411865234375,0.10845947265625,2.296713566893418,0.19287109375,8.3828125,0.083984375,0.022003173828125,1.11356214278757,0.09027099609375,7.40234375,0.0810546875,0.01190185546875,0.15583575349801534
33,test,,2.7360851764678955,56.9375,77.75,2.1328125,3.0,3.0,146,10,6.854453824635418,8.3671875,9.5078125,1.5830078125,0.1201171875,2.978515625,2.986328125,0.12315752633975986,7.2014204881744135,2.4182958340544896,0.28076171875,10.2265625,0.11614990234375,0.0260467529296875,2.355388542207534,0.415771484375,9.890625,0.176513671875,0.03875732421875,2.312026227210945,0.6875,9.3046875,0.29736328125,0.06439208984375,2.296713566893418,0.1151123046875,10.4375,0.05010986328125,0.0107879638671875,1.11356214278757,0.06072998046875,9.359375,0.054534912109375,0.006404876708984375,88,10,1.939453125,5.757204159276016,6.51171875,9.5078125,0.315185546875,2.80078125,3.302734375,2.4182958340544896,0.465087890625,8.0,0.1922607421875,0.05206298828125,2.355388542207534,0.66943359375,7.52734375,0.2841796875,0.07550048828125,2.312026227210945,0.96484375,6.89453125,0.417236328125,0.10931396484375,2.296713566893418,0.207275390625,8.3984375,0.0902099609375,0.023529052734375,1.11356214278757,0.0975341796875,7.4296875,0.08758544921875,0.012786865234375,0.17644929332042963
34,test,,2.7945618629455566,57.875,71.3125,2.0703125,3.0,3.0,137,10,6.699367754065664,8.2734375,9.5078125,1.611328125,0.1300048828125,2.958984375,2.986328125,0.11790041379533742,7.2014204881744135,2.4182958340544896,0.25732421875,10.1796875,0.1064453125,0.024078369140625,2.355388542207534,0.386474609375,9.859375,0.1640625,0.036346435546875,2.312026227210945,0.69580078125,9.1953125,0.301025390625,0.06573486328125,2.296713566893418,0.10870361328125,10.3515625,0.047332763671875,0.010284423828125,1.11356214278757,0.060577392578125,9.265625,0.05438232421875,0.006450653076171875,75,10,1.9541015625,5.411255314673347,6.3359375,9.5078125,0.333984375,2.763671875,3.32421875,2.4182958340544896,0.439697265625,7.875,0.1817626953125,0.05023193359375,2.355388542207534,0.64501953125,7.3984375,0.27392578125,0.07421875,2.312026227210945,0.96875,6.7109375,0.4189453125,0.11199951171875,2.296713566893418,0.2001953125,8.234375,0.087158203125,0.023193359375,1.11356214278757,0.09808349609375,7.25390625,0.08807373046875,0.0131683349609375,0.16342660497766381
35,test,,3.049605131149292,55.09375,71.75,2.06640625,3.0,3.0,148,10,6.86809282284838,8.296875,9.5078125,1.5830078125,0.1278076171875,2.9765625,3.00390625,0.12211426813840195,7.2014204881744135,2.4182958340544896,0.27099609375,10.171875,0.112060546875,0.025299072265625,2.355388542207534,0.410888671875,9.828125,0.1744384765625,0.03857421875,2.312026227210945,0.6865234375,9.234375,0.296875,0.06475830078125,2.296713566893418,0.10919189453125,10.375,0.04754638671875,0.01030731201171875,1.11356214278757,0.0587158203125,9.2890625,0.052734375,0.0062408447265625,85,10,1.935546875,5.690357175468223,6.359375,9.5078125,0.331298828125,2.791015625,3.357421875,2.4182958340544896,0.449462890625,7.87890625,0.1859130859375,0.05120849609375,2.355388542207534,0.65771484375,7.3984375,0.279296875,0.07550048828125,2.312026227210945,0.95849609375,6.75390625,0.41455078125,0.11053466796875,2.296713566893418,0.201171875,8.2578125,0.087646484375,0.0232391357421875,1.11356214278757,0.09686279296875,7.28125,0.08697509765625,0.0129547119140625,0.18509156975812466
36,test,,3.1884210109710693,55.5625,74.5625,2.015625,3.0,3.0,138,10,6.764130792207978,8.21875,9.5078125,1.5419921875,0.135986328125,2.97265625,3.005859375,0.12345279918294333,7.2014204881744135,2.4182958340544896,0.26708984375,10.1015625,0.1104736328125,0.025115966796875,2.355388542207534,0.38916015625,9.796875,0.1651611328125,0.03680419921875,2.312026227210945,0.70263671875,9.125,0.303955078125,0.06671142578125,2.296713566893418,0.111572265625,10.2890625,0.048583984375,0.01061248779296875,1.11356214278757,0.060028076171875,9.2109375,0.053924560546875,0.006435394287109375,81,10,1.9208984375,5.495758799766448,6.20703125,9.5078125,0.34716796875,2.78125,3.3828125,2.4182958340544896,0.45166015625,7.72265625,0.186767578125,0.0523681640625,2.355388542207534,0.6328125,7.296875,0.268798828125,0.07391357421875,2.312026227210945,0.98046875,6.55859375,0.424072265625,0.11505126953125,2.296713566893418,0.20654296875,8.09375,0.0899658203125,0.0242919921875,1.11356214278757,0.09967041015625,7.12109375,0.0894775390625,0.01361083984375,0.17976699824632997
37,test,,3.655687093734741,51.84375,76.875,1.9345703125,3.0,3.0,147,10,6.9101711112272595,8.2421875,9.5078125,1.57421875,0.13330078125,3.0,3.044921875,0.1024951944322454,7.2014204881744135,2.4182958340544896,0.26513671875,10.1328125,0.109619140625,0.024871826171875,2.355388542207534,0.37255859375,9.8515625,0.158203125,0.03515625,2.312026227210945,0.69677734375,9.1640625,0.301513671875,0.0660400390625,2.296713566893418,0.11236572265625,10.3125,0.0489501953125,0.0106658935546875,1.11356214278757,0.057525634765625,9.2421875,0.051666259765625,0.0061492919921875,80,10,1.935546875,5.55402390067404,6.27734375,9.5078125,0.33984375,2.828125,3.431640625,2.4182958340544896,0.447021484375,7.8046875,0.184814453125,0.0513916015625,2.355388542207534,0.62158203125,7.390625,0.263916015625,0.07196044921875,2.312026227210945,0.974609375,6.640625,0.421630859375,0.11346435546875,2.296713566893418,0.20947265625,8.15625,0.0911865234375,0.0244293212890625,1.11356214278757,0.09381103515625,7.203125,0.08428955078125,0.0126953125,0.16898426834785626
38,test,,3.194988489151001,54.625,72.6875,1.99609375,3.0,3.0,142,10,6.7548715329487194,8.21875,9.5078125,1.59765625,0.1358642578125,2.98046875,3.0,0.10298641528236115,7.2014204881744135,2.4182958340544896,0.274658203125,10.0859375,0.11358642578125,0.0258331298828125,2.355388542207534,0.400634765625,9.7734375,0.170166015625,0.03790283203125,2.312026227210945,0.70263671875,9.125,0.303955078125,0.0667724609375,2.296713566893418,0.103759765625,10.3046875,0.045166015625,0.00986480712890625,1.11356214278757,0.061279296875,9.2109375,0.0550537109375,0.00656890869140625,81,10,1.9306640625,5.537757063413072,6.21484375,9.5078125,0.3466796875,2.798828125,3.380859375,2.4182958340544896,0.470947265625,7.69140625,0.1947021484375,0.0545654296875,2.355388542207534,0.6533203125,7.26171875,0.27734375,0.07623291015625,2.312026227210945,0.9814453125,6.5625,0.424560546875,0.1151123046875,2.296713566893418,0.1917724609375,8.125,0.08349609375,0.0225372314453125,1.11356214278757,0.10394287109375,7.12109375,0.0933837890625,0.014190673828125,0.16623674780158637
39,test,,3.234661340713501,54.625,73.625,2.025390625,3.0,3.0,140,10,6.769895201920183,8.28125,9.5078125,1.59765625,0.129150390625,2.984375,3.015625,0.12793545014256652,7.2014204881744135,2.4182958340544896,0.279052734375,10.140625,0.11541748046875,0.026092529296875,2.355388542207534,0.406982421875,9.8203125,0.1728515625,0.03826904296875,2.312026227210945,0.69873046875,9.1953125,0.302001953125,0.06591796875,2.296713566893418,0.1104736328125,10.359375,0.048095703125,0.01044464111328125,1.11356214278757,0.060821533203125,9.2734375,0.05462646484375,0.006473541259765625,87,10,1.861328125,5.617057989912045,6.33984375,9.5078125,0.33349609375,2.806640625,3.380859375,2.4182958340544896,0.472412109375,7.8125,0.1953125,0.053955078125,2.355388542207534,0.666015625,7.36328125,0.28271484375,0.07659912109375,2.312026227210945,0.9814453125,6.6875,0.42431640625,0.1134033203125,2.296713566893418,0.198486328125,8.2421875,0.08642578125,0.022979736328125,1.11356214278757,0.1009521484375,7.25,0.09063720703125,0.0135498046875,0.19582196734587806
40,test,,2.885420322418213,60.1875,76.875,2.021484375,3.0,3.0,142,10,6.766012143858749,8.296875,9.5078125,1.5791015625,0.127685546875,2.984375,3.005859375,0.1372026603824765,7.2014204881744135,2.4182958340544896,0.2861328125,10.140625,0.11834716796875,0.0267181396484375,2.355388542207534,0.43603515625,9.78125,0.1851806640625,0.04095458984375,2.312026227210945,0.69482421875,9.21875,0.300537109375,0.06549072265625,2.296713566893418,0.114990234375,10.359375,0.050079345703125,0.01085662841796875,1.11356214278757,0.06219482421875,9.28125,0.05584716796875,0.006610870361328125,86,10,1.9169921875,5.50073731782618,6.3515625,9.5078125,0.33203125,2.810546875,3.37109375,2.4182958340544896,0.474365234375,7.8203125,0.1961669921875,0.0540771484375,2.355388542207534,0.70654296875,7.29296875,0.300048828125,0.08111572265625,2.312026227210945,0.9775390625,6.7109375,0.4228515625,0.11279296875,2.296713566893418,0.21240234375,8.2265625,0.09246826171875,0.0245513916015625,1.11356214278757,0.10260009765625,7.26171875,0.09210205078125,0.01374053955078125,0.19181397544724882
