epoch,phase,loss,accuracy,accuracy_nn,temperature,length,length_nn,lexicon_size,actual_vocab_size,entropy_msg,entropy_max,entropy_msg_mc_ml,entropy_msg_mc_perks,entropy_msg_mc_james-stein,entropy_msg_mc_minimax,entropy_msg_1_ml,entropy_msg_1_perks,entropy_msg_1_james-stein,entropy_msg_1_minimax,redundancy,kld_train_test,kld_test_train,mutual_info_sent_received,topsim,topsim_norm_max,topsim_cosine,topsim_cosine_norm_max,entropy_target,mutual_info_msg_target,proficiency_msg_target,entropy_target_category,mutual_info_msg_target_category,proficiency_msg_target_category,entropy_selected,mutual_info_msg_selected,proficiency_msg_selected,lexicon_size_nn,actual_vocab_size_nn,entropy_msg_nn,entropy_max_nn,entropy_msg_mc_ml_nn,entropy_msg_mc_perks_nn,entropy_msg_mc_james-stein_nn,entropy_msg_mc_minimax_nn,entropy_msg_1_ml_nn,entropy_msg_1_perks_nn,entropy_msg_1_james-stein_nn,entropy_msg_1_minimax_nn,redundancy_nn,kld_train_test_nn,kld_test_train_nn,topsim_nn,topsim_norm_max_nn,topsim_cosine_nn,topsim_cosine_norm_nn,entropy_target_nn,mutual_info_msg_target_nn,proficiency_msg_target_nn,entropy_target_category_nn,mutual_info_msg_target_category_nn,proficiency_msg_target_category_nn,entropy_selected_nn,mutual_info_msg_selected_nn,proficiency_msg_selected_nn,messages
1,train,8.47024154663086,73.8125,75.625,1.5,2.326171875,2.47265625,91,10,4.203125,5.9140625,4.205145011212242,4.205185504656425,4.205699813459176,4.221161284454136,4.191316537775511,4.192278748983242,4.202616062327941,4.2583375112736395,0.2890625,,,3.369140625,0.24111426039333775,0.1894115460288382,0.28475938284111535,0.2489839609095055,8.594221011629497,2.8495116919134693,0.33156136990863716,3.463149673253006,1.6739019015679855,0.4833466813450358,8.579160662779612,2.7436643397055356,0.31980568351037264,91,10,3.904296875,6.12890625,3.9049178387265426,3.9049618213776274,3.9054498017296555,3.9226517030705264,3.9169708346455527,3.91800282950623,3.927924876281071,3.990514199405463,0.36279296875,,,0.30482696216048816,0.20462898988840122,0.3581639159955375,0.28416691860591897,8.594221011629497,3.0813002513522907,0.35853165134835935,3.463149673253006,1.7735086840707646,0.5121085865182582,8.579160662779612,2.945649960423407,0.34334943431039894,received
2,train,5.054348468780518,84.0625,85.875,1.4736328125,2.455078125,2.619140625,52,10,4.2421875,6.015625,4.243779179415959,4.2438219556304135,4.244415332581252,4.260350210292486,4.228650864468869,4.229686311992318,4.241602148709038,4.297995026240791,0.295166015625,,,3.611328125,0.21711797948815248,0.19262633208732038,0.25547764074685914,0.22840584675789724,8.595431437140814,2.956720278822875,0.3439874194152608,3.468136269191175,1.7302551366059964,0.4989005628113683,8.583523499368372,2.865787869142733,0.33387080135023983,48,10,3.912109375,6.1796875,3.910294279123053,3.9103434920923,3.9109014465171987,3.9290511264456147,3.917828132278706,3.9189300506062628,3.9298153562739313,3.994069771745138,0.36669921875,,,0.2953604619600884,0.21564595292455493,0.3414162205524346,0.26447698827436295,8.595431437140814,3.1677679718092073,0.36854089233046505,3.468136269191175,1.8220765588238104,0.5253762878379481,8.583523499368372,3.060113555895233,0.35651018560389736,received
3,train,4.174957752227783,86.5,87.875,1.4482421875,2.521484375,2.6875,51,10,4.34375,6.1015625,4.3451142879950275,4.345153506988897,4.3457514737663585,4.360770872424834,4.350536615242664,4.351500351401929,4.363786866256068,4.416177339981198,0.2880859375,,,4.1015625,0.22429023756173994,0.18570612119087904,0.2563317914882844,0.2214570495662932,8.597046551798202,2.926027178409199,0.34035260374357007,3.46112580027434,1.6987455804090552,0.4908072339567684,8.590857785633546,2.8572375768783322,0.33259048725686957,49,10,3.99609375,6.171875,3.989695157769908,3.9897377915295107,3.9902454483338845,4.00711128115222,4.018731703242946,4.019681647731277,4.029839682920426,4.089383275300936,0.352783203125,,,0.29383620431118285,0.21719208475979304,0.34604672583720253,0.2643079293702791,8.597046551798202,3.124808044917765,0.36347459864157233,3.46112580027434,1.787220261054403,0.5163696335200362,8.590857785633546,3.0407055822039326,0.3539466789089317,received
4,train,3.789036750793457,87.75,89.25,1.4228515625,2.548828125,2.720703125,56,10,4.37890625,6.15625,4.375014334309701,4.37505043043542,4.375626538832105,4.390049809127475,4.362177362738578,4.363054085590017,4.374724964590731,4.425341461073194,0.288818359375,,,4.12890625,0.24082515036045718,0.18596351512351866,0.2823768799927641,0.22980326854362648,8.595301718657094,2.933578221918486,0.34130020305753966,3.4861733701905004,1.693602906488655,0.4858057034599254,8.592188907599297,2.8565257375393482,0.33245611429852473,57,10,4.0234375,6.20703125,4.026970408585773,4.027009209532486,4.0274842326542055,4.0435797861200395,4.008177812467672,4.009175773536139,4.019342821058216,4.079763676121779,0.3515625,,,0.3024238468245905,0.2160821592866742,0.3472708510109311,0.2722069213512147,8.595301718657094,3.1319019522112432,0.3643737072560337,3.4861733701905004,1.7866176017284428,0.5124867331629046,8.592188907599297,3.0476294443019416,0.3546976768174276,received
5,train,3.2478020191192627,89.5,91.0625,1.3974609375,2.63671875,2.814453125,66,10,4.8046875,6.3671875,4.804308872237923,4.804336512088992,4.804998698579787,4.816035887239658,4.776125331521969,4.776819116587492,4.790143524321314,4.827141283942818,0.24560546875,,,4.55078125,0.2635729335882289,0.1960661950083177,0.27713091494385766,0.19899940798975016,8.593980649299507,3.1023490287431628,0.36099092554927203,3.4815451208027497,1.7033996455698293,0.48926542281234936,8.591499254953472,3.037707292521076,0.3535712688061598,64,10,4.4609375,6.44140625,4.457881041501649,4.457912710080617,4.458444280869968,4.471485648182467,4.445145983943883,4.4459715262483765,4.457301570207608,4.504309862232757,0.307861328125,,,0.32184402566649223,0.2590339884227998,0.3250275912791649,0.25679551648248994,8.593980649299507,3.3511412799615137,0.3899405196164439,3.4815451208027497,1.8114879828070838,0.5203115053667332,8.591499254953472,3.268811867880724,0.3804704826105961,received
6,train,2.904456615447998,90.375,92.0,1.373046875,2.701171875,2.890625,65,10,4.8515625,6.3984375,4.853657046073313,4.8536846982327395,4.854431742683749,4.865495022023834,4.841065949281309,4.84180275641788,4.857330829620714,4.892884872460394,0.241455078125,,,3.861328125,0.2550576295865294,0.1948266027561682,0.2715604363326137,0.22136517006218065,8.59615412928234,3.1367744803961424,0.36490440180811645,3.4651189742190835,1.7015959355899706,0.4910642169143559,8.591218225914425,3.06019615512408,0.35620049155466094,66,10,4.5,6.44921875,4.502247450032821,4.502280768577482,4.502893507592498,4.516132907361582,4.5109198231747865,4.51173554606861,4.524407851984073,4.569687061467392,0.302001953125,,,0.309640546748947,0.24019924667177342,0.33037599742738494,0.2750869949616213,8.59615412928234,3.389663578304914,0.39432326681512214,3.4651189742190835,1.8145379234475718,0.5236581880587535,8.591218225914425,3.297649618867334,0.3838395827171928,received
7,train,2.6594479084014893,91.0,92.6875,1.349609375,2.72265625,2.912109375,70,10,4.89453125,6.41796875,4.895980144264119,4.896009508010626,4.896784492820236,4.907857132563881,4.888387414967511,4.88913376530402,4.904969450485608,4.939257136396973,0.2373046875,,,4.2890625,0.2668238779958387,0.1863827819312809,0.2810667014978711,0.2019206995990168,8.597626473480844,3.199643570855394,0.3721542894105265,3.484458554501936,1.690718495350458,0.485216991077722,8.598492186490152,3.119361432506323,0.36278005083349685,65,10,4.5390625,6.42578125,4.542358059351472,4.542392314021413,4.543009365021161,4.556163175326366,4.509758380207977,4.510585000411343,4.522709370371062,4.568292827304992,0.29345703125,,,0.3011334978847292,0.26679469221319524,0.319277647212157,0.27728780893756316,8.597626473480844,3.471695872903081,0.403797011141556,3.484458554501936,1.81225729707785,0.5200972457360429,8.598492186490152,3.3737346047340226,0.3923635134581845,received
8,train,2.513329267501831,91.4375,93.1875,1.326171875,2.73046875,2.921875,63,10,4.91796875,6.41796875,4.915552726311609,4.915580101920171,4.91633293747112,4.927051700198518,4.90577145962766,4.9064494238977545,4.9215235978122305,4.954607816801447,0.2337646484375,,,4.0859375,0.2570656325502666,0.18435634899443487,0.2460172099148384,0.20409312176836492,8.596299648137524,3.199209797103056,0.3721612703200961,3.469617060583691,1.6830040894810505,0.4850691186069739,8.591702675527635,3.113459255119782,0.3623797718219547,61,10,4.5703125,6.41796875,4.572876199676997,4.572907495959996,4.5735026082989245,4.5861092969920305,4.562766483821342,4.563504231816293,4.575334900812313,4.618517481925041,0.287841796875,,,0.30345958973888854,0.2442318007531298,0.29537534864161047,0.2831029484061973,8.596299648137524,3.4784416006684564,0.4046440611713781,3.469617060583691,1.8060779900398911,0.5205410160555459,8.591702675527635,3.3780947156544068,0.39318105423695315,received
9,train,2.4376933574676514,91.6875,93.4375,1.302734375,2.73046875,2.923828125,74,10,4.953125,6.41796875,4.954814487059707,4.95484078165822,4.955597497689803,4.965876479374302,4.9320640749556794,4.932758172738337,4.948157212886835,4.980560474257132,0.2283935546875,,,3.984375,0.2540259401306722,0.20633791498222018,0.2592867001692959,0.21591330384562446,8.59361054728832,3.2032397064819076,0.37274666903455117,3.4666067034787007,1.71557004741452,0.4948845352698836,8.592948142754505,3.1179439505387636,0.36284915243760496,75,10,4.6171875,6.4375,4.619771234548864,4.6198013405148455,4.620398056177555,4.632516040429338,4.596951969474569,4.597750199750655,4.610540885097845,4.653410976837833,0.28271484375,,,0.30844290689486087,0.25929146819454774,0.31489741341294236,0.30092700691130414,8.59361054728832,3.4943893176279044,0.40662644628811406,3.4666067034787007,1.8444803690005394,0.5320708481725441,8.592948142754505,3.3926115837979536,0.39481345952943664,received
10,train,2.3296432495117188,92.0625,93.75,1.2802734375,2.732421875,2.92578125,73,10,4.93359375,6.41015625,4.931956586324118,4.931984301528417,4.93273376532127,4.943225817100349,4.947136884280296,4.947789484817945,4.962802084969589,4.994284037086326,0.230712890625,,,4.3359375,0.2558055908384285,0.17953924705568539,0.24198718142308281,0.19394430104863472,8.59708649086772,3.2060715629124523,0.3729253586454098,3.4941831609287983,1.7074211231973555,0.48864671500033824,8.595716427949897,3.1199960500106574,0.36297103053163254,73,10,4.59765625,6.421875,4.596582240852248,4.596612889914889,4.597197739809778,4.609510056782619,4.609616024862954,4.610351088893537,4.622399009821851,4.663959695426638,0.2841796875,,,0.2959963783071534,0.2576171092291107,0.2897796336941701,0.24685872280010052,8.59708649086772,3.4985260980374058,0.4069432245160875,3.4941831609287983,1.8406534956649443,0.5267764770452603,8.595716427949897,3.406091298074969,0.3962544979961992,received
11,train,2.3004038333892822,92.125,93.9375,1.2578125,2.7265625,2.921875,69,10,4.984375,6.42578125,4.986967689076978,4.986995337253307,4.987807406394585,4.998172936097806,4.955932069462038,4.95662045020316,4.972625763762599,5.00439727718736,0.2242431640625,,,4.1796875,0.26670918809071886,0.2083341862973185,0.24069489285991133,0.20073135877006337,8.594542138155905,3.240023909186978,0.3769862148680065,3.4604029465973962,1.6876171889730562,0.4876938365320967,8.592571180632255,3.1508769934003,0.3666978052509369,67,10,4.65625,6.4453125,4.658442008594186,4.6584748146137285,4.659138372163141,4.671610245120722,4.6515951601262415,4.652351340504228,4.665141517167884,4.7059977289295,0.27734375,,,0.3158147697184503,0.2596012135776535,0.2895354149957845,0.27085250457095494,8.594542138155905,3.5548744555125715,0.4136199925916386,3.4604029465973962,1.818477501654308,0.5255103320965587,8.592571180632255,3.453708036937715,0.40194116107206757,received
12,train,2.2385244369506836,92.25,94.0,1.2353515625,2.740234375,2.9296875,68,10,5.015625,6.42578125,5.014852669189533,5.0148799956534535,5.01570328829893,5.02598264055423,5.002544589317528,5.003247048778498,5.019767571986037,5.049994582880045,0.218994140625,,,4.6171875,0.2550555432959705,0.2083621644849187,0.2614673288789426,0.20620289292875327,8.596716917270435,3.2654767235158797,0.3798516055537059,3.4822060154826198,1.7019297652893455,0.48875045236330306,8.593555014311,3.180204418164694,0.370068547052837,65,10,4.70703125,6.44921875,4.708349110001389,4.708380591607894,4.709059752285519,4.721342635491425,4.689334789921956,4.69013883566593,4.703904407111617,4.744478061442344,0.2705078125,,,0.3009078564078106,0.26608548478983385,0.310466792692602,0.2786359340830156,8.596716917270435,3.5948397801081438,0.41816426139219093,3.4822060154826198,1.8487465641387324,0.5309124606409893,8.593555014311,3.508555743314882,0.40827756818592786,received
13,train,2.2265005111694336,92.5625,94.3125,1.2138671875,2.73828125,2.9296875,80,10,4.9765625,6.43359375,4.976207113894233,4.976235212811626,4.977037436708616,4.987549031895838,4.976205147283846,4.976867247359484,4.99215743201236,5.022951756619234,0.2261962890625,,,4.32421875,0.26537920969149453,0.20075070394312328,0.27611108490903813,0.23851130720972757,8.595807894403865,3.2725989351468225,0.3807203436081191,3.4713947802143785,1.7092388133651193,0.4923781135776104,8.592490770137818,3.183970293425438,0.37055265796629644,77,10,4.65234375,6.4453125,4.650178038083383,4.650210235051106,4.650851951207016,4.663298819990456,4.641738314159331,4.642543825971678,4.655583766926812,4.697104411116522,0.2783203125,,,0.3054656170699271,0.26675117001062487,0.3356429604950923,0.3239086164839711,8.595807894403865,3.595477969049604,0.4182827272571285,3.4713947802143785,1.8518629876308914,0.5334636665889462,8.592490770137818,3.4963905205612162,0.40691233940134175,received
14,train,2.1416797637939453,92.75,94.4375,1.1923828125,2.7421875,2.935546875,75,10,5.03515625,6.4375,5.0385868572351695,5.038613975432121,5.0394397304263565,5.049507187026621,5.038762196761063,5.0393926746705535,5.054937296069864,5.083698171286737,0.2176513671875,,,4.12890625,0.25778902473417376,0.2044770757413274,0.26019664025504263,0.20226677860287132,8.597129233389476,3.282347140399403,0.38179571939566104,3.4678081782565267,1.7016797567701119,0.49070757934069104,8.59268846416812,3.2012235687643464,0.37255203445505863,76,10,4.71484375,6.44140625,4.713939145670902,4.713972172376655,4.714649011197703,4.726710513203735,4.697961916852208,4.698728797916464,4.711858708772683,4.751529708778031,0.26806640625,,,0.29839178864869853,0.2851859441182166,0.2996118356495721,0.27439732950287843,8.597129233389476,3.6036320949689173,0.419166909923042,3.4678081782565267,1.840190163298776,0.5306493521864721,8.59268846416812,3.5196008529063496,0.40960414980517873,received
15,train,2.1661081314086914,92.625,94.5,1.171875,2.74609375,2.9375,79,10,5.07421875,6.4296875,5.070003111341974,5.070028174566038,5.070823371272163,5.080432381292708,5.046571716282521,5.047209520137527,5.0626132978611285,5.091065902732076,0.2110595703125,,,4.73046875,0.2600274652046286,0.18021860322561908,0.25483182899623685,0.20941346963223897,8.596403747800068,3.3562313364198664,0.3904227203473045,3.4877282101758964,1.7030190298239418,0.488288916795513,8.596855789868727,3.2719347104860015,0.38059667283728665,77,10,4.7734375,6.44921875,4.77262928327192,4.772658089870682,4.773300755215879,4.784667960568974,4.7577821874484245,4.758548810049308,4.772023718269739,4.810089010725409,0.259765625,,,0.28823182731875774,0.25500651641598904,0.29381460950226435,0.27568597717095894,8.596403747800068,3.711353247607966,0.431733240607475,3.4877282101758964,1.8568814353248726,0.5324042825089357,8.596855789868727,3.604825948045086,0.4193191134243897,received
16,train,2.128162384033203,92.8125,94.5,1.1513671875,2.744140625,2.939453125,82,10,5.078125,6.4296875,5.081689934512794,5.081712605599416,5.082411348787451,5.091302261412359,5.089511583003263,5.0900461126429155,5.103855204789446,5.130063048070446,0.210205078125,,,4.8359375,0.2533687318766866,0.21330630606374856,0.2554432567568953,0.21226690739411846,8.596851159551488,3.213801757792849,0.3738347562551634,3.5001525629431014,1.6650867850389997,0.4757183451566215,8.595647107438783,3.1162267831430412,0.36253544895371737,82,10,4.76953125,6.4453125,4.7710228187335675,4.771049031222855,4.771612988852421,4.782326451579794,4.762354115025749,4.763057028265273,4.775256736744758,4.812474073888303,0.259765625,,,0.2908200890975509,0.27060064290063596,0.2974303658057046,0.2853414026047444,8.596851159551488,3.516314530020624,0.40902354417452497,3.5001525629431014,1.8021336687909235,0.5148728909335313,8.595647107438783,3.4210422168794956,0.3979970529407707,received
17,train,2.0885212421417236,93.0625,94.8125,1.130859375,2.74609375,2.939453125,80,10,5.0859375,6.43359375,5.08697065237106,5.0869961428151615,5.087774082265946,5.097113575601623,5.088013954990684,5.08860389376356,5.10369930570748,5.1305155085886085,0.2098388671875,,,4.21484375,0.23588380328133715,0.18794367367191847,0.2706850935207127,0.2046491092943656,8.59300868056225,3.306381222921056,0.38477573406858423,3.47183919895423,1.68403087549801,0.4850543988342736,8.59141487576479,3.2189286188876425,0.37466804541913123,80,10,4.765625,6.4375,4.764652497792944,4.764681216068144,4.765305052993653,4.776653483893942,4.762480548623204,4.763160416066908,4.775409731037572,4.81227507624051,0.25927734375,,,0.2773859881385153,0.24786880353096516,0.3096694649312955,0.29262012948700455,8.59300868056225,3.6357422327194007,0.42310468520107564,3.47183919895423,1.8217365859409806,0.5247180187635749,8.59141487576479,3.539278925249536,0.4119553038037261,received
18,train,2.082566976547241,93.0625,94.75,1.111328125,2.74609375,2.94140625,83,10,5.10546875,6.44140625,5.108577035960331,5.108599994532961,5.109341688620566,5.118323354131516,5.118392062153239,5.1189673493059065,5.1339832255093825,5.159614330834333,0.20703125,,,4.859375,0.23837086715568068,0.19053676680912446,0.2520506732453778,0.20202900730716108,8.591328536460628,3.3146610885914907,0.3858147287144757,3.498829548069984,1.6873727113155796,0.4822677664438853,8.59074796078842,3.215136671543256,0.374255732587944,80,10,4.796875,6.4296875,4.800100485530698,4.8001278955700135,4.800738926811128,4.811585242431701,4.795932342552116,4.796597072919606,4.808812103692731,4.844402452207044,0.25390625,,,0.27249055558077073,0.26954803711424313,0.29389425100538247,0.28215987698975226,8.591328536460628,3.6459501040828064,0.4243755885495248,3.498829548069984,1.838826200444207,0.5255546676912387,8.59074796078842,3.5486672832398503,0.41308012986033055,received
19,train,1.9912513494491577,93.375,95.0625,1.091796875,2.75,2.943359375,81,10,5.171875,6.43359375,5.177656546936065,5.177680818865222,5.17849639952977,5.187229451937921,5.14808899505161,5.1486853759867435,5.1643522497149394,5.189381138541821,0.19580078125,,,4.55859375,0.22311519922895537,0.19064316458232175,0.2513151754712112,0.206688328148975,8.594181400671992,3.321284011395729,0.38645728505754284,3.4803869669778518,1.6419888798693596,0.4717834239263225,8.592023642517018,3.243040048853488,0.37744775663855656,79,10,4.88671875,6.44140625,4.889114213625883,4.889144738999363,4.889858644364307,4.9007366076198196,4.876103333876278,4.876804162049061,4.890435065611273,4.924708386722013,0.2413330078125,,,0.2644072477606353,0.2441485781682175,0.2954998740152464,0.2846433740769265,8.594181400671992,3.682346657329939,0.42846973849563036,3.4803869669778518,1.804183270597155,0.5183858254025683,8.592023642517018,3.591705264400609,0.4180278609368939,received
20,train,2.0220303535461426,93.3125,95.125,1.0732421875,2.748046875,2.943359375,79,10,5.14453125,6.4296875,5.145928805910245,5.14595328676056,5.146751642594997,5.155678887427817,5.154148367753588,5.154735475460881,5.170024336506869,5.194648006667639,0.19970703125,,,4.90625,0.24182289575056187,0.1905281608810077,0.2521393038905662,0.2001827757866725,8.597403834454443,3.3231375577884883,0.38652802889994303,3.4887294670501383,1.6861401756808556,0.48331066986015264,8.59589108495504,3.2323494151704333,0.3760342451090211,77,10,4.859375,6.4453125,4.861732524734212,4.861761236828805,4.862418550584979,4.873148340630675,4.859915571299306,4.860598806517035,4.873462076722167,4.907601629908928,0.2462158203125,,,0.27553088649086244,0.2650636166837786,0.2926689296679245,0.2675700956668204,8.597403834454443,3.6716279847480227,0.42706240807647367,3.4887294670501383,1.8490248720387514,0.5299994996752146,8.59589108495504,3.5769449081572517,0.4161226419466622,received
21,train,1.9882400035858154,93.375,95.125,1.0546875,2.748046875,2.94140625,85,10,5.140625,6.4375,5.139309539005939,5.139336396404396,5.140184228408142,5.149364981148287,5.133023042276699,5.1336229283679,5.149336156468004,5.17465871946325,0.20166015625,,,4.390625,0.24675795602716324,0.19588883529956402,0.2567320512345134,0.2064276978778168,8.593447788516954,3.330829220437992,0.3876010307398193,3.4823520902850373,1.6981174223064484,0.487635189745404,8.592108425166423,3.2428293737431977,0.3774195125663101,85,10,4.8359375,6.421875,4.830284378050083,4.830315309810117,4.831009014787534,4.842239414952527,4.833017969747493,4.833734149465008,4.847090570146512,4.882474783352001,0.2470703125,,,0.28193524008240567,0.2538325869272579,0.3004592304962841,0.27923920885335307,8.593447788516954,3.6709759012846535,0.4271831273810748,3.4823520902850373,1.8468488338504603,0.5303452339017483,8.592108425166423,3.581421118193272,0.41682680675947154,received
22,train,1.9766137599945068,93.4375,95.125,1.0361328125,2.744140625,2.9375,79,10,5.16796875,6.4296875,5.166321951471255,5.1663503286568275,5.167244663926294,5.176418754245304,5.1691677292117575,5.169780350404543,5.1859857493128905,5.2101658172497896,0.196533203125,,,4.71484375,0.2158374544527127,0.1818791566360772,0.23449520930435763,0.17965222422105798,8.593751026447237,3.367936985014154,0.3919053478102101,3.49859394921661,1.675945361310888,0.47903397354418864,8.594032296474126,3.279500393079088,0.3816020559318318,79,10,4.87890625,6.42578125,4.873035614353891,4.873068616268035,4.873814450310382,4.885021681788046,4.886122372122461,4.886836952774845,4.900793843024923,4.934740469806856,0.2412109375,,,0.255209480314482,0.24544185149987927,0.27345042341607306,0.2624359698013173,8.593751026447237,3.7256068965372107,0.4335251143617809,3.49859394921661,1.8413581399653611,0.5263137610975605,8.594032296474126,3.6209265109150452,0.42133033551672866,received
23,train,1.9872342348098755,93.4375,95.1875,1.017578125,2.7421875,2.9375,81,10,5.15625,6.4375,5.154723356602841,5.15474830518241,5.155570264853837,5.164635594108165,5.158941174968095,5.159528605582931,5.175226334256847,5.199976379421808,0.198974609375,,,4.87890625,0.22450425792417297,0.1865775296012996,0.23577890009388153,0.2002468420754647,8.593360237078763,3.37368468071419,0.3925920231014363,3.482106399526532,1.6765229785408162,0.4814680501344749,8.589500394069528,3.285149256484294,0.3824610403129463,82,10,4.86328125,6.421875,4.865600657419815,4.865631322174143,4.8663242134109685,4.877271672423583,4.853914385076055,4.8545736309634515,4.867378085571389,4.901725554128449,0.2427978515625,,,0.2576902525260723,0.24842119348302635,0.275103142891787,0.26149839762026666,8.593360237078763,3.736842506984879,0.4348523050227889,3.482106399526532,1.8293773762209926,0.5253651572708221,8.589500394069528,3.630263763898963,0.4226396876825823,received
24,train,1.9313548803329468,93.5625,95.25,1.0,2.7421875,2.935546875,80,10,5.1875,6.43359375,5.182428532606348,5.182455147531348,5.183336206645786,5.192314473219113,5.178342345461491,5.178938644730735,5.195170055926903,5.219011211735857,0.1937255859375,,,4.4609375,0.23108486679646126,0.1792861946784711,0.24004627097766765,0.20309227194653856,8.594721918158665,3.3848074120889233,0.3938239589738914,3.4853338487744443,1.6536183988259232,0.474450503330517,8.592437915399834,3.3160444720783824,0.3859259158725124,79,10,4.90234375,6.43359375,4.9039281284014455,4.9039601064017075,4.904710721200211,4.915679807948886,4.90366626788497,4.904365999187074,4.918089683660113,4.951036182674813,0.238037109375,,,0.2672008735762728,0.23676447839039488,0.2822686366065532,0.27925848106836804,8.594721918158665,3.7601142918150208,0.4374910936758485,3.4853338487744443,1.8168087893109686,0.5212725288711775,8.592437915399834,3.6743432109825376,0.42762522664227576,received
1,test,10.081419944763184,74.375,76.0,1.5,2.431640625,2.5859375,39,10,4.16796875,5.859375,4.170056080090596,4.170154842026699,4.171232560253927,4.193909222886285,4.169959040656074,4.180815958359235,4.277916089322686,4.374491968389968,0.288818359375,3.162109375,3.173828125,3.90625,0.26537211721457593,0.16338497328841758,0.34103266984523833,0.29439637310826466,6.658211482751794,2.827546885054433,0.4246706330039591,3.186646652398159,1.875839350527606,0.5886562129867504,6.564026875335675,2.5432277254543703,0.3874493163656209,34,10,3.8515625,6.03515625,3.850002564746947,3.8501048946152663,3.85104901976644,3.8758351568036664,3.756506063488776,3.76887926585202,3.8545693266003416,3.990320168230026,0.36181640625,3.18359375,3.203125,0.32584002970298315,0.15597818363678426,0.44139913626382554,0.3418314313111048,6.658211482751794,3.033122153509812,0.4555460819121118,3.186646652398159,2.009516005299902,0.6306052174901822,6.564026875335675,2.709832403883519,0.4128307905114941,
2,test,10.362308502197266,77.125,78.9375,1.4736328125,2.46484375,2.640625,34,9,4.27734375,6.01171875,4.286722859973925,4.286823566148332,4.288148764228682,4.3105230993456605,4.1837109561274834,4.194845297818891,4.3013036600985695,4.390744407460611,0.288330078125,3.17578125,3.19921875,3.552734375,0.273704519072636,0.16604884785230986,0.3427162242815759,0.28731174651840036,6.658211482751794,2.948997654741352,0.44291138279112624,3.186646652398159,1.906960756848803,0.5984224060153299,6.567746096268024,2.717545280901504,0.413771367082185,30,9,3.9609375,6.1875,3.960481336511128,3.9605930308816566,3.961798388793746,3.987033024109229,3.946632851428312,3.95873108388131,4.06267664494792,4.172842843852743,0.360107421875,3.193359375,3.2265625,0.31303662800336746,0.1591743065686968,0.44457688628128306,0.33231826118153684,6.658211482751794,3.1793281999526246,0.4775048386775828,3.186646652398159,2.0247039465402406,0.6353713377717981,6.567746096268024,2.9118261525292426,0.443352424081044,
3,test,11.882472038269043,75.875,77.0,1.4482421875,2.51171875,2.69140625,40,10,4.3671875,6.06640625,4.362586436457387,4.362672718801393,4.3639733324805645,4.385099408777765,4.260697151471363,4.271704159528749,4.383948986729375,4.464238291972662,0.280029296875,3.240234375,3.244140625,4.12890625,0.24754557304780242,0.1604421539015579,0.316800575576696,0.2592661791860286,6.658211482751794,2.8763597024957175,0.4320018536429752,3.186646652398159,1.838243668324428,0.5768583306658835,6.572017661489056,2.6041832174227846,0.3962532286976145,37,10,4.03125,6.14453125,4.024941441786217,4.0250380134347905,4.026173295978858,4.049872463334333,4.001171398724474,4.013053330156374,4.120796650017573,4.2232395564589265,0.343994140625,3.265625,3.271484375,0.293618816801636,0.16746095644704884,0.41503731397158095,0.3090592541126568,6.658211482751794,3.0800814679947477,0.4625989240464574,3.186646652398159,1.946255773105987,0.6107535555099286,6.572017661489056,2.7844380817791663,0.42368085802561306,
4,test,10.125710487365723,77.625,79.0625,1.4228515625,2.544921875,2.720703125,36,10,4.4921875,6.1484375,4.497140355890174,4.4972230589273865,4.4987487305447695,4.518678993687973,4.457050195900158,4.467192746723084,4.595872510345741,4.645568528469085,0.269287109375,3.197265625,3.25,4.1875,0.2564853094789509,0.18216526046862178,0.3094885968665178,0.2592324747847441,6.658211482751794,2.9016623758810676,0.4358020743855721,3.186646652398159,1.821160186888382,0.57149737185886,6.594115820920736,2.641374302119347,0.40056534853986414,32,10,4.1640625,6.234375,4.1669440664842625,4.167034992126068,4.1683579656170275,4.190861725394353,4.092034574827348,4.10388785465148,4.223542980326355,4.311584899701511,0.33203125,3.22265625,3.275390625,0.31210499402551783,0.18926002714246512,0.38922897550144364,0.29762406303436817,6.658211482751794,3.103286691335895,0.46608412775337793,3.186646652398159,1.9315509349120754,0.6061390375548722,6.594115820920736,2.8130513690038406,0.42660023654407914,
5,test,10.672127723693848,77.625,80.0625,1.3974609375,2.701171875,2.92578125,49,10,4.85546875,6.41796875,4.851722695326844,4.8517906160884,4.853638039768312,4.869606061986599,4.766565506081268,4.77567291792093,4.931544209905409,4.933864125900585,0.2435302734375,3.3828125,3.37890625,4.58984375,0.24914943735580938,0.19224740146033115,0.310794668438712,0.24566816634457078,6.658211482751794,3.029323680833186,0.45497558746529737,3.186646652398159,1.8836942806274841,0.5911211646920067,6.580199559859687,2.7528563760556377,0.41835454244404985,43,10,4.48828125,6.4609375,4.480473550490631,4.480553445447991,4.4820343013409865,4.5013611965084035,4.441414132623245,4.451340669197572,4.583301989172022,4.629026859180531,0.305419921875,3.404296875,3.380859375,0.3015067873561385,0.22374723710044656,0.38190383484064,0.322603444096366,6.658211482751794,3.261149557376127,0.48979362788703673,3.186646652398159,1.9850254665139841,0.6229198537026762,6.580199559859687,2.9409579966593267,0.44694054791281107,
6,test,10.26743221282959,78.8125,81.3125,1.373046875,2.71875,2.927734375,53,10,5.00390625,6.41015625,5.004265649922971,5.004322990946922,5.006123606179429,5.019764604548234,4.912856034868311,4.92114640030691,5.084975803494141,5.066498084295653,0.219482421875,3.396484375,3.38671875,4.6875,0.24674917695379123,0.16360851293228812,0.30937678433972743,0.24202863396319776,6.658211482751794,3.005206877852304,0.4513534731717882,3.186646652398159,1.8345807489274568,0.5757088717529493,6.584363881463672,2.7045155189328263,0.41074818579613886,48,10,4.69140625,6.48046875,4.687305855989869,4.687371285450855,4.688833849883985,4.705239000942782,4.61290138425395,4.6218178326577215,4.757795595804984,4.783456345265092,0.276123046875,3.4140625,3.396484375,0.28515243699364645,0.21015018592914111,0.3711794446090566,0.31132006540489726,6.658211482751794,3.285853179111405,0.49350387677283336,3.186646652398159,1.9722742685097483,0.6189184066032183,6.584363881463672,2.9403837797506425,0.44657066843289495,
7,test,8.374129295349121,81.6875,83.3125,1.349609375,2.7578125,2.947265625,48,10,4.8984375,6.44140625,4.895442461938117,4.8955165132038285,4.897396198162661,4.913333813772405,4.855638757591325,4.8643182170948975,5.0185902370982545,5.014793767969442,0.2393798828125,3.357421875,3.3515625,4.41015625,0.2730907645626899,0.1574754743908539,0.3236831538438984,0.25376928753687344,6.658211482751794,3.118646564412087,0.4683910345129457,3.186646652398159,1.9114791378867402,0.5998403169200538,6.612017388596305,2.887636005287111,0.43672541004919224,42,10,4.52734375,6.421875,4.5276263302577675,4.5277013595778035,4.529060779339286,4.547669513838665,4.496431872878327,4.506182990128377,4.634143991666337,4.679430114048792,0.294677734375,3.369140625,3.36328125,0.29830336680064834,0.21877679889792165,0.3713294992845042,0.33579259573148174,6.658211482751794,3.3847035692732357,0.5083502646380887,3.186646652398159,2.0519636271426407,0.6439256845745368,6.612017388596305,3.119135216454911,0.4717372978834658,
8,test,8.88991641998291,78.9375,81.4375,1.326171875,2.771484375,2.966796875,50,10,4.9375,6.44921875,4.937417326805962,4.9374827155142205,4.939217833963059,4.954288726133873,4.917807192562201,4.9262042818476885,5.076149727865752,5.071123573655939,0.2344970703125,3.380859375,3.287109375,4.52734375,0.27675992152790313,0.20207937816969204,0.30447376913164836,0.23809124105324933,6.658211482751794,3.0076526381581985,0.45172080309397983,3.186646652398159,1.7666500687462579,0.5543915788142807,6.584631074232276,2.6775588363233638,0.40663763939660796,46,10,4.58203125,6.42578125,4.5782660884120965,4.578340108078983,4.579665892359248,4.597575146304354,4.541604156732088,4.5512632561344395,4.674060257106999,4.720656154795615,0.287109375,3.40625,3.28515625,0.30433834840862506,0.24404453607132404,0.3443473365210062,0.3128988953051915,6.658211482751794,3.279979394159482,0.492621690172552,3.186646652398159,1.9075793950693942,0.5986165405674383,6.584631074232276,2.9185813854670126,0.44324144398739906,
9,test,8.988794326782227,80.8125,82.3125,1.302734375,2.77734375,2.935546875,44,10,4.9296875,6.41796875,4.922651952065367,4.922723092095953,4.924680907852326,4.9404758073861395,4.841830125220498,4.850949636738077,5.012225848583846,5.006171654281326,0.232177734375,3.421875,3.39453125,4.34765625,0.27204040781139205,0.21251218234397343,0.3176994563646265,0.24558561644572574,6.658211482751794,3.0269589506447714,0.4546204274956057,3.186646652398159,1.8826663878868652,0.5907986021826537,6.600138481408735,2.7782950125094583,0.42094495749374916,40,10,4.58984375,6.4453125,4.584873199724542,4.584949287985367,4.586451864314387,4.605113116300287,4.552411796312274,4.562449150079917,4.700923212679378,4.736464052461111,0.28759765625,3.4375,3.40625,0.3086401632668629,0.23238672934162147,0.3585604475868961,0.3042603631233545,6.658211482751794,3.29841526479796,0.49539058249239437,3.186646652398159,2.0264143703452255,0.6359080850147653,6.600138481408735,3.0124283481748364,0.45641896100517315,
10,test,9.644700050354004,79.6875,79.9375,1.2802734375,2.701171875,2.88671875,49,10,4.953125,6.40625,4.946291670828263,4.94636595365241,4.948403920052259,4.964317688028083,4.838574567614218,4.84746235084115,4.997136942417183,5.000061466422222,0.2269287109375,3.447265625,3.443359375,4.12109375,0.26742889732166364,0.16376174245209985,0.30209674596766484,0.2466402443106158,6.658211482751794,3.014779677206473,0.45279121653259424,3.186646652398159,1.8579174274546864,0.5830321432269506,6.575196451295599,2.730353853283563,0.4152505363920442,43,10,4.62890625,6.4375,4.624410668439492,4.62449516996393,4.626147801990705,4.645022537971612,4.606619727505332,4.616268032407558,4.755650173348712,4.785104716796128,0.28076171875,3.478515625,3.47265625,0.29044701166451775,0.16675458600250215,0.3511704572590826,0.30144585530676615,6.658211482751794,3.296313747742717,0.49507495463036466,3.186646652398159,2.0055395520878276,0.6293573686867756,6.575196451295599,2.973730570263383,0.4522649007205601,
11,test,10.342494010925293,77.125,79.5625,1.2578125,2.73046875,2.908203125,53,10,5.078125,6.40234375,5.078245575917063,5.078301048363158,5.080103974267508,5.093176903068216,5.054325354457477,5.062073591002247,5.231373947357503,5.196760410249362,0.2066650390625,3.3984375,3.396484375,4.83984375,0.2705969378371313,0.15102276551934157,0.2926583382208617,0.24349027133558598,6.658211482751794,3.0349577756915735,0.4558217748946067,3.186646652398159,1.7462630027208048,0.5479939237714443,6.593389704351894,2.6364736152527417,0.39986618923989375,50,10,4.77734375,6.40234375,4.776467812168961,4.776530957955842,4.7780038644255765,4.7937581239725,4.750699370671178,4.759385409894993,4.898619577139052,4.913428812059176,0.25390625,3.4140625,3.419921875,0.28926452175324385,0.1938284317650259,0.3321818749702585,0.3032960189773286,6.658211482751794,3.323660428852663,0.49918216588083153,3.186646652398159,1.8974453421612063,0.5954363784680222,6.593389704351894,2.8921152340909764,0.43863860074614847,
12,test,10.269685745239258,78.3125,81.8125,1.2353515625,2.74609375,2.927734375,47,10,4.95703125,6.41796875,4.952260403334327,4.9523266612824495,4.954192902792309,4.969425907401588,4.850146339764964,4.8592318939406445,5.017056383815141,5.0135856360624835,0.2271728515625,3.416015625,3.400390625,4.15625,0.2625778025327722,0.19473413638127862,0.2999597598192077,0.26304132109324746,6.658211482751794,2.9938969571516933,0.4496548307165419,3.186646652398159,1.7992449507396033,0.5646201625101905,6.601510115784118,2.6935714356228972,0.4080235261902585,41,10,4.63671875,6.4375,4.634863871134187,4.634938021245138,4.6364387400696385,4.654645138124564,4.64354988969332,4.652970380028948,4.787253408577743,4.817672078786325,0.280029296875,3.451171875,3.4375,0.29635247037543666,0.21751810094050755,0.35258694883154085,0.31940090666434207,6.658211482751794,3.277159752179961,0.4921982067811299,3.186646652398159,1.9462396947278995,0.6107485099621031,6.601510115784118,2.9273864413403734,0.44344193828333817,
13,test,10.27763557434082,80.0625,82.3125,1.2138671875,2.759765625,2.951171875,52,10,4.95703125,6.4375,4.956522062567197,4.95658885351899,4.9583917873056835,4.9733313270173385,4.987113516494933,4.994794280485349,5.150181939576644,5.13109021200016,0.230224609375,3.375,3.341796875,4.44140625,0.2561080573328335,0.2064246218892379,0.303115510082547,0.244532756130763,6.658211482751794,3.069261517177063,0.46097387040469284,3.186646652398159,1.8216620845016882,0.5716548720990979,6.60617625535572,2.773691038666956,0.41986331146073885,46,10,4.61328125,6.44140625,4.6126330209919,4.612708481596849,4.614132413319868,4.632119625737975,4.5705675638715855,4.580026575819472,4.707887419301446,4.747445876212735,0.283447265625,3.39453125,3.353515625,0.29154609346576865,0.23870764703707495,0.337480948077541,0.32235949698470956,6.658211482751794,3.3642003995350835,0.5052708836674984,3.186646652398159,1.9782961696603047,0.6208081364061836,6.60617625535572,3.0326824620341704,0.45906774884722945,
14,test,11.064658164978027,76.5,79.6875,1.1923828125,2.748046875,2.951171875,50,10,4.953125,6.4375,4.946345360525688,4.946409105813598,4.948021574948421,4.962867334448632,4.894024035106444,4.902138343035585,5.037610141222015,5.044772461787074,0.230712890625,3.435546875,3.39453125,4.234375,0.25437251329166416,0.1901808658357205,0.3182586621802638,0.255704593274665,6.658211482751794,3.0289928141653713,0.4549258944405757,3.186646652398159,1.8281847712154056,0.5737017531703985,6.575624895846452,2.6980532205216363,0.4103113032231939,46,10,4.60546875,6.4375,4.609477450470567,4.609553635421125,4.610875286224635,4.62886277259463,4.59431757388169,4.603566892474712,4.723310581273629,4.76731917887332,0.284423828125,3.44921875,3.408203125,0.29659676469567686,0.23599301756409988,0.3658519242186192,0.351654742199294,6.658211482751794,3.2991002741266175,0.4954934643744782,3.186646652398159,1.9772075034399617,0.6204665026014052,6.575624895846452,2.929371748079281,0.445489484950646,
15,test,9.620748519897461,79.9375,82.1875,1.171875,2.7578125,2.9296875,55,10,5.015625,6.42578125,5.014501696403114,5.014560437055539,5.016307378834895,5.030208291679822,4.939008261216896,4.947187912540567,5.105597354032666,5.0897721743637705,0.2193603515625,3.408203125,3.408203125,4.3046875,0.26629634494434035,0.18056437966794225,0.3166917070691978,0.25999171548044747,6.658211482751794,3.1077406249728012,0.4667530661985511,3.186646652398159,1.8916536455472714,0.5936188890361217,6.584823121460998,2.822367382098273,0.4286170380036061,50,10,4.6875,6.43359375,4.687391492302213,4.6874622243277875,4.688888721898354,4.705646854767536,4.669687975201518,4.6785643104012955,4.81152879415304,4.837471681642841,0.271240234375,3.43359375,3.4375,0.2903937234232602,0.1997855159589216,0.3628425284149027,0.34183835577152083,6.658211482751794,3.407872607880212,0.5118300337422989,3.186646652398159,2.0542083615307467,0.6446301035556675,6.584823121460998,3.069854426478158,0.4662015015214317,
16,test,10.426345825195312,79.0625,81.5625,1.1513671875,2.76171875,2.955078125,56,10,5.0234375,6.44140625,5.0191818717373495,5.019237964281018,5.020786111779562,5.034061443076612,4.920284870952296,4.927932295833561,5.065115510991919,5.065185804608103,0.2205810546875,3.361328125,3.310546875,4.76953125,0.26174849948580514,0.22231253251032543,0.27105201093564546,0.24304196018785157,6.658211482751794,3.0078030404922567,0.45174339209321,3.186646652398159,1.7234677551263147,0.5408405584689765,6.590453401372266,2.6694512803696924,0.40504819893178495,49,10,4.6796875,6.4296875,4.6726747720775315,4.6727415336299645,4.673977700474403,4.69020802844315,4.593473355346358,4.602102652844456,4.714701811808801,4.759807824661234,0.2724609375,3.37109375,3.314453125,0.3041121277042971,0.2691872459870144,0.3202026530279507,0.3251531202109087,6.658211482751794,3.272199682475078,0.49145325151533037,3.186646652398159,1.870186344175159,0.5868822458767815,6.590453401372266,2.8944179538760455,0.43918343361222595,
17,test,10.733890533447266,77.75,79.9375,1.130859375,2.767578125,2.943359375,52,10,4.88671875,6.42578125,4.891030556409907,4.89110003393969,4.892626774687699,4.9077032975060675,4.8558169480800215,4.863878465095356,4.995853366775575,5.006924761989437,0.23974609375,3.505859375,3.416015625,4.63671875,0.26358863354792567,0.2096887285239035,0.3163449847815767,0.2630437851268284,6.658211482751794,3.072602042042278,0.4614755854484202,3.186646652398159,1.8474506550905945,0.5797475706006713,6.588511969765048,2.753938283443115,0.4179909357501437,48,10,4.53515625,6.4375,4.524424334545839,4.524495957476595,4.525616148625286,4.543367559484075,4.504633251364898,4.513759585118097,4.623734336817814,4.679348984447955,0.2958984375,3.541015625,3.44140625,0.29651979638624776,0.2434865593633645,0.3635362664147096,0.3613047093848487,6.658211482751794,3.3501735177061622,0.5031641795074911,3.186646652398159,1.9968839264238172,0.6266411511050439,6.588511969765048,2.983865723064821,0.45288917084129215,
18,test,10.562602043151855,77.5,79.6875,1.111328125,2.78515625,2.970703125,59,10,5.1015625,6.453125,5.102831629923931,5.102879374616765,5.104316356434172,5.116046240081221,4.985917981599795,4.993005534617056,5.128304548677975,5.122435162083376,0.2093505859375,3.365234375,3.3515625,4.828125,0.2589635429514186,0.18613757431974462,0.2827009513752103,0.24074320142964525,6.658211482751794,3.13440052354074,0.47075712924716434,3.186646652398159,1.7879547737689485,0.5610771976941328,6.57652609956337,2.7709412052291365,0.4213381294743292,54,10,4.75,6.40234375,4.751019611732878,4.7510775380232495,4.752248767847931,4.7670296902347005,4.672722102375066,4.68105118351176,4.796258549723804,4.832725861631907,0.2578125,3.384765625,3.359375,0.2824338622803556,0.2646301001445889,0.322154952576593,0.3275918548676957,6.658211482751794,3.433390290764776,0.5156625468654803,3.186646652398159,1.9445942733476311,0.6102321610976847,6.57652609956337,3.026914066929079,0.4602603291014145,
19,test,11.200906753540039,77.875,80.0625,1.091796875,2.765625,2.955078125,58,10,5.046875,6.4453125,5.04883729764472,5.048894722686463,5.0505241440597395,5.063905309324876,5.005986961459701,5.013171285324977,5.155088807565522,5.143356855955074,0.2166748046875,3.439453125,3.353515625,4.5078125,0.24978141171829757,0.18018753928414127,0.2906520907172253,0.2573594466024623,6.658211482751794,3.1203033403502616,0.46863986649169354,3.186646652398159,1.7928073473790018,0.5625999814035854,6.5820390254177195,2.7693677591459736,0.42074617735500586,52,10,4.70703125,6.41796875,4.698075372184119,4.698147696103712,4.699487082845656,4.716184438273098,4.7004357587273,4.709007961920392,4.828771918041551,4.861984980061818,0.2666015625,3.462890625,3.3671875,0.2760493867484386,0.24315557314982947,0.33995343011331497,0.3525630283116332,6.658211482751794,3.4222697812104403,0.513992352161821,3.186646652398159,1.9582168479609061,0.6145070544571424,6.5820390254177195,3.0220429935620956,0.4591347729619859,
20,test,9.79460334777832,78.8125,82.1875,1.0732421875,2.724609375,2.947265625,54,10,5.13671875,6.4375,5.130246031895657,5.130301882310734,5.132167125229039,5.144936915584103,5.12346711364789,5.130768552606584,5.293067557950252,5.257430447718866,0.2021484375,3.427734375,3.431640625,4.4296875,0.23908521489091966,0.1860782964682227,0.2886267786565331,0.2687898389489627,6.658211482751794,3.1566071880455526,0.47409235891992846,3.186646652398159,1.7811977154194238,0.5589567685764459,6.59401442108656,2.8292954560081327,0.4290702560431953,48,10,4.8125,6.41015625,4.8131746492872685,4.813243772709999,4.814830309995434,4.830851038081145,4.784544162037873,4.793290455781828,4.934902054402093,4.945720138781041,0.2489013671875,3.46875,3.46484375,0.28168243985198316,0.23515614523504805,0.35187038465704457,0.361984566305122,6.658211482751794,3.4821621716710496,0.5229876192265217,3.186646652398159,1.947571399569414,0.6111664115956313,6.59401442108656,3.105150803926482,0.47090446056604407,
21,test,8.930082321166992,80.5625,82.0625,1.0546875,2.7421875,2.943359375,57,10,4.9453125,6.4296875,4.945021491945725,4.945083645722726,4.946575341839806,4.960866618219325,4.921637552837125,4.929332859189538,5.060975379503011,5.06628537239115,0.230712890625,3.396484375,3.369140625,4.046875,0.2573040427279639,0.18059873059045434,0.29039364597451117,0.2558713417066469,6.658211482751794,3.1144717784879523,0.4677640213976445,3.186646652398159,1.7603270306586163,0.5524073493789641,6.60071928418938,2.825383102288117,0.4280416997971299,52,10,4.6015625,6.421875,4.598349071794573,4.598420270297592,4.59959462964171,4.61692584104616,4.540180337003875,4.5489748078381025,4.6532725130555175,4.709377109858978,0.283447265625,3.40234375,3.380859375,0.28902181568540913,0.2341824962316747,0.3468090731151722,0.34873264824798594,6.658211482751794,3.3915663499794,0.5093809889886058,3.186646652398159,1.8972064528615329,0.5953614127357866,6.60071928418938,3.056372687640616,0.46303630802199197,
22,test,10.656001091003418,78.0,80.6875,1.0361328125,2.720703125,2.91015625,59,10,5.078125,6.40234375,5.08270556528071,5.082761592764511,5.084512422911311,5.0970435387848,5.003605327469519,5.0113010362186685,5.169679140501939,5.1464789496095955,0.2069091796875,3.439453125,3.470703125,4.8515625,0.21716073829288288,0.166713000000905,0.2704133837227381,0.21433673402939984,6.658211482751794,3.1431079072286883,0.4720648954108714,3.186646652398159,1.7857614367749228,0.560388907703658,6.5782453015257465,2.7521959958946676,0.41837843828297616,55,10,4.7890625,6.43359375,4.784914718745394,4.7849758409535506,4.78636088303544,4.801233983323885,4.729333055632785,4.737827370214558,4.872711670326592,4.890330608388967,0.255859375,3.48046875,3.517578125,0.25874373693032643,0.1790077777960926,0.3139023851285967,0.28798458460754744,6.658211482751794,3.464272829159376,0.5203008102301394,3.186646652398159,1.9607118634404426,0.6152900140230104,6.5782453015257465,2.999543000453179,0.45597919550939675,
23,test,8.947606086730957,79.5625,82.9375,1.017578125,2.751953125,2.970703125,57,10,5.0078125,6.4453125,5.007818615072333,5.007879279879176,5.009493038739612,5.02337359573518,4.932054820667808,4.93954314924894,5.069603519234334,5.074373478047709,0.2232666015625,3.431640625,3.34375,4.53125,0.23965951934115315,0.19398055284650695,0.2589429891817867,0.21640044197875416,6.658211482751794,3.1888314386445256,0.47893213468890944,3.186646652398159,1.7199427108264258,0.5397343660716374,6.604395261495276,2.871071456321964,0.4347213246095049,49,10,4.66015625,6.40625,4.663092873920857,4.66316470572935,4.664461014883518,4.681306072627301,4.599103323866437,4.6081213063061135,4.725683906835534,4.769227869219069,0.27294921875,3.47265625,3.353515625,0.28323884700104646,0.27293618803367553,0.305118989160077,0.3160896718184605,6.658211482751794,3.489260251380072,0.5240536832479801,3.186646652398159,1.877336545509026,0.5891260469987183,6.604395261495276,3.125589239956529,0.4732589610708545,
24,test,10.994129180908203,78.125,81.0625,1.0,2.73828125,2.95703125,62,10,5.13671875,6.43359375,5.138515219460687,5.1385715333319215,5.140334217788432,5.152667592576592,5.055585430488223,5.062934695377875,5.213568455146889,5.192474166247853,0.2015380859375,3.408203125,3.37109375,4.47265625,0.23291890155353306,0.15309622010527268,0.2466820949012825,0.2070245778438403,6.658211482751794,3.143036052040748,0.4720541034454725,3.186646652398159,1.70686981151015,0.5356319660435584,6.576855843743391,2.748936134704291,0.4179711704217104,57,10,4.84765625,6.4453125,4.852442949768245,4.8525066014465015,4.853911872088948,4.868665473479272,4.79573748826303,4.8037507084689395,4.933227042096769,4.9488280926951855,0.2476806640625,3.42578125,3.384765625,0.2582560814117788,0.2155775506326592,0.2905575745840209,0.27676391322193195,6.658211482751794,3.45481747293028,0.5188807057090393,3.186646652398159,1.8677001603601324,0.5861020577711578,6.576855843743391,3.018976575241169,0.4590303705855348,
